Sim_N                         Day       AVG_SF_per_Day      
3524818768067082393           1         4.56                
3524818768067082393           2         1.89                
3524818768067082393           3         1.19                
3524818768067082393           4         1.29                
3524818768067082393           5         1.01                
3524818768067082393           6         0.77                
3524818768067082393           7         1.14                
3524818768067082393           8         1.15                
3524818768067082393           9         1.32                
3524818768067082393           10        1.35                
3524818768067082393           11        1.09                
3524818768067082393           12        1.27                
3524818768067082393           13        0.74                
3524818768067082393           14        2.39                
3524818768067082393           15        1.15                
