Sim_N                         Day       AVG_SF_per_Day      
5170767701329935889           1         4.28                
5170767701329935889           2         1.22                
5170767701329935889           3         1.30                
5170767701329935889           4         0.86                
5170767701329935889           5         1.00                
5170767701329935889           6         0.62                
5170767701329935889           7         1.22                
5170767701329935889           8         0.87                
5170767701329935889           9         0.82                
5170767701329935889           10        0.62                
5170767701329935889           11        1.23                
5170767701329935889           12        1.26                
5170767701329935889           13        1.29                
5170767701329935889           14        0.92                
5170767701329935889           15        0.19                
