Sim_N                         Day       AVG_SF_per_Day      
8309940638683183885           1         3.25                
8309940638683183885           2         1.05                
8309940638683183885           3         1.23                
8309940638683183885           4         0.89                
8309940638683183885           5         0.60                
8309940638683183885           6         0.98                
8309940638683183885           7         1.06                
8309940638683183885           8         0.72                
8309940638683183885           9         1.13                
8309940638683183885           10        1.28                
8309940638683183885           11        0.95                
8309940638683183885           12        0.96                
8309940638683183885           13        0.78                
8309940638683183885           14        1.40                
8309940638683183885           15        0.87                
