Sim_N                         Day       AVG_SF_per_Day      
1517066439494992362           1         4.93                
1517066439494992362           2         3.49                
1517066439494992362           3         1.96                
1517066439494992362           4         1.44                
1517066439494992362           5         1.64                
1517066439494992362           6         1.31                
1517066439494992362           7         1.02                
1517066439494992362           8         1.74                
1517066439494992362           9         1.25                
1517066439494992362           10        1.53                
1517066439494992362           11        1.21                
1517066439494992362           12        1.31                
1517066439494992362           13        0.98                
1517066439494992362           14        1.24                
1517066439494992362           15        0.51                
