Sim_N                         Day       AVG_SF_per_Day      
292085482585612373            1         4.22                
292085482585612373            2         2.04                
292085482585612373            3         1.04                
292085482585612373            4         1.36                
292085482585612373            5         0.98                
292085482585612373            6         1.27                
292085482585612373            7         1.25                
292085482585612373            8         1.45                
292085482585612373            9         1.61                
292085482585612373            10        1.22                
292085482585612373            11        1.66                
292085482585612373            12        0.95                
292085482585612373            13        1.13                
292085482585612373            14        0.85                
292085482585612373            15        1.11                
