Sim_N                         Day       AVG_SF_per_Day      
2034913227595668676           1         4.09                
2034913227595668676           2         1.42                
2034913227595668676           3         0.45                
2034913227595668676           4         1.22                
2034913227595668676           5         1.46                
2034913227595668676           6         1.02                
2034913227595668676           7         0.97                
2034913227595668676           8         1.15                
2034913227595668676           9         1.02                
2034913227595668676           10        1.42                
2034913227595668676           11        0.92                
2034913227595668676           12        0.83                
2034913227595668676           13        0.83                
2034913227595668676           14        1.41                
2034913227595668676           15        0.57                
