Sim_N                         Day       AVG_SF_per_Day      
1675213296420993947           1         3.12                
1675213296420993947           2         1.04                
1675213296420993947           3         0.85                
1675213296420993947           4         2.15                
1675213296420993947           5         0.91                
1675213296420993947           6         1.02                
1675213296420993947           7         1.00                
1675213296420993947           8         1.31                
1675213296420993947           9         0.85                
1675213296420993947           10        0.95                
1675213296420993947           11        0.80                
1675213296420993947           12        1.29                
1675213296420993947           13        1.89                
1675213296420993947           14        0.69                
1675213296420993947           15        0.44                
