Sim_N                         Day       AVG_SF_per_Day      
3630783267165873131           1         3.30                
3630783267165873131           2         1.07                
3630783267165873131           3         1.34                
3630783267165873131           4         1.21                
3630783267165873131           5         0.83                
3630783267165873131           6         1.54                
3630783267165873131           7         1.20                
3630783267165873131           8         0.91                
3630783267165873131           9         2.47                
3630783267165873131           10        1.86                
3630783267165873131           11        0.98                
3630783267165873131           12        0.79                
3630783267165873131           13        1.25                
3630783267165873131           14        1.63                
3630783267165873131           15        0.67                
