Sim_N                         Day       AVG_SF_per_Day      
323003763551090922            1         3.87                
323003763551090922            2         1.70                
323003763551090922            3         1.11                
323003763551090922            4         0.95                
323003763551090922            5         1.19                
323003763551090922            6         0.85                
323003763551090922            7         2.12                
323003763551090922            8         0.95                
323003763551090922            9         1.05                
323003763551090922            10        1.21                
323003763551090922            11        1.23                
323003763551090922            12        1.26                
323003763551090922            13        2.24                
323003763551090922            14        1.12                
323003763551090922            15        1.53                
