Sim_N                         Day       AVG_SF_per_Day      
7370060232633269252           1         4.97                
7370060232633269252           2         1.88                
7370060232633269252           3         1.05                
7370060232633269252           4         1.08                
7370060232633269252           5         1.88                
7370060232633269252           6         1.24                
7370060232633269252           7         1.30                
7370060232633269252           8         1.04                
7370060232633269252           9         0.77                
7370060232633269252           10        1.52                
7370060232633269252           11        1.56                
7370060232633269252           12        0.96                
7370060232633269252           13        0.61                
7370060232633269252           14        1.27                
7370060232633269252           15        0.89                
