Sim_N                         Day       AVG_SF_per_Day      
1025014838539257279           1         3.64                
1025014838539257279           2         1.10                
1025014838539257279           3         0.55                
1025014838539257279           4         0.84                
1025014838539257279           5         1.09                
1025014838539257279           6         1.17                
1025014838539257279           7         1.22                
1025014838539257279           8         0.88                
1025014838539257279           9         0.76                
1025014838539257279           10        0.74                
1025014838539257279           11        1.36                
1025014838539257279           12        2.79                
1025014838539257279           13        0.88                
1025014838539257279           14        0.79                
1025014838539257279           15        0.52                
