Sim_N                         Day       AVG_SF_per_Day      
2955939946554452784           1         4.13                
2955939946554452784           2         1.15                
2955939946554452784           3         0.73                
2955939946554452784           4         0.62                
2955939946554452784           5         1.65                
2955939946554452784           6         0.96                
2955939946554452784           7         0.73                
2955939946554452784           8         1.53                
2955939946554452784           9         1.18                
2955939946554452784           10        1.34                
2955939946554452784           11        1.38                
2955939946554452784           12        1.53                
2955939946554452784           13        1.49                
2955939946554452784           14        1.31                
2955939946554452784           15        0.76                
