Sim_N                         Day       AVG_SF_per_Day      
5560002715195319424           1         4.38                
5560002715195319424           2         1.86                
5560002715195319424           3         0.74                
5560002715195319424           4         1.02                
5560002715195319424           5         1.01                
5560002715195319424           6         1.33                
5560002715195319424           7         1.61                
5560002715195319424           8         0.89                
5560002715195319424           9         1.21                
5560002715195319424           10        1.28                
5560002715195319424           11        1.14                
5560002715195319424           12        1.37                
5560002715195319424           13        1.27                
5560002715195319424           14        1.37                
5560002715195319424           15        0.37                
