Sim_N                         Day       AVG_SF_per_Day      
8940845900101749710           1         3.48                
8940845900101749710           2         1.18                
8940845900101749710           3         0.78                
8940845900101749710           4         1.39                
8940845900101749710           5         1.10                
8940845900101749710           6         0.75                
8940845900101749710           7         1.08                
8940845900101749710           8         1.08                
8940845900101749710           9         0.72                
8940845900101749710           10        0.94                
8940845900101749710           11        1.02                
8940845900101749710           12        0.94                
8940845900101749710           13        1.14                
8940845900101749710           14        1.36                
8940845900101749710           15        0.72                
