Sim_N                         Day       AVG_SF_per_Day      
8157844125276475995           1         4.03                
8157844125276475995           2         1.22                
8157844125276475995           3         0.69                
8157844125276475995           4         0.78                
8157844125276475995           5         1.08                
8157844125276475995           6         1.27                
8157844125276475995           7         1.09                
8157844125276475995           8         0.88                
8157844125276475995           9         1.51                
8157844125276475995           10        0.87                
8157844125276475995           11        1.45                
8157844125276475995           12        0.76                
8157844125276475995           13        1.04                
8157844125276475995           14        0.67                
8157844125276475995           15        0.38                
