Sim_N                         Day       AVG_SF_per_Day      
5016931977450801016           1         2.39                
5016931977450801016           2         1.06                
5016931977450801016           3         0.86                
5016931977450801016           4         1.22                
5016931977450801016           5         1.34                
5016931977450801016           6         1.00                
5016931977450801016           7         1.20                
5016931977450801016           8         1.24                
5016931977450801016           9         1.37                
5016931977450801016           10        1.28                
5016931977450801016           11        0.89                
5016931977450801016           12        0.63                
5016931977450801016           13        1.42                
5016931977450801016           14        2.69                
5016931977450801016           15        0.81                
