Sim_N                         Day       AVG_SF_per_Day      
105738498652911494            1         4.00                
105738498652911494            2         3.54                
105738498652911494            3         1.41                
105738498652911494            4         1.30                
105738498652911494            5         0.54                
105738498652911494            6         1.54                
105738498652911494            7         1.07                
105738498652911494            8         1.06                
105738498652911494            9         0.63                
105738498652911494            10        1.41                
105738498652911494            11        0.91                
105738498652911494            12        1.12                
105738498652911494            13        0.79                
105738498652911494            14        1.02                
105738498652911494            15        0.54                
