Sim_N                         Day       Time      New_Patients        Waiting        Assigned  Discharged     Beds_Avail_EOH 
3911131229818608515           1         0:00      3                   0              2         1              10             
3911131229818608515           1         1:00      0                   0              2         0              10             
3911131229818608515           1         2:00      1                   0              1         2              11             
3911131229818608515           1         3:00      2                   0              3         0              9              
3911131229818608515           1         4:00      2                   0              3         2              9              
3911131229818608515           1         5:00      2                   0              4         1              8              
3911131229818608515           1         6:00      1                   0              4         1              8              
3911131229818608515           1         7:00      1                   0              5         0              7              
3911131229818608515           1         8:00      2                   0              6         1              6              
3911131229818608515           1         9:00      4                   0              10        0              2              
3911131229818608515           1         10:00     4                   0              8         5              4              
3911131229818608515           1         11:00     3                   0              10        1              2              
3911131229818608515           1         12:00     2                   0              10        2              2              
3911131229818608515           1         13:00     4                   1              12        1              0              
3911131229818608515           1         14:00     0                   0              11        2              1              
3911131229818608515           1         15:00     5                   4              12        0              0              
3911131229818608515           1         16:00     4                   3              12        5              0              
3911131229818608515           1         17:00     3                   6              12        0              0              
3911131229818608515           1         18:00     2                   3              12        5              0              
3911131229818608515           1         19:00     0                   0              12        3              0              
3911131229818608515           1         20:00     5                   3              12        2              0              
3911131229818608515           1         21:00     5                   5              12        2              0              
3911131229818608515           1         22:00     2                   4              12        3              0              
3911131229818608515           1         23:00     2                   3              12        3              0              
3911131229818608515           2         0:00      0                   2              12        1              0              
3911131229818608515           2         1:00      0                   2              12        0              0              
3911131229818608515           2         2:00      4                   1              12        4              0              
3911131229818608515           2         3:00      4                   1              12        4              0              
3911131229818608515           2         4:00      5                   2              12        4              0              
3911131229818608515           2         5:00      3                   3              12        2              0              
3911131229818608515           2         6:00      4                   0              12        6              0              
3911131229818608515           2         7:00      5                   3              12        2              0              
3911131229818608515           2         8:00      1                   3              12        1              0              
3911131229818608515           2         9:00      5                   6              12        2              0              
3911131229818608515           2         10:00     5                   8              12        3              0              
3911131229818608515           2         11:00     5                   12             12        1              0              
3911131229818608515           2         12:00     2                   14             12        0              0              
3911131229818608515           2         13:00     3                   16             12        1              0              
3911131229818608515           2         14:00     2                   16             12        2              0              
3911131229818608515           2         15:00     1                   14             12        3              0              
3911131229818608515           2         16:00     1                   12             12        3              0              
3911131229818608515           2         17:00     2                   9              12        5              0              
3911131229818608515           2         18:00     3                   8              12        3              0              
3911131229818608515           2         19:00     1                   0              11        10             1              
3911131229818608515           2         20:00     3                   0              10        4              2              
3911131229818608515           2         21:00     4                   1              12        1              0              
3911131229818608515           2         22:00     1                   0              12        2              0              
3911131229818608515           2         23:00     1                   0              11        2              1              
3911131229818608515           3         0:00      4                   0              12        3              0              
3911131229818608515           3         1:00      5                   2              12        3              0              
3911131229818608515           3         2:00      5                   4              12        2              0              
3911131229818608515           3         3:00      5                   9              12        0              0              
3911131229818608515           3         4:00      4                   12             12        1              0              
3911131229818608515           3         5:00      2                   13             12        1              0              
3911131229818608515           3         6:00      3                   10             12        5              0              
3911131229818608515           3         7:00      2                   10             12        2              0              
3911131229818608515           3         8:00      2                   8              12        4              0              
3911131229818608515           3         9:00      1                   3              12        6              0              
3911131229818608515           3         10:00     0                   1              12        2              0              
3911131229818608515           3         11:00     3                   1              12        3              0              
3911131229818608515           3         12:00     2                   0              12        3              0              
3911131229818608515           3         13:00     1                   0              10        3              2              
3911131229818608515           3         14:00     5                   2              12        1              0              
3911131229818608515           3         15:00     5                   4              12        3              0              
3911131229818608515           3         16:00     4                   6              12        2              0              
3911131229818608515           3         17:00     0                   5              12        1              0              
3911131229818608515           3         18:00     1                   5              12        1              0              
3911131229818608515           3         19:00     2                   2              12        5              0              
3911131229818608515           3         20:00     5                   3              12        3              0              
3911131229818608515           3         21:00     5                   4              12        4              0              
3911131229818608515           3         22:00     4                   4              12        4              0              
3911131229818608515           3         23:00     2                   4              12        2              0              
3911131229818608515           4         0:00      0                   1              12        3              0              
3911131229818608515           4         1:00      0                   0              9         4              3              
3911131229818608515           4         2:00      3                   0              10        2              2              
3911131229818608515           4         3:00      4                   1              12        1              0              
3911131229818608515           4         4:00      5                   0              11        7              1              
3911131229818608515           4         5:00      1                   0              7         5              5              
3911131229818608515           4         6:00      5                   0              12        0              0              
3911131229818608515           4         7:00      0                   0              10        2              2              
3911131229818608515           4         8:00      4                   0              12        2              0              
3911131229818608515           4         9:00      4                   3              12        1              0              
3911131229818608515           4         10:00     0                   1              12        2              0              
3911131229818608515           4         11:00     4                   2              12        3              0              
3911131229818608515           4         12:00     1                   1              12        2              0              
3911131229818608515           4         13:00     5                   3              12        3              0              
3911131229818608515           4         14:00     0                   1              12        2              0              
3911131229818608515           4         15:00     1                   0              12        2              0              
3911131229818608515           4         16:00     2                   0              12        2              0              
3911131229818608515           4         17:00     0                   0              9         3              3              
3911131229818608515           4         18:00     2                   0              5         6              7              
3911131229818608515           4         19:00     0                   0              5         0              7              
3911131229818608515           4         20:00     4                   0              7         2              5              
3911131229818608515           4         21:00     5                   0              9         3              3              
3911131229818608515           4         22:00     5                   2              12        0              0              
3911131229818608515           4         23:00     4                   3              12        2              0              
3911131229818608515           5         0:00      1                   2              12        2              0              
3911131229818608515           5         1:00      4                   4              12        2              0              
3911131229818608515           5         2:00      5                   8              12        1              0              
3911131229818608515           5         3:00      1                   5              12        4              0              
3911131229818608515           5         4:00      2                   4              12        3              0              
3911131229818608515           5         5:00      4                   3              12        5              0              
3911131229818608515           5         6:00      3                   2              12        4              0              
3911131229818608515           5         7:00      2                   3              12        1              0              
3911131229818608515           5         8:00      1                   0              12        4              0              
3911131229818608515           5         9:00      2                   0              11        3              1              
3911131229818608515           5         10:00     5                   2              12        2              0              
3911131229818608515           5         11:00     5                   3              12        3              0              
3911131229818608515           5         12:00     1                   2              12        2              0              
3911131229818608515           5         13:00     3                   5              12        0              0              
3911131229818608515           5         14:00     2                   4              12        2              0              
3911131229818608515           5         15:00     4                   6              12        2              0              
3911131229818608515           5         16:00     2                   8              12        0              0              
3911131229818608515           5         17:00     4                   10             12        1              0              
3911131229818608515           5         18:00     4                   10             12        4              0              
3911131229818608515           5         19:00     4                   12             12        1              0              
3911131229818608515           5         20:00     5                   16             12        1              0              
3911131229818608515           5         21:00     3                   16             12        3              0              
3911131229818608515           5         22:00     5                   18             12        3              0              
3911131229818608515           5         23:00     1                   14             12        4              0              
3911131229818608515           6         0:00      5                   17             12        2              0              
3911131229818608515           6         1:00      3                   19             12        1              0              
3911131229818608515           6         2:00      5                   21             12        1              0              
3911131229818608515           6         3:00      4                   23             12        1              0              
3911131229818608515           6         4:00      0                   17             12        4              0              
3911131229818608515           6         5:00      2                   13             12        2              0              
3911131229818608515           6         6:00      1                   10             12        4              0              
3911131229818608515           6         7:00      4                   12             12        2              0              
3911131229818608515           6         8:00      1                   5              12        4              0              
3911131229818608515           6         9:00      5                   10             12        0              0              
3911131229818608515           6         10:00     3                   8              12        5              0              
3911131229818608515           6         11:00     5                   11             12        1              0              
3911131229818608515           6         12:00     1                   8              12        2              0              
3911131229818608515           6         13:00     0                   2              12        3              0              
3911131229818608515           6         14:00     3                   3              12        2              0              
3911131229818608515           6         15:00     2                   2              12        3              0              
3911131229818608515           6         16:00     5                   6              12        1              0              
3911131229818608515           6         17:00     0                   2              12        4              0              
3911131229818608515           6         18:00     5                   4              12        2              0              
3911131229818608515           6         19:00     4                   7              12        1              0              
3911131229818608515           6         20:00     4                   4              12        7              0              
3911131229818608515           6         21:00     2                   5              12        0              0              
3911131229818608515           6         22:00     1                   3              12        3              0              
3911131229818608515           6         23:00     4                   5              12        1              0              
3911131229818608515           7         0:00      2                   4              12        3              0              
3911131229818608515           7         1:00      3                   4              12        3              0              
3911131229818608515           7         2:00      2                   4              12        2              0              
3911131229818608515           7         3:00      5                   8              12        0              0              
3911131229818608515           7         4:00      4                   12             12        0              0              
3911131229818608515           7         5:00      1                   12             12        1              0              
3911131229818608515           7         6:00      3                   14             12        0              0              
3911131229818608515           7         7:00      1                   11             12        4              0              
3911131229818608515           7         8:00      2                   9              12        4              0              
3911131229818608515           7         9:00      1                   6              12        3              0              
3911131229818608515           7         10:00     2                   3              12        5              0              
3911131229818608515           7         11:00     2                   1              12        4              0              
3911131229818608515           7         12:00     4                   2              12        3              0              
3911131229818608515           7         13:00     5                   5              12        2              0              
3911131229818608515           7         14:00     3                   4              12        3              0              
3911131229818608515           7         15:00     3                   6              12        1              0              
3911131229818608515           7         16:00     1                   6              12        1              0              
3911131229818608515           7         17:00     1                   4              12        3              0              
3911131229818608515           7         18:00     0                   3              12        1              0              
3911131229818608515           7         19:00     5                   2              12        6              0              
3911131229818608515           7         20:00     4                   5              12        1              0              
3911131229818608515           7         21:00     2                   2              12        5              0              
3911131229818608515           7         22:00     2                   3              12        1              0              
3911131229818608515           7         23:00     1                   2              12        2              0              
3911131229818608515           8         0:00      5                   4              12        1              0              
3911131229818608515           8         1:00      0                   2              12        2              0              
3911131229818608515           8         2:00      3                   4              12        1              0              
3911131229818608515           8         3:00      1                   2              12        3              0              
3911131229818608515           8         4:00      5                   5              12        2              0              
3911131229818608515           8         5:00      5                   9              12        1              0              
3911131229818608515           8         6:00      2                   7              12        4              0              
3911131229818608515           8         7:00      4                   11             12        0              0              
3911131229818608515           8         8:00      0                   9              12        1              0              
3911131229818608515           8         9:00      4                   10             12        3              0              
3911131229818608515           8         10:00     3                   11             12        1              0              
3911131229818608515           8         11:00     5                   14             12        1              0              
3911131229818608515           8         12:00     1                   12             12        3              0              
3911131229818608515           8         13:00     3                   10             12        5              0              
3911131229818608515           8         14:00     4                   10             12        3              0              
3911131229818608515           8         15:00     0                   8              12        2              0              
3911131229818608515           8         16:00     5                   12             12        1              0              
3911131229818608515           8         17:00     5                   9              12        3              0              
3911131229818608515           8         18:00     4                   12             12        1              0              
3911131229818608515           8         19:00     3                   12             12        1              0              
3911131229818608515           8         20:00     2                   13             12        1              0              
3911131229818608515           8         21:00     1                   8              12        5              0              
3911131229818608515           8         22:00     2                   8              12        2              0              
3911131229818608515           8         23:00     2                   9              12        1              0              
3911131229818608515           9         0:00      2                   8              12        3              0              
3911131229818608515           9         1:00      0                   4              12        4              0              
3911131229818608515           9         2:00      5                   4              12        4              0              
3911131229818608515           9         3:00      2                   4              12        2              0              
3911131229818608515           9         4:00      5                   5              12        2              0              
3911131229818608515           9         5:00      1                   3              12        3              0              
3911131229818608515           9         6:00      2                   0              11        6              1              
3911131229818608515           9         7:00      3                   0              10        3              2              
3911131229818608515           9         8:00      4                   1              12        1              0              
3911131229818608515           9         9:00      1                   0              9         5              3              
3911131229818608515           9         10:00     1                   0              8         2              4              
3911131229818608515           9         11:00     2                   0              10        0              2              
3911131229818608515           9         12:00     4                   0              10        4              2              
3911131229818608515           9         13:00     2                   0              12        0              0              
3911131229818608515           9         14:00     1                   0              12        1              0              
3911131229818608515           9         15:00     2                   0              11        3              1              
3911131229818608515           9         16:00     0                   0              8         3              4              
3911131229818608515           9         17:00     2                   0              7         2              5              
3911131229818608515           9         18:00     4                   0              10        1              2              
3911131229818608515           9         19:00     0                   0              10        0              2              
3911131229818608515           9         20:00     3                   0              10        3              2              
3911131229818608515           9         21:00     0                   0              8         2              4              
3911131229818608515           9         22:00     4                   0              11        1              1              
3911131229818608515           9         23:00     0                   0              10        1              2              
3911131229818608515           10        0:00      4                   0              9         5              3              
3911131229818608515           10        1:00      5                   0              11        3              1              
3911131229818608515           10        2:00      2                   0              10        3              2              
3911131229818608515           10        3:00      3                   0              8         4              4              
3911131229818608515           10        4:00      5                   0              11        2              1              
3911131229818608515           10        5:00      0                   0              8         3              4              
3911131229818608515           10        6:00      0                   0              7         1              5              
3911131229818608515           10        7:00      3                   0              9         1              3              
3911131229818608515           10        8:00      2                   0              9         2              3              
3911131229818608515           10        9:00      2                   0              8         3              4              
3911131229818608515           10        10:00     1                   0              8         1              4              
3911131229818608515           10        11:00     2                   0              9         1              3              
3911131229818608515           10        12:00     1                   0              8         2              4              
3911131229818608515           10        13:00     4                   0              7         4              5              
3911131229818608515           10        14:00     3                   0              6         4              6              
3911131229818608515           10        15:00     0                   0              3         3              9              
3911131229818608515           10        16:00     3                   0              4         2              8              
3911131229818608515           10        17:00     3                   0              5         2              7              
3911131229818608515           10        18:00     5                   0              8         2              4              
3911131229818608515           10        19:00     4                   0              10        2              2              
3911131229818608515           10        20:00     5                   2              12        1              0              
3911131229818608515           10        21:00     4                   5              12        1              0              
3911131229818608515           10        22:00     5                   6              12        4              0              
3911131229818608515           10        23:00     0                   4              12        2              0              
3911131229818608515           11        0:00      5                   8              12        1              0              
3911131229818608515           11        1:00      2                   10             12        0              0              
3911131229818608515           11        2:00      2                   11             12        1              0              
3911131229818608515           11        3:00      5                   9              12        6              0              
3911131229818608515           11        4:00      1                   10             12        0              0              
3911131229818608515           11        5:00      0                   9              12        1              0              
3911131229818608515           11        6:00      0                   5              12        4              0              
3911131229818608515           11        7:00      1                   6              12        0              0              
3911131229818608515           11        8:00      4                   9              12        1              0              
3911131229818608515           11        9:00      5                   9              12        3              0              
3911131229818608515           11        10:00     3                   8              12        2              0              
3911131229818608515           11        11:00     1                   6              12        3              0              
3911131229818608515           11        12:00     4                   4              12        4              0              
3911131229818608515           11        13:00     0                   2              12        2              0              
3911131229818608515           11        14:00     0                   1              12        1              0              
3911131229818608515           11        15:00     3                   4              12        0              0              
3911131229818608515           11        16:00     0                   1              12        3              0              
3911131229818608515           11        17:00     3                   2              12        2              0              
3911131229818608515           11        18:00     3                   2              12        3              0              
3911131229818608515           11        19:00     4                   2              12        3              0              
3911131229818608515           11        20:00     1                   0              11        4              1              
3911131229818608515           11        21:00     1                   0              8         4              4              
3911131229818608515           11        22:00     1                   0              5         4              7              
3911131229818608515           11        23:00     5                   0              8         2              4              
3911131229818608515           12        0:00      3                   0              10        1              2              
3911131229818608515           12        1:00      5                   1              12        2              0              
3911131229818608515           12        2:00      0                   0              9         4              3              
3911131229818608515           12        3:00      5                   0              9         3              3              
3911131229818608515           12        4:00      1                   0              7         3              5              
3911131229818608515           12        5:00      2                   0              6         3              6              
3911131229818608515           12        6:00      5                   0              8         2              4              
3911131229818608515           12        7:00      3                   0              11        0              1              
3911131229818608515           12        8:00      0                   0              10        1              2              
3911131229818608515           12        9:00      1                   0              10        1              2              
3911131229818608515           12        10:00     1                   0              9         2              3              
3911131229818608515           12        11:00     1                   0              9         1              3              
3911131229818608515           12        12:00     3                   0              11        1              1              
3911131229818608515           12        13:00     5                   0              12        3              0              
3911131229818608515           12        14:00     5                   3              12        2              0              
3911131229818608515           12        15:00     3                   4              12        2              0              
3911131229818608515           12        16:00     1                   4              12        1              0              
3911131229818608515           12        17:00     3                   5              12        2              0              
3911131229818608515           12        18:00     1                   4              12        2              0              
3911131229818608515           12        19:00     5                   8              12        1              0              
3911131229818608515           12        20:00     0                   3              12        5              0              
3911131229818608515           12        21:00     0                   3              12        0              0              
3911131229818608515           12        22:00     3                   3              12        3              0              
3911131229818608515           12        23:00     4                   2              12        5              0              
3911131229818608515           13        0:00      1                   0              11        4              1              
3911131229818608515           13        1:00      1                   0              5         7              7              
3911131229818608515           13        2:00      4                   0              8         1              4              
3911131229818608515           13        3:00      4                   0              10        2              2              
3911131229818608515           13        4:00      5                   0              12        3              0              
3911131229818608515           13        5:00      2                   0              12        2              0              
3911131229818608515           13        6:00      1                   0              10        3              2              
3911131229818608515           13        7:00      2                   0              10        2              2              
3911131229818608515           13        8:00      1                   0              11        0              1              
3911131229818608515           13        9:00      3                   2              12        0              0              
3911131229818608515           13        10:00     4                   3              12        3              0              
3911131229818608515           13        11:00     3                   5              12        1              0              
3911131229818608515           13        12:00     0                   2              12        3              0              
3911131229818608515           13        13:00     0                   1              12        1              0              
3911131229818608515           13        14:00     3                   0              11        5              1              
3911131229818608515           13        15:00     1                   0              10        2              2              
3911131229818608515           13        16:00     1                   0              10        1              2              
3911131229818608515           13        17:00     5                   3              12        0              0              
3911131229818608515           13        18:00     4                   3              12        4              0              
3911131229818608515           13        19:00     2                   3              12        2              0              
3911131229818608515           13        20:00     4                   6              12        0              0              
3911131229818608515           13        21:00     0                   5              12        1              0              
3911131229818608515           13        22:00     2                   5              12        2              0              
3911131229818608515           13        23:00     3                   5              12        2              0              
3911131229818608515           14        0:00      5                   5              12        5              0              
3911131229818608515           14        1:00      2                   6              12        1              0              
3911131229818608515           14        2:00      3                   5              12        4              0              
3911131229818608515           14        3:00      0                   3              12        2              0              
3911131229818608515           14        4:00      0                   3              12        0              0              
3911131229818608515           14        5:00      4                   2              12        5              0              
3911131229818608515           14        6:00      4                   1              12        4              0              
3911131229818608515           14        7:00      5                   5              12        1              0              
3911131229818608515           14        8:00      4                   9              12        0              0              
3911131229818608515           14        9:00      1                   8              12        2              0              
3911131229818608515           14        10:00     2                   8              12        2              0              
3911131229818608515           14        11:00     4                   11             12        1              0              
3911131229818608515           14        12:00     0                   11             12        0              0              
3911131229818608515           14        13:00     2                   9              12        4              0              
3911131229818608515           14        14:00     5                   12             12        1              0              
3911131229818608515           14        15:00     4                   13             12        2              0              
3911131229818608515           14        16:00     4                   16             12        1              0              
3911131229818608515           14        17:00     4                   19             12        0              0              
3911131229818608515           14        18:00     0                   18             12        1              0              
3911131229818608515           14        19:00     4                   17             12        3              0              
3911131229818608515           14        20:00     2                   13             12        3              0              
3911131229818608515           14        21:00     0                   8              12        3              0              
3911131229818608515           14        22:00     5                   11             12        1              0              
3911131229818608515           14        23:00     0                   6              12        4              0              
3911131229818608515           15        0:00      0                   4              12        2              0              
3911131229818608515           15        1:00      1                   1              12        4              0              
3911131229818608515           15        2:00      5                   2              12        4              0              
3911131229818608515           15        3:00      1                   2              12        1              0              
3911131229818608515           15        4:00      2                   3              12        1              0              
3911131229818608515           15        5:00      5                   5              12        3              0              
3911131229818608515           15        6:00      5                   7              12        2              0              
3911131229818608515           15        7:00      1                   6              12        2              0              
3911131229818608515           15        8:00      3                   7              12        2              0              
3911131229818608515           15        9:00      0                   5              12        2              0              
3911131229818608515           15        10:00     3                   4              12        4              0              
3911131229818608515           15        11:00     5                   7              12        1              0              
3911131229818608515           15        12:00     1                   6              12        2              0              
3911131229818608515           15        13:00     5                   9              12        2              0              
3911131229818608515           15        14:00     1                   6              12        3              0              
3911131229818608515           15        15:00     4                   8              12        1              0              
3911131229818608515           15        16:00     5                   11             12        1              0              
3911131229818608515           15        17:00     4                   13             12        1              0              
3911131229818608515           15        18:00     1                   12             12        2              0              
3911131229818608515           15        19:00     3                   13             12        1              0              
3911131229818608515           15        20:00     0                   11             12        2              0              
3911131229818608515           15        21:00     2                   11             12        2              0              
3911131229818608515           15        22:00     0                   10             12        1              0              
3911131229818608515           15        23:00     1                   6              12        3              0              
