Sim_N                         Day       Time      New_Patients        Waiting        Assigned  Discharged     Beds_Avail_EOH 
5185471498793123604           1         0:00      1                   0              1         0              11             
5185471498793123604           1         1:00      1                   0              2         0              10             
5185471498793123604           1         2:00      0                   0              2         0              10             
5185471498793123604           1         3:00      4                   0              6         0              6              
5185471498793123604           1         4:00      4                   0              8         2              4              
5185471498793123604           1         5:00      3                   0              11        0              1              
5185471498793123604           1         6:00      1                   0              10        2              2              
5185471498793123604           1         7:00      3                   0              11        2              1              
5185471498793123604           1         8:00      3                   1              12        1              0              
5185471498793123604           1         9:00      0                   0              10        3              2              
5185471498793123604           1         10:00     2                   0              10        2              2              
5185471498793123604           1         11:00     3                   0              9         3              3              
5185471498793123604           1         12:00     3                   0              9         3              3              
5185471498793123604           1         13:00     5                   0              12        2              0              
5185471498793123604           1         14:00     3                   1              12        2              0              
5185471498793123604           1         15:00     3                   2              12        2              0              
5185471498793123604           1         16:00     2                   0              10        6              2              
5185471498793123604           1         17:00     0                   0              9         1              3              
5185471498793123604           1         18:00     4                   0              12        0              0              
5185471498793123604           1         19:00     5                   3              12        2              0              
5185471498793123604           1         20:00     4                   4              12        3              0              
5185471498793123604           1         21:00     0                   1              12        3              0              
5185471498793123604           1         22:00     3                   2              12        2              0              
5185471498793123604           1         23:00     1                   0              12        3              0              
5185471498793123604           2         0:00      3                   0              10        5              2              
5185471498793123604           2         1:00      4                   0              10        3              2              
5185471498793123604           2         2:00      4                   2              12        0              0              
5185471498793123604           2         3:00      4                   1              12        4              0              
5185471498793123604           2         4:00      4                   3              12        1              0              
5185471498793123604           2         5:00      4                   4              12        3              0              
5185471498793123604           2         6:00      4                   7              12        1              0              
5185471498793123604           2         7:00      1                   5              12        3              0              
5185471498793123604           2         8:00      4                   9              12        0              0              
5185471498793123604           2         9:00      4                   10             12        3              0              
5185471498793123604           2         10:00     2                   9              12        3              0              
5185471498793123604           2         11:00     1                   7              12        3              0              
5185471498793123604           2         12:00     1                   7              12        1              0              
5185471498793123604           2         13:00     2                   5              12        4              0              
5185471498793123604           2         14:00     2                   4              12        3              0              
5185471498793123604           2         15:00     4                   5              12        3              0              
5185471498793123604           2         16:00     5                   8              12        1              0              
5185471498793123604           2         17:00     5                   11             12        0              0              
5185471498793123604           2         18:00     4                   13             12        1              0              
5185471498793123604           2         19:00     1                   14             12        0              0              
5185471498793123604           2         20:00     5                   16             12        2              0              
5185471498793123604           2         21:00     3                   14             12        5              0              
5185471498793123604           2         22:00     5                   17             12        2              0              
5185471498793123604           2         23:00     1                   17             12        1              0              
5185471498793123604           3         0:00      1                   17             12        1              0              
5185471498793123604           3         1:00      4                   20             12        1              0              
5185471498793123604           3         2:00      1                   18             12        3              0              
5185471498793123604           3         3:00      3                   14             12        6              0              
5185471498793123604           3         4:00      0                   11             12        1              0              
5185471498793123604           3         5:00      2                   6              12        2              0              
5185471498793123604           3         6:00      2                   5              12        0              0              
5185471498793123604           3         7:00      2                   4              12        1              0              
5185471498793123604           3         8:00      4                   5              12        3              0              
5185471498793123604           3         9:00      2                   3              12        4              0              
5185471498793123604           3         10:00     2                   4              12        1              0              
5185471498793123604           3         11:00     0                   1              12        3              0              
5185471498793123604           3         12:00     5                   4              12        2              0              
5185471498793123604           3         13:00     0                   2              12        2              0              
5185471498793123604           3         14:00     1                   0              11        4              1              
5185471498793123604           3         15:00     3                   0              11        3              1              
5185471498793123604           3         16:00     4                   0              12        3              0              
5185471498793123604           3         17:00     4                   1              12        3              0              
5185471498793123604           3         18:00     1                   1              12        1              0              
5185471498793123604           3         19:00     4                   4              12        1              0              
5185471498793123604           3         20:00     1                   3              12        2              0              
5185471498793123604           3         21:00     2                   2              12        3              0              
5185471498793123604           3         22:00     4                   4              12        2              0              
5185471498793123604           3         23:00     1                   4              12        1              0              
5185471498793123604           4         0:00      3                   6              12        1              0              
5185471498793123604           4         1:00      2                   6              12        2              0              
5185471498793123604           4         2:00      3                   8              12        1              0              
5185471498793123604           4         3:00      4                   12             12        0              0              
5185471498793123604           4         4:00      5                   17             12        0              0              
5185471498793123604           4         5:00      0                   16             12        1              0              
5185471498793123604           4         6:00      0                   13             12        3              0              
5185471498793123604           4         7:00      1                   11             12        2              0              
5185471498793123604           4         8:00      2                   9              12        3              0              
5185471498793123604           4         9:00      3                   10             12        2              0              
5185471498793123604           4         10:00     5                   11             12        4              0              
5185471498793123604           4         11:00     0                   7              12        3              0              
5185471498793123604           4         12:00     4                   8              12        1              0              
5185471498793123604           4         13:00     3                   9              12        2              0              
5185471498793123604           4         14:00     0                   6              12        1              0              
5185471498793123604           4         15:00     4                   5              12        2              0              
5185471498793123604           4         16:00     1                   4              12        2              0              
5185471498793123604           4         17:00     5                   6              12        2              0              
5185471498793123604           4         18:00     1                   2              12        5              0              
5185471498793123604           4         19:00     1                   0              8         6              4              
5185471498793123604           4         20:00     2                   0              10        0              2              
5185471498793123604           4         21:00     5                   1              12        2              0              
5185471498793123604           4         22:00     5                   5              12        1              0              
5185471498793123604           4         23:00     1                   4              12        2              0              
5185471498793123604           5         0:00      2                   6              12        0              0              
5185471498793123604           5         1:00      5                   9              12        2              0              
5185471498793123604           5         2:00      3                   12             12        0              0              
5185471498793123604           5         3:00      1                   12             12        1              0              
5185471498793123604           5         4:00      1                   13             12        0              0              
5185471498793123604           5         5:00      1                   10             12        4              0              
5185471498793123604           5         6:00      0                   9              12        1              0              
5185471498793123604           5         7:00      2                   11             12        0              0              
5185471498793123604           5         8:00      3                   11             12        3              0              
5185471498793123604           5         9:00      2                   10             12        3              0              
5185471498793123604           5         10:00     1                   6              12        3              0              
5185471498793123604           5         11:00     1                   2              12        4              0              
5185471498793123604           5         12:00     4                   0              12        5              0              
5185471498793123604           5         13:00     2                   2              12        0              0              
5185471498793123604           5         14:00     4                   5              12        1              0              
5185471498793123604           5         15:00     0                   5              12        0              0              
5185471498793123604           5         16:00     0                   3              12        2              0              
5185471498793123604           5         17:00     5                   8              12        0              0              
5185471498793123604           5         18:00     3                   8              12        3              0              
5185471498793123604           5         19:00     4                   9              12        3              0              
5185471498793123604           5         20:00     0                   6              12        3              0              
5185471498793123604           5         21:00     2                   4              12        4              0              
5185471498793123604           5         22:00     3                   4              12        3              0              
5185471498793123604           5         23:00     1                   2              12        3              0              
5185471498793123604           6         0:00      3                   1              12        3              0              
5185471498793123604           6         1:00      2                   0              11        4              1              
5185471498793123604           6         2:00      1                   0              9         3              3              
5185471498793123604           6         3:00      1                   0              6         4              6              
5185471498793123604           6         4:00      2                   0              8         0              4              
5185471498793123604           6         5:00      0                   0              7         1              5              
5185471498793123604           6         6:00      0                   0              6         1              6              
5185471498793123604           6         7:00      5                   0              10        1              2              
5185471498793123604           6         8:00      1                   0              11        0              1              
5185471498793123604           6         9:00      2                   0              10        3              2              
5185471498793123604           6         10:00     2                   0              11        1              1              
5185471498793123604           6         11:00     2                   0              11        2              1              
5185471498793123604           6         12:00     0                   0              10        1              2              
5185471498793123604           6         13:00     4                   0              12        2              0              
5185471498793123604           6         14:00     3                   0              12        3              0              
5185471498793123604           6         15:00     2                   0              11        3              1              
5185471498793123604           6         16:00     5                   2              12        2              0              
5185471498793123604           6         17:00     0                   0              12        2              0              
5185471498793123604           6         18:00     1                   0              9         4              3              
5185471498793123604           6         19:00     4                   0              12        1              0              
5185471498793123604           6         20:00     5                   3              12        2              0              
5185471498793123604           6         21:00     3                   4              12        2              0              
5185471498793123604           6         22:00     0                   4              12        0              0              
5185471498793123604           6         23:00     3                   5              12        2              0              
5185471498793123604           7         0:00      2                   6              12        1              0              
5185471498793123604           7         1:00      1                   5              12        2              0              
5185471498793123604           7         2:00      5                   5              12        5              0              
5185471498793123604           7         3:00      2                   6              12        1              0              
5185471498793123604           7         4:00      3                   9              12        0              0              
5185471498793123604           7         5:00      0                   7              12        2              0              
5185471498793123604           7         6:00      3                   7              12        3              0              
5185471498793123604           7         7:00      3                   8              12        2              0              
5185471498793123604           7         8:00      1                   8              12        0              0              
5185471498793123604           7         9:00      4                   3              12        8              0              
5185471498793123604           7         10:00     2                   0              12        4              0              
5185471498793123604           7         11:00     5                   3              12        1              0              
5185471498793123604           7         12:00     1                   2              12        2              0              
5185471498793123604           7         13:00     3                   4              12        1              0              
5185471498793123604           7         14:00     5                   9              12        0              0              
5185471498793123604           7         15:00     4                   12             12        0              0              
5185471498793123604           7         16:00     2                   13             12        1              0              
5185471498793123604           7         17:00     3                   11             12        5              0              
5185471498793123604           7         18:00     4                   12             12        3              0              
5185471498793123604           7         19:00     4                   15             12        1              0              
5185471498793123604           7         20:00     2                   13             12        4              0              
5185471498793123604           7         21:00     5                   13             12        4              0              
5185471498793123604           7         22:00     2                   11             12        4              0              
5185471498793123604           7         23:00     4                   13             12        2              0              
5185471498793123604           8         0:00      3                   14             12        1              0              
5185471498793123604           8         1:00      3                   13             12        2              0              
5185471498793123604           8         2:00      4                   13             12        0              0              
5185471498793123604           8         3:00      5                   12             12        1              0              
5185471498793123604           8         4:00      3                   12             12        3              0              
5185471498793123604           8         5:00      0                   8              12        4              0              
5185471498793123604           8         6:00      5                   12             12        1              0              
5185471498793123604           8         7:00      0                   11             12        1              0              
5185471498793123604           8         8:00      2                   13             12        0              0              
5185471498793123604           8         9:00      1                   12             12        2              0              
5185471498793123604           8         10:00     0                   8              12        4              0              
5185471498793123604           8         11:00     3                   6              12        2              0              
5185471498793123604           8         12:00     1                   0              12        7              0              
5185471498793123604           8         13:00     0                   0              9         3              3              
5185471498793123604           8         14:00     4                   0              12        1              0              
5185471498793123604           8         15:00     0                   0              9         3              3              
5185471498793123604           8         16:00     3                   0              11        1              1              
5185471498793123604           8         17:00     2                   0              9         4              3              
5185471498793123604           8         18:00     1                   0              5         5              7              
5185471498793123604           8         19:00     0                   0              4         1              8              
5185471498793123604           8         20:00     3                   0              6         1              6              
5185471498793123604           8         21:00     2                   0              5         3              7              
5185471498793123604           8         22:00     4                   0              9         0              3              
5185471498793123604           8         23:00     0                   0              6         3              6              
5185471498793123604           9         0:00      4                   0              10        0              2              
5185471498793123604           9         1:00      1                   0              8         3              4              
5185471498793123604           9         2:00      4                   0              10        2              2              
5185471498793123604           9         3:00      2                   0              11        1              1              
5185471498793123604           9         4:00      3                   1              12        1              0              
5185471498793123604           9         5:00      4                   4              12        1              0              
5185471498793123604           9         6:00      3                   4              12        3              0              
5185471498793123604           9         7:00      2                   4              12        2              0              
5185471498793123604           9         8:00      1                   3              12        2              0              
5185471498793123604           9         9:00      0                   2              12        1              0              
5185471498793123604           9         10:00     1                   0              12        3              0              
5185471498793123604           9         11:00     0                   0              9         3              3              
5185471498793123604           9         12:00     4                   0              12        1              0              
5185471498793123604           9         13:00     0                   0              10        2              2              
5185471498793123604           9         14:00     3                   0              10        3              2              
5185471498793123604           9         15:00     1                   0              10        1              2              
5185471498793123604           9         16:00     0                   0              9         1              3              
5185471498793123604           9         17:00     1                   0              8         2              4              
5185471498793123604           9         18:00     0                   0              6         2              6              
5185471498793123604           9         19:00     3                   0              9         0              3              
5185471498793123604           9         20:00     0                   0              8         1              4              
5185471498793123604           9         21:00     2                   0              9         1              3              
5185471498793123604           9         22:00     2                   0              8         3              4              
5185471498793123604           9         23:00     2                   0              9         1              3              
5185471498793123604           10        0:00      2                   0              9         2              3              
5185471498793123604           10        1:00      4                   0              11        2              1              
5185471498793123604           10        2:00      5                   1              12        3              0              
5185471498793123604           10        3:00      2                   2              12        1              0              
5185471498793123604           10        4:00      2                   4              12        0              0              
5185471498793123604           10        5:00      4                   6              12        2              0              
5185471498793123604           10        6:00      2                   4              12        4              0              
5185471498793123604           10        7:00      1                   4              12        1              0              
5185471498793123604           10        8:00      5                   7              12        2              0              
5185471498793123604           10        9:00      3                   8              12        2              0              
5185471498793123604           10        10:00     1                   8              12        1              0              
5185471498793123604           10        11:00     2                   5              12        5              0              
5185471498793123604           10        12:00     3                   7              12        1              0              
5185471498793123604           10        13:00     4                   10             12        1              0              
5185471498793123604           10        14:00     0                   8              12        2              0              
5185471498793123604           10        15:00     2                   8              12        0              0              
5185471498793123604           10        16:00     1                   7              12        2              0              
5185471498793123604           10        17:00     2                   5              12        2              0              
5185471498793123604           10        18:00     4                   7              12        2              0              
5185471498793123604           10        19:00     0                   5              12        2              0              
5185471498793123604           10        20:00     0                   0              11        6              1              
5185471498793123604           10        21:00     0                   0              11        0              1              
5185471498793123604           10        22:00     4                   0              11        4              1              
5185471498793123604           10        23:00     0                   0              8         3              4              
5185471498793123604           11        0:00      0                   0              7         1              5              
5185471498793123604           11        1:00      5                   0              12        0              0              
5185471498793123604           11        2:00      4                   2              12        2              0              
5185471498793123604           11        3:00      2                   1              12        3              0              
5185471498793123604           11        4:00      2                   0              12        3              0              
5185471498793123604           11        5:00      5                   0              10        6              2              
5185471498793123604           11        6:00      3                   0              10        3              2              
5185471498793123604           11        7:00      1                   0              8         3              4              
5185471498793123604           11        8:00      3                   0              9         2              3              
5185471498793123604           11        9:00      4                   0              9         4              3              
5185471498793123604           11        10:00     0                   0              7         2              5              
5185471498793123604           11        11:00     5                   0              9         3              3              
5185471498793123604           11        12:00     4                   0              10        3              2              
5185471498793123604           11        13:00     3                   0              10        3              2              
5185471498793123604           11        14:00     4                   0              10        4              2              
5185471498793123604           11        15:00     2                   0              11        1              1              
5185471498793123604           11        16:00     5                   0              12        4              0              
5185471498793123604           11        17:00     1                   0              9         4              3              
5185471498793123604           11        18:00     4                   0              12        1              0              
5185471498793123604           11        19:00     0                   0              10        2              2              
5185471498793123604           11        20:00     3                   0              8         5              4              
5185471498793123604           11        21:00     2                   0              8         2              4              
5185471498793123604           11        22:00     1                   0              8         1              4              
5185471498793123604           11        23:00     0                   0              8         0              4              
5185471498793123604           12        0:00      1                   0              7         2              5              
5185471498793123604           12        1:00      1                   0              7         1              5              
5185471498793123604           12        2:00      2                   0              5         4              7              
5185471498793123604           12        3:00      2                   0              7         0              5              
5185471498793123604           12        4:00      0                   0              7         0              5              
5185471498793123604           12        5:00      5                   0              8         3              4              
5185471498793123604           12        6:00      2                   0              8         2              4              
5185471498793123604           12        7:00      1                   0              7         2              5              
5185471498793123604           12        8:00      5                   0              11        1              1              
5185471498793123604           12        9:00      1                   0              8         4              4              
5185471498793123604           12        10:00     0                   0              7         1              5              
5185471498793123604           12        11:00     3                   0              10        0              2              
5185471498793123604           12        12:00     1                   0              9         2              3              
5185471498793123604           12        13:00     4                   0              11        2              1              
5185471498793123604           12        14:00     0                   0              9         2              3              
5185471498793123604           12        15:00     5                   0              10        3              2              
5185471498793123604           12        16:00     5                   1              12        2              0              
5185471498793123604           12        17:00     5                   4              12        2              0              
5185471498793123604           12        18:00     4                   6              12        2              0              
5185471498793123604           12        19:00     4                   6              12        2              0              
5185471498793123604           12        20:00     4                   10             12        0              0              
5185471498793123604           12        21:00     0                   8              12        2              0              
5185471498793123604           12        22:00     0                   6              12        2              0              
5185471498793123604           12        23:00     0                   6              12        0              0              
5185471498793123604           13        0:00      5                   8              12        2              0              
5185471498793123604           13        1:00      2                   8              12        2              0              
5185471498793123604           13        2:00      1                   6              12        3              0              
5185471498793123604           13        3:00      0                   3              12        3              0              
5185471498793123604           13        4:00      2                   0              12        5              0              
5185471498793123604           13        5:00      1                   0              10        3              2              
5185471498793123604           13        6:00      2                   0              9         3              3              
5185471498793123604           13        7:00      0                   0              6         3              6              
5185471498793123604           13        8:00      2                   0              6         2              6              
5185471498793123604           13        9:00      1                   0              6         1              6              
5185471498793123604           13        10:00     3                   0              8         1              4              
5185471498793123604           13        11:00     1                   0              7         2              5              
5185471498793123604           13        12:00     0                   0              7         0              5              
5185471498793123604           13        13:00     1                   0              8         0              4              
5185471498793123604           13        14:00     1                   0              8         1              4              
5185471498793123604           13        15:00     0                   0              8         0              4              
5185471498793123604           13        16:00     5                   0              8         5              4              
5185471498793123604           13        17:00     2                   0              6         4              6              
5185471498793123604           13        18:00     3                   0              7         2              5              
5185471498793123604           13        19:00     0                   0              5         2              7              
5185471498793123604           13        20:00     0                   0              4         1              8              
5185471498793123604           13        21:00     5                   0              8         1              4              
5185471498793123604           13        22:00     4                   0              9         3              3              
5185471498793123604           13        23:00     1                   0              6         4              6              
5185471498793123604           14        0:00      5                   0              8         2              4              
5185471498793123604           14        1:00      4                   0              8         4              4              
5185471498793123604           14        2:00      0                   0              6         2              6              
5185471498793123604           14        3:00      2                   0              5         3              7              
5185471498793123604           14        4:00      4                   0              7         2              5              
5185471498793123604           14        5:00      4                   0              10        1              2              
5185471498793123604           14        6:00      5                   2              12        1              0              
5185471498793123604           14        7:00      2                   2              12        2              0              
5185471498793123604           14        8:00      2                   3              12        1              0              
5185471498793123604           14        9:00      4                   4              12        3              0              
5185471498793123604           14        10:00     5                   8              12        1              0              
5185471498793123604           14        11:00     2                   8              12        2              0              
5185471498793123604           14        12:00     4                   11             12        1              0              
5185471498793123604           14        13:00     2                   13             12        0              0              
5185471498793123604           14        14:00     0                   12             12        1              0              
5185471498793123604           14        15:00     2                   10             12        4              0              
5185471498793123604           14        16:00     0                   9              12        1              0              
5185471498793123604           14        17:00     0                   7              12        2              0              
5185471498793123604           14        18:00     4                   8              12        3              0              
5185471498793123604           14        19:00     5                   12             12        1              0              
5185471498793123604           14        20:00     1                   10             12        2              0              
5185471498793123604           14        21:00     5                   12             12        0              0              
5185471498793123604           14        22:00     5                   14             12        1              0              
5185471498793123604           14        23:00     2                   12             12        3              0              
5185471498793123604           15        0:00      3                   14             12        1              0              
5185471498793123604           15        1:00      3                   14             12        2              0              
5185471498793123604           15        2:00      2                   14             12        2              0              
5185471498793123604           15        3:00      5                   14             12        5              0              
5185471498793123604           15        4:00      0                   11             12        3              0              
5185471498793123604           15        5:00      3                   11             12        3              0              
5185471498793123604           15        6:00      4                   13             12        1              0              
5185471498793123604           15        7:00      1                   8              12        2              0              
5185471498793123604           15        8:00      0                   7              12        1              0              
5185471498793123604           15        9:00      4                   9              12        1              0              
5185471498793123604           15        10:00     1                   4              12        1              0              
5185471498793123604           15        11:00     5                   5              12        4              0              
5185471498793123604           15        12:00     4                   1              12        8              0              
5185471498793123604           15        13:00     4                   2              12        2              0              
5185471498793123604           15        14:00     4                   4              12        2              0              
5185471498793123604           15        15:00     0                   2              12        2              0              
5185471498793123604           15        16:00     1                   1              12        2              0              
5185471498793123604           15        17:00     3                   0              12        4              0              
5185471498793123604           15        18:00     3                   0              12        3              0              
5185471498793123604           15        19:00     4                   2              12        2              0              
5185471498793123604           15        20:00     3                   1              12        3              0              
5185471498793123604           15        21:00     5                   1              12        4              0              
5185471498793123604           15        22:00     1                   0              12        2              0              
5185471498793123604           15        23:00     1                   0              11        2              1              
