Sim_N                         Day       AVG_SF_per_Day      
6868899178050170691           1         3.18                
6868899178050170691           2         2.84                
6868899178050170691           3         3.19                
6868899178050170691           4         3.42                
6868899178050170691           5         4.63                
6868899178050170691           6         2.70                
6868899178050170691           7         2.94                
6868899178050170691           8         3.22                
6868899178050170691           9         3.30                
6868899178050170691           10        3.84                
6868899178050170691           11        2.43                
6868899178050170691           12        3.19                
6868899178050170691           13        2.85                
6868899178050170691           14        3.19                
6868899178050170691           15        4.91                
