Sim_N                         Day       AVG_SF_per_Day      
6779593957528422291           1         3.78                
6779593957528422291           2         2.71                
6779593957528422291           3         3.84                
6779593957528422291           4         3.43                
6779593957528422291           5         3.21                
6779593957528422291           6         3.50                
6779593957528422291           7         2.77                
6779593957528422291           8         2.95                
6779593957528422291           9         2.72                
6779593957528422291           10        3.11                
6779593957528422291           11        4.43                
6779593957528422291           12        3.31                
6779593957528422291           13        4.27                
6779593957528422291           14        2.64                
6779593957528422291           15        3.60                
