Sim_N                         Day       AVG_SF_per_Day      
3276773105365038337           1         3.32                
3276773105365038337           2         2.38                
3276773105365038337           3         3.18                
3276773105365038337           4         4.58                
3276773105365038337           5         3.07                
3276773105365038337           6         2.98                
3276773105365038337           7         3.05                
3276773105365038337           8         3.22                
3276773105365038337           9         3.53                
3276773105365038337           10        3.41                
3276773105365038337           11        2.03                
3276773105365038337           12        2.85                
3276773105365038337           13        3.45                
3276773105365038337           14        2.81                
3276773105365038337           15        4.13                
