Sim_N                         Day       AVG_SF_per_Day      
5775386155317038826           1         3.72                
5775386155317038826           2         2.91                
5775386155317038826           3         2.29                
5775386155317038826           4         2.67                
5775386155317038826           5         4.03                
5775386155317038826           6         3.77                
5775386155317038826           7         3.17                
5775386155317038826           8         3.20                
5775386155317038826           9         2.42                
5775386155317038826           10        3.55                
5775386155317038826           11        1.60                
5775386155317038826           12        3.92                
5775386155317038826           13        2.46                
5775386155317038826           14        3.07                
5775386155317038826           15        4.34                
