Sim_N                         Day       AVG_SF_per_Day      
2899736619273022521           1         3.15                
2899736619273022521           2         2.98                
2899736619273022521           3         2.75                
2899736619273022521           4         3.81                
2899736619273022521           5         3.23                
2899736619273022521           6         3.04                
2899736619273022521           7         2.97                
2899736619273022521           8         4.41                
2899736619273022521           9         3.29                
2899736619273022521           10        2.36                
2899736619273022521           11        4.08                
2899736619273022521           12        2.91                
2899736619273022521           13        3.10                
2899736619273022521           14        3.30                
2899736619273022521           15        4.17                
