Sim_N                         Day       AVG_SF_per_Day      
5753099005287601025           1         3.43                
5753099005287601025           2         3.03                
5753099005287601025           3         2.96                
5753099005287601025           4         2.90                
5753099005287601025           5         3.58                
5753099005287601025           6         3.00                
5753099005287601025           7         4.19                
5753099005287601025           8         3.59                
5753099005287601025           9         3.38                
5753099005287601025           10        2.71                
5753099005287601025           11        2.19                
5753099005287601025           12        2.83                
5753099005287601025           13        2.55                
5753099005287601025           14        3.59                
5753099005287601025           15        3.76                
