Sim_N                         Day       AVG_SF_per_Day      
7354723761829432373           1         3.77                
7354723761829432373           2         2.29                
7354723761829432373           3         4.43                
7354723761829432373           4         4.47                
7354723761829432373           5         3.97                
7354723761829432373           6         3.02                
7354723761829432373           7         3.40                
7354723761829432373           8         2.03                
7354723761829432373           9         3.25                
7354723761829432373           10        3.19                
7354723761829432373           11        2.63                
7354723761829432373           12        2.88                
7354723761829432373           13        3.52                
7354723761829432373           14        3.32                
7354723761829432373           15        2.97                
