Sim_N                         Day       AVG_SF_per_Day      
7335908735744773787           1         3.99                
7335908735744773787           2         2.24                
7335908735744773787           3         2.37                
7335908735744773787           4         2.60                
7335908735744773787           5         4.03                
7335908735744773787           6         3.10                
7335908735744773787           7         2.31                
7335908735744773787           8         2.26                
7335908735744773787           9         2.56                
7335908735744773787           10        2.72                
7335908735744773787           11        2.90                
7335908735744773787           12        3.10                
7335908735744773787           13        2.32                
7335908735744773787           14        2.43                
7335908735744773787           15        4.83                
