Sim_N                         Day       AVG_SF_per_Day      
1517907122436971752           1         3.30                
1517907122436971752           2         2.52                
1517907122436971752           3         3.70                
1517907122436971752           4         3.53                
1517907122436971752           5         3.43                
1517907122436971752           6         3.15                
1517907122436971752           7         2.34                
1517907122436971752           8         3.22                
1517907122436971752           9         2.87                
1517907122436971752           10        3.73                
1517907122436971752           11        2.48                
1517907122436971752           12        3.53                
1517907122436971752           13        2.38                
1517907122436971752           14        3.66                
1517907122436971752           15        3.39                
