Sim_N                         Day       AVG_SF_per_Day      
7496670559743411114           1         4.30                
7496670559743411114           2         2.77                
7496670559743411114           3         2.90                
7496670559743411114           4         3.78                
7496670559743411114           5         3.50                
7496670559743411114           6         2.76                
7496670559743411114           7         3.01                
7496670559743411114           8         2.43                
7496670559743411114           9         2.87                
7496670559743411114           10        2.90                
7496670559743411114           11        2.35                
7496670559743411114           12        3.57                
7496670559743411114           13        3.15                
7496670559743411114           14        3.83                
7496670559743411114           15        4.44                
