Sim_N                         Day       AVG_SF_per_Day      
3347013650326771851           1         3.12                
3347013650326771851           2         2.92                
3347013650326771851           3         2.64                
3347013650326771851           4         3.74                
3347013650326771851           5         2.97                
3347013650326771851           6         3.63                
3347013650326771851           7         3.55                
3347013650326771851           8         2.23                
3347013650326771851           9         3.46                
3347013650326771851           10        2.63                
3347013650326771851           11        3.74                
3347013650326771851           12        3.03                
3347013650326771851           13        3.17                
3347013650326771851           14        3.53                
3347013650326771851           15        4.59                
