Sim_N                         Day       AVG_SF_per_Day      
6862934508060106395           1         3.58                
6862934508060106395           2         3.95                
6862934508060106395           3         3.74                
6862934508060106395           4         3.59                
6862934508060106395           5         2.83                
6862934508060106395           6         2.91                
6862934508060106395           7         3.82                
6862934508060106395           8         2.41                
6862934508060106395           9         3.27                
6862934508060106395           10        2.53                
6862934508060106395           11        2.42                
6862934508060106395           12        3.91                
6862934508060106395           13        3.48                
6862934508060106395           14        3.12                
6862934508060106395           15        4.71                
