Sim_N                         Day       AVG_SF_per_Day      
165413269608383077            1         4.86                
165413269608383077            2         3.44                
165413269608383077            3         2.59                
165413269608383077            4         3.64                
165413269608383077            5         3.38                
165413269608383077            6         2.76                
165413269608383077            7         2.60                
165413269608383077            8         2.93                
165413269608383077            9         2.24                
165413269608383077            10        3.21                
165413269608383077            11        2.71                
165413269608383077            12        3.15                
165413269608383077            13        3.38                
165413269608383077            14        3.57                
165413269608383077            15        4.58                
