Sim_N                         Day       AVG_SF_per_Day      
2030438185228186216           1         3.63                
2030438185228186216           2         3.65                
2030438185228186216           3         3.01                
2030438185228186216           4         2.96                
2030438185228186216           5         2.92                
2030438185228186216           6         3.34                
2030438185228186216           7         3.75                
2030438185228186216           8         3.31                
2030438185228186216           9         4.01                
2030438185228186216           10        3.48                
2030438185228186216           11        2.96                
2030438185228186216           12        2.54                
2030438185228186216           13        2.27                
2030438185228186216           14        2.19                
2030438185228186216           15        3.35                
