Sim_N                         Day       AVG_SF_per_Day      
1414098783644123632           1         3.87                
1414098783644123632           2         3.30                
1414098783644123632           3         3.71                
1414098783644123632           4         3.21                
1414098783644123632           5         3.34                
1414098783644123632           6         3.27                
1414098783644123632           7         2.67                
1414098783644123632           8         3.16                
1414098783644123632           9         3.52                
1414098783644123632           10        2.86                
1414098783644123632           11        3.14                
1414098783644123632           12        2.42                
1414098783644123632           13        3.03                
1414098783644123632           14        3.32                
1414098783644123632           15        4.04                
