Sim_N                         Day       AVG_SF_per_Day      
3442491347231642725           1         3.93                
3442491347231642725           2         2.38                
3442491347231642725           3         4.31                
3442491347231642725           4         3.03                
3442491347231642725           5         3.42                
3442491347231642725           6         2.82                
3442491347231642725           7         2.58                
3442491347231642725           8         2.16                
3442491347231642725           9         4.52                
3442491347231642725           10        3.33                
3442491347231642725           11        3.38                
3442491347231642725           12        3.55                
3442491347231642725           13        2.85                
3442491347231642725           14        3.84                
3442491347231642725           15        4.14                
