Sim_N                         Day       AVG_SF_per_Day      
9098375003609996538           1         3.15                
9098375003609996538           2         2.14                
9098375003609996538           3         3.24                
9098375003609996538           4         3.16                
9098375003609996538           5         4.75                
9098375003609996538           6         2.73                
9098375003609996538           7         3.54                
9098375003609996538           8         2.76                
9098375003609996538           9         4.80                
9098375003609996538           10        3.05                
9098375003609996538           11        3.74                
9098375003609996538           12        3.03                
9098375003609996538           13        2.92                
9098375003609996538           14        2.86                
9098375003609996538           15        3.65                
