Sim_N                         Day       AVG_SF_per_Day      
3300497665085235312           1         3.44                
3300497665085235312           2         2.41                
3300497665085235312           3         3.15                
3300497665085235312           4         2.78                
3300497665085235312           5         3.30                
3300497665085235312           6         3.35                
3300497665085235312           7         4.04                
3300497665085235312           8         2.63                
3300497665085235312           9         2.67                
3300497665085235312           10        2.42                
3300497665085235312           11        3.09                
3300497665085235312           12        2.72                
3300497665085235312           13        3.31                
3300497665085235312           14        3.55                
3300497665085235312           15        4.06                
