Sim_N                         Day       AVG_SF_per_Day      
4292539140561720523           1         3.34                
4292539140561720523           2         3.63                
4292539140561720523           3         3.46                
4292539140561720523           4         2.40                
4292539140561720523           5         2.58                
4292539140561720523           6         2.50                
4292539140561720523           7         3.13                
4292539140561720523           8         2.80                
4292539140561720523           9         3.31                
4292539140561720523           10        3.96                
4292539140561720523           11        2.62                
4292539140561720523           12        3.68                
4292539140561720523           13        2.97                
4292539140561720523           14        3.43                
4292539140561720523           15        3.96                
