Sim_N                         Day       AVG_SF_per_Day      
441175303342260793            1         3.04                
441175303342260793            2         3.05                
441175303342260793            3         2.70                
441175303342260793            4         4.68                
441175303342260793            5         1.80                
441175303342260793            6         3.62                
441175303342260793            7         3.29                
441175303342260793            8         2.52                
441175303342260793            9         2.91                
441175303342260793            10        3.36                
441175303342260793            11        2.88                
441175303342260793            12        2.76                
441175303342260793            13        2.48                
441175303342260793            14        3.32                
441175303342260793            15        4.22                
