Sim_N                         Day       AVG_SF_per_Day      
6452545455831870242           1         3.03                
6452545455831870242           2         3.23                
6452545455831870242           3         2.38                
6452545455831870242           4         2.74                
6452545455831870242           5         2.76                
6452545455831870242           6         3.45                
6452545455831870242           7         3.33                
6452545455831870242           8         2.99                
6452545455831870242           9         2.58                
6452545455831870242           10        2.34                
6452545455831870242           11        2.73                
6452545455831870242           12        2.68                
6452545455831870242           13        2.91                
6452545455831870242           14        2.40                
6452545455831870242           15        4.05                
