Sim_N                         Day       AVG_SF_per_Day      
3952687020191546227           1         3.09                
3952687020191546227           2         3.03                
3952687020191546227           3         2.87                
3952687020191546227           4         2.61                
3952687020191546227           5         2.58                
3952687020191546227           6         2.67                
3952687020191546227           7         3.10                
3952687020191546227           8         2.15                
3952687020191546227           9         3.68                
3952687020191546227           10        4.19                
3952687020191546227           11        2.61                
3952687020191546227           12        2.62                
3952687020191546227           13        3.43                
3952687020191546227           14        3.36                
3952687020191546227           15        3.58                
