Sim_N                         Day       AVG_SF_per_Day      
533765252270842191            1         3.08                
533765252270842191            2         3.35                
533765252270842191            3         2.22                
533765252270842191            4         3.42                
533765252270842191            5         3.21                
533765252270842191            6         2.79                
533765252270842191            7         3.74                
533765252270842191            8         2.86                
533765252270842191            9         3.10                
533765252270842191            10        4.30                
533765252270842191            11        3.16                
533765252270842191            12        3.34                
533765252270842191            13        3.91                
533765252270842191            14        2.65                
533765252270842191            15        4.29                
