Sim_N                         Day       AVG_SF_per_Day      
496080784661094047            1         4.16                
496080784661094047            2         2.77                
496080784661094047            3         2.45                
496080784661094047            4         3.15                
496080784661094047            5         1.87                
496080784661094047            6         4.26                
496080784661094047            7         2.19                
496080784661094047            8         3.28                
496080784661094047            9         2.61                
496080784661094047            10        3.17                
496080784661094047            11        3.13                
496080784661094047            12        2.26                
496080784661094047            13        2.77                
496080784661094047            14        3.37                
496080784661094047            15        4.67                
