Sim_N                         Day       AVG_SF_per_Day      
8766049498283751161           1         4.02                
8766049498283751161           2         3.55                
8766049498283751161           3         3.30                
8766049498283751161           4         3.31                
8766049498283751161           5         3.21                
8766049498283751161           6         3.08                
8766049498283751161           7         2.06                
8766049498283751161           8         2.23                
8766049498283751161           9         3.63                
8766049498283751161           10        3.82                
8766049498283751161           11        2.76                
8766049498283751161           12        2.41                
8766049498283751161           13        2.77                
8766049498283751161           14        2.26                
8766049498283751161           15        3.05                
