Sim_N                         Day       AVG_SF_per_Day      
1626355786579518674           1         2.82                
1626355786579518674           2         3.38                
1626355786579518674           3         3.01                
1626355786579518674           4         2.28                
1626355786579518674           5         3.42                
1626355786579518674           6         3.49                
1626355786579518674           7         2.37                
1626355786579518674           8         2.65                
1626355786579518674           9         3.44                
1626355786579518674           10        3.38                
1626355786579518674           11        3.90                
1626355786579518674           12        3.82                
1626355786579518674           13        2.77                
1626355786579518674           14        3.33                
1626355786579518674           15        3.30                
