Sim_N                         Day       AVG_SF_per_Day      
5866509001836391096           1         3.01                
5866509001836391096           2         3.17                
5866509001836391096           3         2.14                
5866509001836391096           4         2.90                
5866509001836391096           5         2.85                
5866509001836391096           6         2.87                
5866509001836391096           7         3.51                
5866509001836391096           8         2.09                
5866509001836391096           9         3.65                
5866509001836391096           10        3.32                
5866509001836391096           11        2.58                
5866509001836391096           12        2.60                
5866509001836391096           13        2.46                
5866509001836391096           14        3.17                
5866509001836391096           15        4.53                
