Sim_N                         Day       AVG_SF_per_Day      
1148851912457238699           1         2.95                
1148851912457238699           2         2.72                
1148851912457238699           3         3.39                
1148851912457238699           4         3.14                
1148851912457238699           5         3.24                
1148851912457238699           6         3.55                
1148851912457238699           7         3.20                
1148851912457238699           8         3.71                
1148851912457238699           9         2.67                
1148851912457238699           10        2.40                
1148851912457238699           11        2.14                
1148851912457238699           12        2.39                
1148851912457238699           13        2.90                
1148851912457238699           14        3.49                
1148851912457238699           15        4.08                
