Sim_N                         Day       AVG_SF_per_Day      
6595468827360888641           1         3.14                
6595468827360888641           2         2.55                
6595468827360888641           3         2.87                
6595468827360888641           4         2.81                
6595468827360888641           5         3.01                
6595468827360888641           6         2.63                
6595468827360888641           7         4.17                
6595468827360888641           8         2.85                
6595468827360888641           9         3.58                
6595468827360888641           10        3.18                
6595468827360888641           11        2.97                
6595468827360888641           12        2.76                
6595468827360888641           13        4.02                
6595468827360888641           14        2.47                
6595468827360888641           15        3.10                
