Sim_N                         Day       AVG_SF_per_Day      
420386590759204040            1         3.28                
420386590759204040            2         2.99                
420386590759204040            3         4.16                
420386590759204040            4         2.86                
420386590759204040            5         3.01                
420386590759204040            6         3.86                
420386590759204040            7         2.51                
420386590759204040            8         3.69                
420386590759204040            9         4.05                
420386590759204040            10        2.30                
420386590759204040            11        3.90                
420386590759204040            12        2.45                
420386590759204040            13        3.48                
420386590759204040            14        2.62                
420386590759204040            15        4.10                
