Sim_N                         Day       AVG_SF_per_Day      
1919488947338824894           1         3.10                
1919488947338824894           2         3.14                
1919488947338824894           3         2.32                
1919488947338824894           4         3.00                
1919488947338824894           5         2.55                
1919488947338824894           6         2.72                
1919488947338824894           7         3.37                
1919488947338824894           8         3.28                
1919488947338824894           9         4.63                
1919488947338824894           10        3.42                
1919488947338824894           11        2.95                
1919488947338824894           12        2.06                
1919488947338824894           13        3.34                
1919488947338824894           14        3.98                
1919488947338824894           15        4.65                
