Sim_N                         Day       AVG_SF_per_Day      
1956585776454988468           1         4.38                
1956585776454988468           2         2.99                
1956585776454988468           3         2.85                
1956585776454988468           4         2.34                
1956585776454988468           5         3.52                
1956585776454988468           6         3.74                
1956585776454988468           7         3.13                
1956585776454988468           8         2.15                
1956585776454988468           9         3.64                
1956585776454988468           10        2.42                
1956585776454988468           11        2.64                
1956585776454988468           12        2.77                
1956585776454988468           13        3.19                
1956585776454988468           14        2.64                
1956585776454988468           15        3.69                
