Sim_N                         Day       AVG_SF_per_Day      
8621108751620425852           1         3.94                
8621108751620425852           2         2.37                
8621108751620425852           3         3.34                
8621108751620425852           4         3.52                
8621108751620425852           5         3.97                
8621108751620425852           6         3.17                
8621108751620425852           7         2.93                
8621108751620425852           8         3.17                
8621108751620425852           9         2.40                
8621108751620425852           10        2.64                
8621108751620425852           11        2.40                
8621108751620425852           12        2.95                
8621108751620425852           13        2.40                
8621108751620425852           14        2.96                
8621108751620425852           15        4.57                
