Sim_N                         Day       AVG_SF_per_Day      
6990960904544657152           1         2.99                
6990960904544657152           2         2.87                
6990960904544657152           3         3.10                
6990960904544657152           4         3.31                
6990960904544657152           5         3.74                
6990960904544657152           6         2.99                
6990960904544657152           7         3.07                
6990960904544657152           8         2.41                
6990960904544657152           9         2.65                
6990960904544657152           10        3.09                
6990960904544657152           11        3.03                
6990960904544657152           12        3.08                
6990960904544657152           13        3.38                
6990960904544657152           14        2.56                
6990960904544657152           15        4.23                
