Sim_N                         Day       AVG_SF_per_Day      
5946586093548540803           1         3.87                
5946586093548540803           2         2.40                
5946586093548540803           3         2.68                
5946586093548540803           4         3.88                
5946586093548540803           5         2.53                
5946586093548540803           6         3.48                
5946586093548540803           7         3.24                
5946586093548540803           8         3.17                
5946586093548540803           9         2.57                
5946586093548540803           10        3.11                
5946586093548540803           11        3.27                
5946586093548540803           12        2.81                
5946586093548540803           13        2.41                
5946586093548540803           14        3.03                
5946586093548540803           15        3.80                
