Sim_N                         Day       AVG_SF_per_Day      
8046833204887324829           1         3.94                
8046833204887324829           2         3.29                
8046833204887324829           3         2.65                
8046833204887324829           4         2.56                
8046833204887324829           5         3.56                
8046833204887324829           6         3.16                
8046833204887324829           7         2.78                
8046833204887324829           8         4.58                
8046833204887324829           9         3.32                
8046833204887324829           10        3.80                
8046833204887324829           11        3.07                
8046833204887324829           12        3.33                
8046833204887324829           13        2.34                
8046833204887324829           14        3.28                
8046833204887324829           15        3.89                
