Sim_N                         Day       AVG_SF_per_Day      
5358141787406415798           1         3.88                
5358141787406415798           2         2.79                
5358141787406415798           3         3.79                
5358141787406415798           4         3.98                
5358141787406415798           5         3.63                
5358141787406415798           6         2.87                
5358141787406415798           7         2.03                
5358141787406415798           8         3.25                
5358141787406415798           9         3.25                
5358141787406415798           10        3.32                
5358141787406415798           11        3.08                
5358141787406415798           12        2.78                
5358141787406415798           13        3.51                
5358141787406415798           14        2.60                
5358141787406415798           15        4.26                
