Sim_N                         Day       AVG_SF_per_Day      
4970292161701973288           1         3.17                
4970292161701973288           2         2.82                
4970292161701973288           3         2.12                
4970292161701973288           4         2.66                
4970292161701973288           5         2.59                
4970292161701973288           6         3.57                
4970292161701973288           7         3.24                
4970292161701973288           8         3.55                
4970292161701973288           9         3.53                
4970292161701973288           10        3.93                
4970292161701973288           11        2.15                
4970292161701973288           12        3.40                
4970292161701973288           13        3.33                
4970292161701973288           14        2.57                
4970292161701973288           15        3.75                
