Sim_N                         Day       AVG_SF_per_Day      
532145264983910674            1         2.88                
532145264983910674            2         2.80                
532145264983910674            3         2.88                
532145264983910674            4         3.60                
532145264983910674            5         2.35                
532145264983910674            6         2.33                
532145264983910674            7         3.20                
532145264983910674            8         3.16                
532145264983910674            9         3.84                
532145264983910674            10        3.30                
532145264983910674            11        3.68                
532145264983910674            12        3.13                
532145264983910674            13        3.32                
532145264983910674            14        3.57                
532145264983910674            15        3.45                
