Sim_N                         Day       AVG_SF_per_Day      
6442596245840569788           1         2.53                
6442596245840569788           2         3.20                
6442596245840569788           3         2.45                
6442596245840569788           4         3.56                
6442596245840569788           5         2.88                
6442596245840569788           6         2.93                
6442596245840569788           7         2.69                
6442596245840569788           8         2.61                
6442596245840569788           9         2.93                
6442596245840569788           10        3.05                
6442596245840569788           11        2.59                
6442596245840569788           12        2.87                
6442596245840569788           13        1.78                
6442596245840569788           14        3.37                
6442596245840569788           15        3.32                
