Sim_N                         Day       AVG_SF_per_Day      
8642465155155511798           1         3.11                
8642465155155511798           2         3.17                
8642465155155511798           3         3.77                
8642465155155511798           4         2.82                
8642465155155511798           5         3.77                
8642465155155511798           6         2.01                
8642465155155511798           7         2.08                
8642465155155511798           8         2.61                
8642465155155511798           9         3.22                
8642465155155511798           10        3.37                
8642465155155511798           11        2.48                
8642465155155511798           12        2.58                
8642465155155511798           13        3.71                
8642465155155511798           14        2.59                
8642465155155511798           15        3.90                
