Sim_N                         Day       AVG_SF_per_Day      
6889543194408058131           1         2.88                
6889543194408058131           2         2.98                
6889543194408058131           3         2.30                
6889543194408058131           4         2.84                
6889543194408058131           5         2.73                
6889543194408058131           6         3.15                
6889543194408058131           7         3.18                
6889543194408058131           8         2.79                
6889543194408058131           9         2.50                
6889543194408058131           10        3.14                
6889543194408058131           11        2.53                
6889543194408058131           12        3.29                
6889543194408058131           13        4.18                
6889543194408058131           14        3.75                
6889543194408058131           15        3.77                
