Sim_N                         Day       AVG_SF_per_Day      
8556811440835897378           1         3.15                
8556811440835897378           2         4.07                
8556811440835897378           3         3.54                
8556811440835897378           4         3.61                
8556811440835897378           5         2.69                
8556811440835897378           6         2.68                
8556811440835897378           7         3.57                
8556811440835897378           8         3.08                
8556811440835897378           9         4.39                
8556811440835897378           10        3.36                
8556811440835897378           11        2.64                
8556811440835897378           12        2.82                
8556811440835897378           13        3.74                
8556811440835897378           14        3.80                
8556811440835897378           15        4.57                
