Sim_N                         Day       AVG_SF_per_Day      
6087430119725259374           1         4.84                
6087430119725259374           2         3.23                
6087430119725259374           3         3.62                
6087430119725259374           4         3.04                
6087430119725259374           5         2.56                
6087430119725259374           6         2.10                
6087430119725259374           7         3.07                
6087430119725259374           8         2.89                
6087430119725259374           9         2.79                
6087430119725259374           10        2.78                
6087430119725259374           11        2.79                
6087430119725259374           12        3.34                
6087430119725259374           13        3.63                
6087430119725259374           14        2.95                
6087430119725259374           15        4.00                
