Sim_N                         Day       AVG_SF_per_Day      
8574213869810523906           1         3.56                
8574213869810523906           2         4.09                
8574213869810523906           3         2.48                
8574213869810523906           4         2.70                
8574213869810523906           5         2.51                
8574213869810523906           6         3.58                
8574213869810523906           7         2.89                
8574213869810523906           8         3.28                
8574213869810523906           9         3.15                
8574213869810523906           10        2.65                
8574213869810523906           11        2.39                
8574213869810523906           12        2.86                
8574213869810523906           13        2.60                
8574213869810523906           14        3.62                
8574213869810523906           15        3.70                
