Sim_N                         Day       AVG_SF_per_Day      
1325426811339998413           1         2.64                
1325426811339998413           2         3.31                
1325426811339998413           3         2.93                
1325426811339998413           4         3.42                
1325426811339998413           5         3.58                
1325426811339998413           6         2.72                
1325426811339998413           7         3.21                
1325426811339998413           8         3.30                
1325426811339998413           9         2.96                
1325426811339998413           10        4.39                
1325426811339998413           11        2.07                
1325426811339998413           12        2.92                
1325426811339998413           13        3.83                
1325426811339998413           14        2.44                
1325426811339998413           15        3.06                
