Sim_N                         Day       AVG_SF_per_Day      
1553500005581331613           1         4.09                
1553500005581331613           2         2.55                
1553500005581331613           3         4.63                
1553500005581331613           4         1.67                
1553500005581331613           5         3.45                
1553500005581331613           6         3.05                
1553500005581331613           7         3.05                
1553500005581331613           8         3.58                
1553500005581331613           9         2.66                
1553500005581331613           10        3.63                
1553500005581331613           11        2.77                
1553500005581331613           12        2.18                
1553500005581331613           13        2.53                
1553500005581331613           14        2.40                
1553500005581331613           15        4.72                
