Sim_N                         Day       AVG_SF_per_Day      
104282112643115053            1         2.69                
104282112643115053            2         2.78                
104282112643115053            3         3.26                
104282112643115053            4         3.02                
104282112643115053            5         2.38                
104282112643115053            6         3.04                
104282112643115053            7         2.45                
104282112643115053            8         3.19                
104282112643115053            9         3.93                
104282112643115053            10        3.24                
104282112643115053            11        3.54                
104282112643115053            12        3.15                
104282112643115053            13        1.95                
104282112643115053            14        2.60                
104282112643115053            15        3.69                
