Sim_N                         Day       AVG_SF_per_Day      
8409425870639151267           1         3.05                
8409425870639151267           2         3.92                
8409425870639151267           3         2.39                
8409425870639151267           4         2.87                
8409425870639151267           5         3.03                
8409425870639151267           6         2.26                
8409425870639151267           7         2.90                
8409425870639151267           8         3.03                
8409425870639151267           9         2.73                
8409425870639151267           10        3.04                
8409425870639151267           11        2.25                
8409425870639151267           12        3.47                
8409425870639151267           13        2.65                
8409425870639151267           14        2.54                
8409425870639151267           15        4.17                
