Sim_N                         Day       AVG_SF_per_Day      
455738254186679374            1         4.58                
455738254186679374            2         2.54                
455738254186679374            3         2.92                
455738254186679374            4         3.93                
455738254186679374            5         3.30                
455738254186679374            6         4.26                
455738254186679374            7         2.41                
455738254186679374            8         2.48                
455738254186679374            9         2.75                
455738254186679374            10        3.07                
455738254186679374            11        4.12                
455738254186679374            12        2.30                
455738254186679374            13        2.98                
455738254186679374            14        3.45                
455738254186679374            15        4.10                
