Sim_N                         Day       AVG_SF_per_Day      
3519145190577006514           1         2.75                
3519145190577006514           2         3.05                
3519145190577006514           3         3.15                
3519145190577006514           4         2.89                
3519145190577006514           5         3.81                
3519145190577006514           6         3.26                
3519145190577006514           7         2.89                
3519145190577006514           8         2.62                
3519145190577006514           9         3.39                
3519145190577006514           10        2.49                
3519145190577006514           11        3.03                
3519145190577006514           12        3.44                
3519145190577006514           13        2.55                
3519145190577006514           14        2.67                
3519145190577006514           15        3.77                
