Sim_N                         Day       AVG_SF_per_Day      
3554941856312127655           1         3.44                
3554941856312127655           2         3.03                
3554941856312127655           3         2.39                
3554941856312127655           4         2.82                
3554941856312127655           5         4.18                
3554941856312127655           6         2.05                
3554941856312127655           7         2.69                
3554941856312127655           8         3.37                
3554941856312127655           9         3.35                
3554941856312127655           10        2.87                
3554941856312127655           11        3.16                
3554941856312127655           12        4.18                
3554941856312127655           13        3.35                
3554941856312127655           14        2.82                
3554941856312127655           15        3.79                
