Sim_N                         Day       AVG_SF_per_Day      
8927375872094208048           1         3.92                
8927375872094208048           2         3.28                
8927375872094208048           3         3.14                
8927375872094208048           4         3.06                
8927375872094208048           5         3.17                
8927375872094208048           6         3.19                
8927375872094208048           7         3.82                
8927375872094208048           8         2.97                
8927375872094208048           9         2.91                
8927375872094208048           10        2.84                
8927375872094208048           11        2.90                
8927375872094208048           12        3.53                
8927375872094208048           13        2.70                
8927375872094208048           14        3.54                
8927375872094208048           15        4.52                
