Sim_N                         Day       AVG_SF_per_Day      
8703627068554817293           1         3.89                
8703627068554817293           2         3.03                
8703627068554817293           3         2.87                
8703627068554817293           4         2.73                
8703627068554817293           5         2.76                
8703627068554817293           6         2.60                
8703627068554817293           7         3.25                
8703627068554817293           8         3.47                
8703627068554817293           9         1.93                
8703627068554817293           10        3.69                
8703627068554817293           11        2.41                
8703627068554817293           12        4.00                
8703627068554817293           13        2.06                
8703627068554817293           14        3.28                
8703627068554817293           15        4.01                
