Sim_N                         Day       AVG_SF_per_Day      
3604463553286519560           1         3.50                
3604463553286519560           2         3.84                
3604463553286519560           3         3.44                
3604463553286519560           4         3.63                
3604463553286519560           5         2.64                
3604463553286519560           6         3.05                
3604463553286519560           7         3.37                
3604463553286519560           8         2.52                
3604463553286519560           9         2.18                
3604463553286519560           10        3.23                
3604463553286519560           11        2.86                
3604463553286519560           12        2.92                
3604463553286519560           13        3.27                
3604463553286519560           14        4.09                
3604463553286519560           15        4.33                
