Sim_N                         Day       AVG_SF_per_Day      
7865257405861762831           1         3.25                
7865257405861762831           2         3.15                
7865257405861762831           3         2.50                
7865257405861762831           4         3.14                
7865257405861762831           5         2.56                
7865257405861762831           6         2.76                
7865257405861762831           7         2.86                
7865257405861762831           8         3.34                
7865257405861762831           9         4.43                
7865257405861762831           10        4.05                
7865257405861762831           11        2.43                
7865257405861762831           12        3.54                
7865257405861762831           13        3.01                
7865257405861762831           14        3.28                
7865257405861762831           15        4.02                
