Sim_N                         Day       AVG_SF_per_Day      
8072001641446747291           1         2.97                
8072001641446747291           2         3.17                
8072001641446747291           3         2.37                
8072001641446747291           4         3.82                
8072001641446747291           5         2.74                
8072001641446747291           6         3.00                
8072001641446747291           7         4.00                
8072001641446747291           8         3.44                
8072001641446747291           9         3.23                
8072001641446747291           10        3.22                
8072001641446747291           11        2.48                
8072001641446747291           12        3.15                
8072001641446747291           13        3.10                
8072001641446747291           14        2.04                
8072001641446747291           15        4.12                
