Sim_N                         Day       AVG_SF_per_Day      
8458284016896595373           1         4.23                
8458284016896595373           2         2.45                
8458284016896595373           3         2.27                
8458284016896595373           4         3.26                
8458284016896595373           5         2.83                
8458284016896595373           6         4.24                
8458284016896595373           7         2.66                
8458284016896595373           8         3.16                
8458284016896595373           9         3.06                
8458284016896595373           10        2.57                
8458284016896595373           11        2.79                
8458284016896595373           12        2.86                
8458284016896595373           13        3.57                
8458284016896595373           14        2.54                
8458284016896595373           15        3.78                
