Sim_N                         Day       AVG_SF_per_Day      
2067070944250968132           1         3.65                
2067070944250968132           2         3.41                
2067070944250968132           3         2.57                
2067070944250968132           4         2.02                
2067070944250968132           5         3.28                
2067070944250968132           6         2.72                
2067070944250968132           7         2.79                
2067070944250968132           8         3.04                
2067070944250968132           9         2.67                
2067070944250968132           10        2.66                
2067070944250968132           11        3.00                
2067070944250968132           12        3.34                
2067070944250968132           13        3.05                
2067070944250968132           14        2.19                
2067070944250968132           15        4.07                
