Sim_N                         Day       AVG_SF_per_Day      
7540010358725426403           1         4.25                
7540010358725426403           2         3.41                
7540010358725426403           3         3.16                
7540010358725426403           4         3.13                
7540010358725426403           5         2.93                
7540010358725426403           6         2.64                
7540010358725426403           7         3.19                
7540010358725426403           8         3.43                
7540010358725426403           9         3.02                
7540010358725426403           10        1.96                
7540010358725426403           11        2.66                
7540010358725426403           12        2.57                
7540010358725426403           13        3.12                
7540010358725426403           14        2.77                
7540010358725426403           15        3.96                
