Sim_N                         Day       AVG_SF_per_Day      
112430223030889765            1         3.56                
112430223030889765            2         4.07                
112430223030889765            3         2.09                
112430223030889765            4         3.07                
112430223030889765            5         2.96                
112430223030889765            6         3.13                
112430223030889765            7         3.46                
112430223030889765            8         3.36                
112430223030889765            9         2.13                
112430223030889765            10        3.49                
112430223030889765            11        3.13                
112430223030889765            12        3.18                
112430223030889765            13        2.61                
112430223030889765            14        1.97                
112430223030889765            15        3.72                
