Sim_N                         Day       AVG_SF_per_Day      
2166128284009156548           1         4.72                
2166128284009156548           2         1.88                
2166128284009156548           3         3.66                
2166128284009156548           4         2.66                
2166128284009156548           5         3.53                
2166128284009156548           6         1.93                
2166128284009156548           7         3.10                
2166128284009156548           8         3.14                
2166128284009156548           9         3.05                
2166128284009156548           10        2.11                
2166128284009156548           11        2.81                
2166128284009156548           12        2.71                
2166128284009156548           13        3.39                
2166128284009156548           14        2.98                
2166128284009156548           15        4.05                
