Sim_N                         Day       AVG_SF_per_Day      
3851240177254670905           1         3.28                
3851240177254670905           2         2.80                
3851240177254670905           3         2.71                
3851240177254670905           4         3.46                
3851240177254670905           5         3.27                
3851240177254670905           6         3.52                
3851240177254670905           7         2.68                
3851240177254670905           8         2.40                
3851240177254670905           9         2.65                
3851240177254670905           10        2.39                
3851240177254670905           11        2.37                
3851240177254670905           12        3.02                
3851240177254670905           13        3.77                
3851240177254670905           14        3.33                
3851240177254670905           15        3.80                
