Sim_N                         Day       AVG_SF_per_Day      
7556252182880408747           1         3.28                
7556252182880408747           2         3.37                
7556252182880408747           3         2.91                
7556252182880408747           4         3.08                
7556252182880408747           5         2.65                
7556252182880408747           6         2.75                
7556252182880408747           7         3.18                
7556252182880408747           8         3.20                
7556252182880408747           9         2.83                
7556252182880408747           10        2.60                
7556252182880408747           11        2.59                
7556252182880408747           12        3.55                
7556252182880408747           13        3.22                
7556252182880408747           14        2.88                
7556252182880408747           15        3.82                
