Sim_N                         Day       AVG_SF_per_Day      
6314049415168034517           1         3.27                
6314049415168034517           2         3.04                
6314049415168034517           3         2.60                
6314049415168034517           4         2.74                
6314049415168034517           5         2.97                
6314049415168034517           6         3.32                
6314049415168034517           7         3.63                
6314049415168034517           8         2.42                
6314049415168034517           9         3.49                
6314049415168034517           10        2.88                
6314049415168034517           11        3.49                
6314049415168034517           12        2.50                
6314049415168034517           13        3.08                
6314049415168034517           14        3.59                
6314049415168034517           15        3.69                
