Sim_N                         Day       AVG_SF_per_Day      
2195913700816075412           1         4.22                
2195913700816075412           2         4.06                
2195913700816075412           3         2.68                
2195913700816075412           4         3.98                
2195913700816075412           5         2.80                
2195913700816075412           6         2.37                
2195913700816075412           7         3.70                
2195913700816075412           8         3.38                
2195913700816075412           9         3.37                
2195913700816075412           10        2.85                
2195913700816075412           11        3.31                
2195913700816075412           12        2.49                
2195913700816075412           13        3.25                
2195913700816075412           14        2.70                
2195913700816075412           15        3.04                
