Sim_N                         Day       AVG_SF_per_Day      
7860850564871676983           1         4.36                
7860850564871676983           2         3.15                
7860850564871676983           3         3.24                
7860850564871676983           4         3.53                
7860850564871676983           5         2.70                
7860850564871676983           6         2.68                
7860850564871676983           7         4.17                
7860850564871676983           8         2.68                
7860850564871676983           9         3.42                
7860850564871676983           10        3.23                
7860850564871676983           11        3.13                
7860850564871676983           12        2.70                
7860850564871676983           13        2.52                
7860850564871676983           14        4.12                
7860850564871676983           15        3.39                
