Sim_N                         Day       AVG_SF_per_Day      
313002029267431465            1         3.92                
313002029267431465            2         3.63                
313002029267431465            3         2.30                
313002029267431465            4         3.96                
313002029267431465            5         2.35                
313002029267431465            6         3.37                
313002029267431465            7         3.42                
313002029267431465            8         2.84                
313002029267431465            9         2.17                
313002029267431465            10        3.84                
313002029267431465            11        2.86                
313002029267431465            12        2.25                
313002029267431465            13        3.62                
313002029267431465            14        2.74                
313002029267431465            15        4.25                
