Sim_N                         Day       AVG_SF_per_Day      
6814558519912130866           1         3.66                
6814558519912130866           2         2.11                
6814558519912130866           3         3.17                
6814558519912130866           4         2.65                
6814558519912130866           5         2.49                
6814558519912130866           6         4.38                
6814558519912130866           7         2.62                
6814558519912130866           8         2.99                
6814558519912130866           9         2.87                
6814558519912130866           10        3.14                
6814558519912130866           11        3.91                
6814558519912130866           12        3.70                
6814558519912130866           13        2.55                
6814558519912130866           14        3.14                
6814558519912130866           15        4.67                
