Sim_N                         Day       AVG_SF_per_Day      
3331692276877216370           1         3.11                
3331692276877216370           2         3.71                
3331692276877216370           3         2.25                
3331692276877216370           4         2.37                
3331692276877216370           5         4.35                
3331692276877216370           6         2.27                
3331692276877216370           7         2.91                
3331692276877216370           8         4.90                
3331692276877216370           9         2.57                
3331692276877216370           10        2.64                
3331692276877216370           11        3.53                
3331692276877216370           12        2.37                
3331692276877216370           13        3.01                
3331692276877216370           14        2.83                
3331692276877216370           15        3.35                
