Sim_N                         Day       AVG_SF_per_Day      
3325987616804615881           1         3.22                
3325987616804615881           2         2.68                
3325987616804615881           3         2.18                
3325987616804615881           4         3.07                
3325987616804615881           5         3.31                
3325987616804615881           6         2.70                
3325987616804615881           7         1.90                
3325987616804615881           8         3.38                
3325987616804615881           9         3.65                
3325987616804615881           10        4.04                
3325987616804615881           11        3.21                
3325987616804615881           12        2.37                
3325987616804615881           13        2.98                
3325987616804615881           14        3.19                
3325987616804615881           15        4.40                
