Sim_N                         Day       AVG_SF_per_Day      
7238287921977538715           1         3.19                
7238287921977538715           2         2.05                
7238287921977538715           3         2.71                
7238287921977538715           4         2.47                
7238287921977538715           5         2.77                
7238287921977538715           6         4.07                
7238287921977538715           7         2.80                
7238287921977538715           8         2.57                
7238287921977538715           9         2.52                
7238287921977538715           10        2.73                
7238287921977538715           11        2.73                
7238287921977538715           12        3.87                
7238287921977538715           13        3.98                
7238287921977538715           14        3.57                
7238287921977538715           15        3.54                
