Sim_N                         Day       AVG_SF_per_Day      
4152779175359688324           1         2.92                
4152779175359688324           2         3.67                
4152779175359688324           3         3.31                
4152779175359688324           4         3.58                
4152779175359688324           5         4.31                
4152779175359688324           6         2.78                
4152779175359688324           7         3.08                
4152779175359688324           8         4.23                
4152779175359688324           9         4.71                
4152779175359688324           10        3.00                
4152779175359688324           11        3.21                
4152779175359688324           12        2.75                
4152779175359688324           13        3.59                
4152779175359688324           14        3.13                
4152779175359688324           15        4.12                
