Sim_N                         Day       AVG_SF_per_Day      
465747928677067698            1         2.58                
465747928677067698            2         3.42                
465747928677067698            3         3.14                
465747928677067698            4         2.58                
465747928677067698            5         3.60                
465747928677067698            6         2.72                
465747928677067698            7         2.66                
465747928677067698            8         2.66                
465747928677067698            9         2.82                
465747928677067698            10        3.19                
465747928677067698            11        3.05                
465747928677067698            12        2.55                
465747928677067698            13        2.62                
465747928677067698            14        3.08                
465747928677067698            15        4.01                
