Sim_N                         Day       AVG_SF_per_Day      
3438999145320636644           1         2.78                
3438999145320636644           2         1.96                
3438999145320636644           3         2.98                
3438999145320636644           4         3.47                
3438999145320636644           5         2.53                
3438999145320636644           6         3.50                
3438999145320636644           7         2.84                
3438999145320636644           8         2.74                
3438999145320636644           9         3.07                
3438999145320636644           10        3.09                
3438999145320636644           11        3.13                
3438999145320636644           12        3.04                
3438999145320636644           13        3.44                
3438999145320636644           14        3.01                
3438999145320636644           15        4.34                
