Sim_N                         Day       AVG_SF_per_Day      
1142373968537598349           1         3.96                
1142373968537598349           2         2.50                
1142373968537598349           3         3.60                
1142373968537598349           4         2.31                
1142373968537598349           5         2.55                
1142373968537598349           6         3.27                
1142373968537598349           7         3.03                
1142373968537598349           8         3.04                
1142373968537598349           9         2.62                
1142373968537598349           10        2.74                
1142373968537598349           11        1.76                
1142373968537598349           12        2.63                
1142373968537598349           13        4.26                
1142373968537598349           14        3.48                
1142373968537598349           15        4.33                
