Sim_N                         Day       AVG_SF_per_Day      
9130258814226748546           1         4.10                
9130258814226748546           2         4.39                
9130258814226748546           3         3.16                
9130258814226748546           4         2.77                
9130258814226748546           5         2.91                
9130258814226748546           6         3.33                
9130258814226748546           7         3.37                
9130258814226748546           8         3.62                
9130258814226748546           9         4.68                
9130258814226748546           10        2.74                
9130258814226748546           11        3.26                
9130258814226748546           12        4.05                
9130258814226748546           13        3.61                
9130258814226748546           14        3.42                
9130258814226748546           15        3.77                
