Sim_N                         Day       AVG_SF_per_Day      
5636330764222879987           1         4.49                
5636330764222879987           2         3.20                
5636330764222879987           3         2.75                
5636330764222879987           4         3.15                
5636330764222879987           5         3.43                
5636330764222879987           6         3.22                
5636330764222879987           7         4.00                
5636330764222879987           8         2.16                
5636330764222879987           9         2.99                
5636330764222879987           10        3.11                
5636330764222879987           11        3.79                
5636330764222879987           12        2.31                
5636330764222879987           13        2.86                
5636330764222879987           14        2.99                
5636330764222879987           15        4.62                
