Sim_N                         Day       AVG_SF_per_Day      
6670900744391588896           1         4.24                
6670900744391588896           2         2.76                
6670900744391588896           3         3.67                
6670900744391588896           4         3.15                
6670900744391588896           5         2.58                
6670900744391588896           6         2.82                
6670900744391588896           7         3.71                
6670900744391588896           8         2.46                
6670900744391588896           9         3.82                
6670900744391588896           10        4.78                
6670900744391588896           11        3.42                
6670900744391588896           12        3.12                
6670900744391588896           13        2.75                
6670900744391588896           14        3.32                
6670900744391588896           15        3.06                
