Sim_N                         Day       AVG_SF_per_Day      
5310595914692852238           1         3.03                
5310595914692852238           2         3.84                
5310595914692852238           3         2.66                
5310595914692852238           4         3.52                
5310595914692852238           5         2.67                
5310595914692852238           6         3.74                
5310595914692852238           7         2.50                
5310595914692852238           8         2.69                
5310595914692852238           9         3.04                
5310595914692852238           10        2.76                
5310595914692852238           11        3.00                
5310595914692852238           12        2.73                
5310595914692852238           13        3.34                
5310595914692852238           14        3.14                
5310595914692852238           15        4.26                
