Sim_N                         Day       AVG_SF_per_Day      
5233240490939998063           1         2.37                
5233240490939998063           2         2.91                
5233240490939998063           3         2.89                
5233240490939998063           4         2.65                
5233240490939998063           5         3.22                
5233240490939998063           6         3.15                
5233240490939998063           7         2.30                
5233240490939998063           8         4.09                
5233240490939998063           9         3.76                
5233240490939998063           10        3.15                
5233240490939998063           11        3.32                
5233240490939998063           12        3.30                
5233240490939998063           13        3.15                
5233240490939998063           14        2.86                
5233240490939998063           15        3.50                
