Sim_N                         Day       AVG_SF_per_Day      
2212591083004295401           1         3.66                
2212591083004295401           2         2.78                
2212591083004295401           3         3.69                
2212591083004295401           4         2.72                
2212591083004295401           5         2.76                
2212591083004295401           6         2.46                
2212591083004295401           7         2.66                
2212591083004295401           8         2.69                
2212591083004295401           9         2.41                
2212591083004295401           10        2.98                
2212591083004295401           11        3.18                
2212591083004295401           12        4.27                
2212591083004295401           13        3.14                
2212591083004295401           14        2.96                
2212591083004295401           15        4.51                
