Sim_N                         Day       AVG_SF_per_Day      
3971593304718885147           1         2.60                
3971593304718885147           2         2.81                
3971593304718885147           3         4.84                
3971593304718885147           4         3.29                
3971593304718885147           5         4.07                
3971593304718885147           6         4.09                
3971593304718885147           7         3.21                
3971593304718885147           8         2.19                
3971593304718885147           9         3.29                
3971593304718885147           10        3.91                
3971593304718885147           11        2.96                
3971593304718885147           12        4.33                
3971593304718885147           13        3.02                
3971593304718885147           14        2.56                
3971593304718885147           15        3.81                
