Sim_N                         Day       AVG_SF_per_Day      
472458194288256018            1         3.66                
472458194288256018            2         3.33                
472458194288256018            3         1.91                
472458194288256018            4         4.33                
472458194288256018            5         2.41                
472458194288256018            6         2.23                
472458194288256018            7         3.57                
472458194288256018            8         2.77                
472458194288256018            9         3.70                
472458194288256018            10        3.54                
472458194288256018            11        3.60                
472458194288256018            12        2.67                
472458194288256018            13        3.97                
472458194288256018            14        4.88                
472458194288256018            15        3.93                
