Sim_N                         Day       AVG_SF_per_Day      
8238393888217047675           1         2.83                
8238393888217047675           2         2.53                
8238393888217047675           3         3.24                
8238393888217047675           4         2.33                
8238393888217047675           5         3.36                
8238393888217047675           6         2.21                
8238393888217047675           7         3.48                
8238393888217047675           8         3.67                
8238393888217047675           9         3.93                
8238393888217047675           10        4.21                
8238393888217047675           11        2.97                
8238393888217047675           12        2.97                
8238393888217047675           13        2.56                
8238393888217047675           14        2.63                
8238393888217047675           15        3.99                
