Sim_N                         Day       AVG_SF_per_Day      
3525544450338570846           1         2.97                
3525544450338570846           2         3.32                
3525544450338570846           3         2.73                
3525544450338570846           4         2.70                
3525544450338570846           5         3.46                
3525544450338570846           6         2.54                
3525544450338570846           7         3.23                
3525544450338570846           8         2.80                
3525544450338570846           9         2.41                
3525544450338570846           10        1.77                
3525544450338570846           11        2.92                
3525544450338570846           12        2.52                
3525544450338570846           13        3.10                
3525544450338570846           14        3.48                
3525544450338570846           15        4.21                
