Sim_N                         Day       AVG_SF_per_Day      
3285331361309219128           1         3.01                
3285331361309219128           2         1.96                
3285331361309219128           3         3.21                
3285331361309219128           4         3.49                
3285331361309219128           5         3.00                
3285331361309219128           6         4.22                
3285331361309219128           7         3.81                
3285331361309219128           8         2.92                
3285331361309219128           9         3.31                
3285331361309219128           10        3.08                
3285331361309219128           11        3.11                
3285331361309219128           12        2.78                
3285331361309219128           13        2.89                
3285331361309219128           14        2.90                
3285331361309219128           15        4.10                
