Sim_N                         Day       AVG_SF_per_Day      
3591165111417757536           1         4.38                
3591165111417757536           2         3.73                
3591165111417757536           3         3.16                
3591165111417757536           4         3.24                
3591165111417757536           5         3.11                
3591165111417757536           6         2.04                
3591165111417757536           7         2.43                
3591165111417757536           8         2.56                
3591165111417757536           9         3.74                
3591165111417757536           10        3.16                
3591165111417757536           11        2.83                
3591165111417757536           12        3.01                
3591165111417757536           13        2.50                
3591165111417757536           14        3.62                
3591165111417757536           15        3.66                
