Sim_N                         Day       AVG_SF_per_Day      
780520764820827957            1         3.00                
780520764820827957            2         2.81                
780520764820827957            3         2.76                
780520764820827957            4         3.80                
780520764820827957            5         3.55                
780520764820827957            6         2.72                
780520764820827957            7         2.66                
780520764820827957            8         2.76                
780520764820827957            9         2.14                
780520764820827957            10        3.25                
780520764820827957            11        3.57                
780520764820827957            12        3.70                
780520764820827957            13        3.09                
780520764820827957            14        3.76                
780520764820827957            15        3.54                
