Sim_N                         Day       AVG_SF_per_Day      
9049605439910232128           1         3.04                
9049605439910232128           2         4.28                
9049605439910232128           3         3.05                
9049605439910232128           4         4.67                
9049605439910232128           5         3.81                
9049605439910232128           6         1.94                
9049605439910232128           7         2.78                
9049605439910232128           8         3.50                
9049605439910232128           9         3.17                
9049605439910232128           10        3.55                
9049605439910232128           11        3.50                
9049605439910232128           12        3.25                
9049605439910232128           13        3.43                
9049605439910232128           14        2.42                
9049605439910232128           15        3.38                
