Sim_N                         Day       AVG_SF_per_Day      
2863732188609806523           1         3.23                
2863732188609806523           2         3.13                
2863732188609806523           3         2.21                
2863732188609806523           4         4.55                
2863732188609806523           5         2.36                
2863732188609806523           6         3.55                
2863732188609806523           7         2.56                
2863732188609806523           8         3.61                
2863732188609806523           9         2.48                
2863732188609806523           10        2.42                
2863732188609806523           11        2.38                
2863732188609806523           12        3.03                
2863732188609806523           13        2.19                
2863732188609806523           14        3.61                
2863732188609806523           15        3.93                
