Sim_N                         Day       AVG_SF_per_Day      
2120601764343514779           1         3.64                
2120601764343514779           2         2.99                
2120601764343514779           3         2.55                
2120601764343514779           4         4.49                
2120601764343514779           5         2.43                
2120601764343514779           6         2.92                
2120601764343514779           7         3.45                
2120601764343514779           8         3.34                
2120601764343514779           9         3.56                
2120601764343514779           10        2.51                
2120601764343514779           11        3.99                
2120601764343514779           12        2.70                
2120601764343514779           13        3.44                
2120601764343514779           14        2.92                
2120601764343514779           15        4.37                
