Sim_N                         Day       AVG_SF_per_Day      
161744308349862871            1         3.24                
161744308349862871            2         2.18                
161744308349862871            3         2.53                
161744308349862871            4         2.95                
161744308349862871            5         2.66                
161744308349862871            6         2.38                
161744308349862871            7         2.94                
161744308349862871            8         4.29                
161744308349862871            9         3.35                
161744308349862871            10        2.93                
161744308349862871            11        2.05                
161744308349862871            12        3.38                
161744308349862871            13        2.25                
161744308349862871            14        3.00                
161744308349862871            15        3.01                
