Sim_N                         Day       AVG_SF_per_Day      
4059095947471112720           1         4.80                
4059095947471112720           2         3.08                
4059095947471112720           3         3.39                
4059095947471112720           4         2.68                
4059095947471112720           5         4.38                
4059095947471112720           6         3.10                
4059095947471112720           7         4.02                
4059095947471112720           8         3.33                
4059095947471112720           9         2.28                
4059095947471112720           10        3.59                
4059095947471112720           11        2.91                
4059095947471112720           12        4.13                
4059095947471112720           13        2.12                
4059095947471112720           14        3.37                
4059095947471112720           15        4.61                
