Sim_N                         Day       AVG_SF_per_Day      
1863801935134783629           1         3.18                
1863801935134783629           2         3.02                
1863801935134783629           3         3.07                
1863801935134783629           4         3.36                
1863801935134783629           5         2.49                
1863801935134783629           6         2.84                
1863801935134783629           7         3.18                
1863801935134783629           8         3.31                
1863801935134783629           9         3.02                
1863801935134783629           10        3.10                
1863801935134783629           11        3.23                
1863801935134783629           12        3.68                
1863801935134783629           13        3.61                
1863801935134783629           14        3.48                
1863801935134783629           15        3.61                
