Sim_N                         Day       AVG_SF_per_Day      
7007069602061040922           1         3.62                
7007069602061040922           2         2.91                
7007069602061040922           3         2.93                
7007069602061040922           4         4.06                
7007069602061040922           5         2.96                
7007069602061040922           6         3.86                
7007069602061040922           7         3.06                
7007069602061040922           8         2.60                
7007069602061040922           9         3.15                
7007069602061040922           10        3.13                
7007069602061040922           11        3.46                
7007069602061040922           12        2.77                
7007069602061040922           13        2.47                
7007069602061040922           14        4.09                
7007069602061040922           15        3.79                
