Sim_N                         Day       AVG_SF_per_Day      
7328395583280707975           1         3.46                
7328395583280707975           2         2.88                
7328395583280707975           3         2.60                
7328395583280707975           4         2.30                
7328395583280707975           5         2.51                
7328395583280707975           6         2.62                
7328395583280707975           7         3.00                
7328395583280707975           8         2.62                
7328395583280707975           9         2.46                
7328395583280707975           10        3.03                
7328395583280707975           11        3.92                
7328395583280707975           12        2.71                
7328395583280707975           13        2.62                
7328395583280707975           14        2.10                
7328395583280707975           15        4.66                
