Sim_N                         Day       AVG_SF_per_Day      
1856263540475667786           1         3.15                
1856263540475667786           2         3.89                
1856263540475667786           3         4.91                
1856263540475667786           4         3.05                
1856263540475667786           5         3.02                
1856263540475667786           6         3.55                
1856263540475667786           7         3.27                
1856263540475667786           8         2.21                
1856263540475667786           9         4.39                
1856263540475667786           10        3.55                
1856263540475667786           11        2.76                
1856263540475667786           12        2.74                
1856263540475667786           13        3.18                
1856263540475667786           14        2.60                
1856263540475667786           15        4.01                
