Sim_N                         Day       AVG_SF_per_Day      
1373078663869356126           1         3.85                
1373078663869356126           2         3.78                
1373078663869356126           3         2.57                
1373078663869356126           4         2.75                
1373078663869356126           5         2.69                
1373078663869356126           6         2.14                
1373078663869356126           7         3.47                
1373078663869356126           8         2.61                
1373078663869356126           9         3.52                
1373078663869356126           10        3.36                
1373078663869356126           11        2.81                
1373078663869356126           12        2.65                
1373078663869356126           13        2.69                
1373078663869356126           14        3.10                
1373078663869356126           15        3.68                
