Sim_N                         Day       AVG_SF_per_Day      
1902358735691241977           1         3.68                
1902358735691241977           2         2.94                
1902358735691241977           3         2.02                
1902358735691241977           4         2.97                
1902358735691241977           5         3.60                
1902358735691241977           6         3.12                
1902358735691241977           7         2.85                
1902358735691241977           8         2.38                
1902358735691241977           9         2.37                
1902358735691241977           10        2.63                
1902358735691241977           11        3.79                
1902358735691241977           12        3.32                
1902358735691241977           13        3.19                
1902358735691241977           14        2.33                
1902358735691241977           15        4.60                
