Sim_N                         Day       AVG_SF_per_Day      
2617056076346310128           1         3.23                
2617056076346310128           2         2.44                
2617056076346310128           3         2.86                
2617056076346310128           4         2.84                
2617056076346310128           5         2.43                
2617056076346310128           6         3.61                
2617056076346310128           7         2.09                
2617056076346310128           8         2.68                
2617056076346310128           9         3.53                
2617056076346310128           10        2.79                
2617056076346310128           11        2.86                
2617056076346310128           12        3.38                
2617056076346310128           13        3.04                
2617056076346310128           14        2.78                
2617056076346310128           15        4.29                
