Sim_N                         Day       AVG_SF_per_Day      
1399738292472959498           1         3.93                
1399738292472959498           2         2.95                
1399738292472959498           3         3.11                
1399738292472959498           4         3.17                
1399738292472959498           5         2.96                
1399738292472959498           6         3.53                
1399738292472959498           7         2.74                
1399738292472959498           8         3.21                
1399738292472959498           9         2.84                
1399738292472959498           10        3.99                
1399738292472959498           11        2.33                
1399738292472959498           12        3.71                
1399738292472959498           13        2.04                
1399738292472959498           14        2.80                
1399738292472959498           15        4.78                
