Sim_N                         Day       AVG_SF_per_Day      
8919588044844703336           1         3.41                
8919588044844703336           2         2.94                
8919588044844703336           3         3.69                
8919588044844703336           4         3.44                
8919588044844703336           5         2.70                
8919588044844703336           6         3.88                
8919588044844703336           7         2.48                
8919588044844703336           8         3.11                
8919588044844703336           9         3.11                
8919588044844703336           10        3.01                
8919588044844703336           11        3.43                
8919588044844703336           12        2.91                
8919588044844703336           13        3.03                
8919588044844703336           14        3.39                
8919588044844703336           15        3.68                
