Sim_N                         Day       AVG_SF_per_Day      
9041668798069720798           1         3.48                
9041668798069720798           2         3.84                
9041668798069720798           3         3.97                
9041668798069720798           4         3.13                
9041668798069720798           5         3.42                
9041668798069720798           6         2.56                
9041668798069720798           7         2.12                
9041668798069720798           8         2.64                
9041668798069720798           9         2.99                
9041668798069720798           10        3.06                
9041668798069720798           11        2.90                
9041668798069720798           12        2.99                
9041668798069720798           13        3.56                
9041668798069720798           14        3.07                
9041668798069720798           15        4.29                
