Sim_N                         Day       AVG_SF_per_Day      
9019003052531087868           1         3.16                
9019003052531087868           2         2.64                
9019003052531087868           3         2.65                
9019003052531087868           4         3.00                
9019003052531087868           5         3.29                
9019003052531087868           6         2.95                
9019003052531087868           7         3.56                
9019003052531087868           8         3.41                
9019003052531087868           9         2.09                
9019003052531087868           10        3.39                
9019003052531087868           11        2.81                
9019003052531087868           12        3.53                
9019003052531087868           13        4.52                
9019003052531087868           14        3.64                
9019003052531087868           15        2.85                
