Sim_N                         Day       AVG_SF_per_Day      
6435008064811148563           1         3.06                
6435008064811148563           2         3.28                
6435008064811148563           3         2.34                
6435008064811148563           4         3.65                
6435008064811148563           5         2.16                
6435008064811148563           6         3.33                
6435008064811148563           7         2.62                
6435008064811148563           8         3.63                
6435008064811148563           9         2.55                
6435008064811148563           10        2.17                
6435008064811148563           11        3.68                
6435008064811148563           12        4.22                
6435008064811148563           13        2.53                
6435008064811148563           14        4.10                
6435008064811148563           15        3.58                
