Sim_N                         Day       AVG_SF_per_Day      
1221542205629772617           1         3.62                
1221542205629772617           2         2.82                
1221542205629772617           3         3.51                
1221542205629772617           4         3.25                
1221542205629772617           5         3.99                
1221542205629772617           6         3.61                
1221542205629772617           7         2.54                
1221542205629772617           8         2.95                
1221542205629772617           9         2.38                
1221542205629772617           10        2.37                
1221542205629772617           11        2.68                
1221542205629772617           12        2.69                
1221542205629772617           13        2.99                
1221542205629772617           14        3.30                
1221542205629772617           15        4.51                
