Sim_N                         Day       AVG_SF_per_Day      
5231868669394549366           1         4.15                
5231868669394549366           2         3.07                
5231868669394549366           3         2.71                
5231868669394549366           4         3.80                
5231868669394549366           5         3.74                
5231868669394549366           6         2.39                
5231868669394549366           7         3.04                
5231868669394549366           8         3.16                
5231868669394549366           9         3.55                
5231868669394549366           10        2.19                
5231868669394549366           11        3.88                
5231868669394549366           12        3.10                
5231868669394549366           13        2.68                
5231868669394549366           14        2.66                
5231868669394549366           15        4.63                
