Sim_N                         Day       AVG_SF_per_Day      
1671259369621026216           1         3.44                
1671259369621026216           2         4.23                
1671259369621026216           3         2.05                
1671259369621026216           4         3.03                
1671259369621026216           5         4.16                
1671259369621026216           6         2.70                
1671259369621026216           7         3.64                
1671259369621026216           8         2.57                
1671259369621026216           9         2.31                
1671259369621026216           10        2.25                
1671259369621026216           11        2.98                
1671259369621026216           12        2.89                
1671259369621026216           13        2.53                
1671259369621026216           14        2.97                
1671259369621026216           15        3.39                
