Sim_N                         Day       AVG_SF_per_Day      
8399167587686822695           1         4.01                
8399167587686822695           2         3.61                
8399167587686822695           3         3.05                
8399167587686822695           4         4.39                
8399167587686822695           5         2.29                
8399167587686822695           6         2.66                
8399167587686822695           7         3.66                
8399167587686822695           8         2.91                
8399167587686822695           9         3.71                
8399167587686822695           10        3.07                
8399167587686822695           11        4.36                
8399167587686822695           12        2.09                
8399167587686822695           13        3.41                
8399167587686822695           14        2.44                
8399167587686822695           15        4.66                
