Sim_N                         Day       AVG_SF_per_Day      
3379466833203982600           1         2.23                
3379466833203982600           2         3.47                
3379466833203982600           3         3.09                
3379466833203982600           4         2.25                
3379466833203982600           5         2.86                
3379466833203982600           6         2.71                
3379466833203982600           7         2.99                
3379466833203982600           8         3.16                
3379466833203982600           9         2.63                
3379466833203982600           10        3.26                
3379466833203982600           11        3.55                
3379466833203982600           12        2.63                
3379466833203982600           13        2.99                
3379466833203982600           14        2.63                
3379466833203982600           15        4.66                
