Sim_N                         Day       AVG_SF_per_Day      
2776385212960270711           1         4.40                
2776385212960270711           2         3.12                
2776385212960270711           3         2.93                
2776385212960270711           4         2.78                
2776385212960270711           5         2.76                
2776385212960270711           6         3.29                
2776385212960270711           7         2.53                
2776385212960270711           8         2.59                
2776385212960270711           9         2.10                
2776385212960270711           10        3.29                
2776385212960270711           11        4.63                
2776385212960270711           12        2.90                
2776385212960270711           13        3.25                
2776385212960270711           14        2.94                
2776385212960270711           15        3.97                
