Sim_N                         Day       AVG_SF_per_Day      
7699537325423299608           1         3.74                
7699537325423299608           2         2.65                
7699537325423299608           3         2.40                
7699537325423299608           4         3.24                
7699537325423299608           5         2.37                
7699537325423299608           6         3.07                
7699537325423299608           7         3.59                
7699537325423299608           8         2.53                
7699537325423299608           9         1.74                
7699537325423299608           10        3.11                
7699537325423299608           11        2.46                
7699537325423299608           12        3.65                
7699537325423299608           13        3.36                
7699537325423299608           14        2.48                
7699537325423299608           15        3.84                
