Sim_N                         Day       AVG_SF_per_Day      
3130101045453998501           1         2.99                
3130101045453998501           2         2.64                
3130101045453998501           3         2.63                
3130101045453998501           4         3.27                
3130101045453998501           5         2.69                
3130101045453998501           6         2.49                
3130101045453998501           7         3.59                
3130101045453998501           8         3.24                
3130101045453998501           9         3.17                
3130101045453998501           10        1.89                
3130101045453998501           11        3.49                
3130101045453998501           12        3.52                
3130101045453998501           13        2.77                
3130101045453998501           14        3.86                
3130101045453998501           15        3.68                
