Sim_N                         Day       AVG_SF_per_Day      
3018353672749742920           1         2.84                
3018353672749742920           2         3.21                
3018353672749742920           3         2.68                
3018353672749742920           4         2.75                
3018353672749742920           5         2.84                
3018353672749742920           6         4.04                
3018353672749742920           7         2.51                
3018353672749742920           8         3.87                
3018353672749742920           9         2.43                
3018353672749742920           10        2.07                
3018353672749742920           11        3.43                
3018353672749742920           12        2.06                
3018353672749742920           13        2.53                
3018353672749742920           14        3.28                
3018353672749742920           15        3.97                
