Sim_N                         Day       AVG_SF_per_Day      
5186465511644709670           1         3.32                
5186465511644709670           2         2.77                
5186465511644709670           3         3.58                
5186465511644709670           4         2.71                
5186465511644709670           5         2.44                
5186465511644709670           6         3.73                
5186465511644709670           7         2.84                
5186465511644709670           8         2.63                
5186465511644709670           9         2.95                
5186465511644709670           10        3.49                
5186465511644709670           11        2.50                
5186465511644709670           12        4.08                
5186465511644709670           13        2.54                
5186465511644709670           14        3.68                
5186465511644709670           15        4.98                
