Sim_N                         Day       AVG_SF_per_Day      
3357842322772620576           1         3.68                
3357842322772620576           2         3.31                
3357842322772620576           3         2.59                
3357842322772620576           4         2.92                
3357842322772620576           5         3.27                
3357842322772620576           6         4.02                
3357842322772620576           7         3.82                
3357842322772620576           8         2.67                
3357842322772620576           9         2.93                
3357842322772620576           10        4.15                
3357842322772620576           11        4.10                
3357842322772620576           12        2.38                
3357842322772620576           13        3.82                
3357842322772620576           14        2.79                
3357842322772620576           15        3.79                
