Sim_N                         Day       AVG_SF_per_Day      
1945288754250417990           1         2.70                
1945288754250417990           2         4.09                
1945288754250417990           3         2.38                
1945288754250417990           4         3.26                
1945288754250417990           5         3.63                
1945288754250417990           6         2.30                
1945288754250417990           7         2.73                
1945288754250417990           8         3.58                
1945288754250417990           9         3.41                
1945288754250417990           10        2.93                
1945288754250417990           11        3.33                
1945288754250417990           12        3.45                
1945288754250417990           13        3.22                
1945288754250417990           14        3.80                
1945288754250417990           15        3.75                
