Sim_N                         Day       AVG_SF_per_Day      
5964454670753588059           1         2.56                
5964454670753588059           2         3.40                
5964454670753588059           3         4.26                
5964454670753588059           4         3.11                
5964454670753588059           5         3.55                
5964454670753588059           6         4.16                
5964454670753588059           7         3.90                
5964454670753588059           8         3.62                
5964454670753588059           9         2.91                
5964454670753588059           10        3.15                
5964454670753588059           11        3.09                
5964454670753588059           12        1.90                
5964454670753588059           13        3.77                
5964454670753588059           14        4.06                
5964454670753588059           15        4.94                
