Sim_N                         Day       AVG_SF_per_Day      
4316603652919229054           1         2.29                
4316603652919229054           2         3.04                
4316603652919229054           3         3.69                
4316603652919229054           4         2.16                
4316603652919229054           5         2.44                
4316603652919229054           6         3.48                
4316603652919229054           7         2.49                
4316603652919229054           8         2.80                
4316603652919229054           9         3.56                
4316603652919229054           10        2.55                
4316603652919229054           11        3.56                
4316603652919229054           12        3.43                
4316603652919229054           13        3.08                
4316603652919229054           14        3.57                
4316603652919229054           15        3.12                
