Sim_N                         Day       AVG_SF_per_Day      
669438754110248569            1         2.58                
669438754110248569            2         3.44                
669438754110248569            3         2.64                
669438754110248569            4         3.92                
669438754110248569            5         4.03                
669438754110248569            6         2.97                
669438754110248569            7         2.74                
669438754110248569            8         2.65                
669438754110248569            9         2.59                
669438754110248569            10        3.55                
669438754110248569            11        2.86                
669438754110248569            12        3.23                
669438754110248569            13        4.27                
669438754110248569            14        3.04                
669438754110248569            15        3.42                
