Sim_N                         Day       AVG_SF_per_Day      
4964794628832780472           1         3.79                
4964794628832780472           2         2.96                
4964794628832780472           3         3.91                
4964794628832780472           4         4.61                
4964794628832780472           5         3.60                
4964794628832780472           6         3.06                
4964794628832780472           7         2.97                
4964794628832780472           8         2.54                
4964794628832780472           9         2.49                
4964794628832780472           10        3.73                
4964794628832780472           11        2.33                
4964794628832780472           12        3.57                
4964794628832780472           13        4.79                
4964794628832780472           14        2.68                
4964794628832780472           15        4.73                
