Sim_N                         Day       AVG_SF_per_Day      
6643865361644752298           1         3.34                
6643865361644752298           2         3.08                
6643865361644752298           3         3.19                
6643865361644752298           4         3.68                
6643865361644752298           5         2.87                
6643865361644752298           6         3.62                
6643865361644752298           7         3.22                
6643865361644752298           8         3.44                
6643865361644752298           9         4.79                
6643865361644752298           10        2.67                
6643865361644752298           11        2.02                
6643865361644752298           12        3.60                
6643865361644752298           13        3.49                
6643865361644752298           14        2.88                
6643865361644752298           15        4.20                
