Sim_N                         Day       AVG_SF_per_Day      
8616016640496410008           1         3.98                
8616016640496410008           2         2.84                
8616016640496410008           3         4.05                
8616016640496410008           4         2.64                
8616016640496410008           5         3.27                
8616016640496410008           6         2.70                
8616016640496410008           7         4.48                
8616016640496410008           8         3.03                
8616016640496410008           9         2.68                
8616016640496410008           10        2.02                
8616016640496410008           11        2.81                
8616016640496410008           12        2.24                
8616016640496410008           13        3.18                
8616016640496410008           14        3.19                
8616016640496410008           15        3.86                
