Sim_N                         Day       AVG_SF_per_Day      
2768535552777249832           1         3.38                
2768535552777249832           2         3.27                
2768535552777249832           3         3.61                
2768535552777249832           4         3.54                
2768535552777249832           5         1.95                
2768535552777249832           6         2.79                
2768535552777249832           7         2.46                
2768535552777249832           8         3.04                
2768535552777249832           9         2.85                
2768535552777249832           10        3.12                
2768535552777249832           11        3.84                
2768535552777249832           12        2.41                
2768535552777249832           13        2.16                
2768535552777249832           14        4.11                
2768535552777249832           15        4.35                
