Sim_N                         Day       AVG_SF_per_Day      
6914447658946187976           1         2.96                
6914447658946187976           2         3.38                
6914447658946187976           3         3.14                
6914447658946187976           4         3.53                
6914447658946187976           5         3.52                
6914447658946187976           6         3.67                
6914447658946187976           7         3.51                
6914447658946187976           8         2.92                
6914447658946187976           9         2.74                
6914447658946187976           10        2.57                
6914447658946187976           11        2.88                
6914447658946187976           12        3.80                
6914447658946187976           13        2.27                
6914447658946187976           14        3.13                
6914447658946187976           15        4.57                
