Sim_N                         Day       AVG_SF_per_Day      
8846961956918017894           1         2.78                
8846961956918017894           2         3.49                
8846961956918017894           3         2.64                
8846961956918017894           4         2.36                
8846961956918017894           5         3.66                
8846961956918017894           6         2.50                
8846961956918017894           7         3.29                
8846961956918017894           8         3.31                
8846961956918017894           9         2.76                
8846961956918017894           10        2.88                
8846961956918017894           11        2.33                
8846961956918017894           12        3.22                
8846961956918017894           13        4.25                
8846961956918017894           14        2.83                
8846961956918017894           15        3.93                
