Sim_N                         Day       AVG_SF_per_Day      
3898776617092734081           1         2.62                
3898776617092734081           2         3.94                
3898776617092734081           3         1.68                
3898776617092734081           4         2.27                
3898776617092734081           5         2.77                
3898776617092734081           6         4.11                
3898776617092734081           7         2.83                
3898776617092734081           8         3.68                
3898776617092734081           9         4.20                
3898776617092734081           10        2.54                
3898776617092734081           11        2.62                
3898776617092734081           12        4.30                
3898776617092734081           13        2.47                
3898776617092734081           14        3.70                
3898776617092734081           15        3.40                
