Sim_N                         Day       AVG_SF_per_Day      
614902713625827406            1         3.65                
614902713625827406            2         3.54                
614902713625827406            3         3.50                
614902713625827406            4         2.21                
614902713625827406            5         2.22                
614902713625827406            6         3.17                
614902713625827406            7         3.60                
614902713625827406            8         2.92                
614902713625827406            9         2.70                
614902713625827406            10        2.26                
614902713625827406            11        3.62                
614902713625827406            12        3.14                
614902713625827406            13        2.63                
614902713625827406            14        2.15                
614902713625827406            15        3.56                
