Sim_N                         Day       AVG_SF_per_Day      
7832592404854497113           1         4.26                
7832592404854497113           2         3.39                
7832592404854497113           3         1.78                
7832592404854497113           4         3.23                
7832592404854497113           5         2.51                
7832592404854497113           6         3.38                
7832592404854497113           7         2.74                
7832592404854497113           8         2.70                
7832592404854497113           9         2.19                
7832592404854497113           10        3.38                
7832592404854497113           11        2.92                
7832592404854497113           12        2.37                
7832592404854497113           13        3.06                
7832592404854497113           14        3.29                
7832592404854497113           15        4.92                
