Sim_N                         Day       AVG_SF_per_Day      
56920154652132721             1         3.80                
56920154652132721             2         3.01                
56920154652132721             3         2.43                
56920154652132721             4         3.86                
56920154652132721             5         2.55                
56920154652132721             6         3.20                
56920154652132721             7         2.89                
56920154652132721             8         3.42                
56920154652132721             9         2.83                
56920154652132721             10        3.43                
56920154652132721             11        3.72                
56920154652132721             12        2.89                
56920154652132721             13        3.42                
56920154652132721             14        3.55                
56920154652132721             15        3.61                
