Sim_N                         Day       AVG_SF_per_Day      
3047387463936602737           1         3.08                
3047387463936602737           2         3.13                
3047387463936602737           3         2.79                
3047387463936602737           4         2.99                
3047387463936602737           5         3.37                
3047387463936602737           6         2.87                
3047387463936602737           7         3.01                
3047387463936602737           8         2.38                
3047387463936602737           9         3.14                
3047387463936602737           10        3.33                
3047387463936602737           11        2.24                
3047387463936602737           12        2.76                
3047387463936602737           13        2.26                
3047387463936602737           14        3.99                
3047387463936602737           15        4.36                
