Sim_N                         Day       AVG_SF_per_Day      
65463028892762651             1         3.23                
65463028892762651             2         3.17                
65463028892762651             3         2.93                
65463028892762651             4         3.59                
65463028892762651             5         3.66                
65463028892762651             6         2.70                
65463028892762651             7         3.18                
65463028892762651             8         3.37                
65463028892762651             9         4.04                
65463028892762651             10        3.04                
65463028892762651             11        3.52                
65463028892762651             12        2.76                
65463028892762651             13        3.11                
65463028892762651             14        2.02                
65463028892762651             15        4.15                
