Sim_N                         Day       AVG_SF_per_Day      
7297409488305070270           1         2.39                
7297409488305070270           2         2.21                
7297409488305070270           3         3.30                
7297409488305070270           4         2.65                
7297409488305070270           5         3.05                
7297409488305070270           6         2.70                
7297409488305070270           7         3.21                
7297409488305070270           8         2.36                
7297409488305070270           9         2.30                
7297409488305070270           10        3.05                
7297409488305070270           11        2.79                
7297409488305070270           12        3.62                
7297409488305070270           13        3.35                
7297409488305070270           14        2.87                
7297409488305070270           15        3.47                
