Sim_N                         Day       AVG_SF_per_Day      
4395557171070439603           1         3.84                
4395557171070439603           2         2.20                
4395557171070439603           3         2.54                
4395557171070439603           4         3.53                
4395557171070439603           5         3.29                
4395557171070439603           6         2.99                
4395557171070439603           7         3.07                
4395557171070439603           8         2.65                
4395557171070439603           9         3.27                
4395557171070439603           10        3.59                
4395557171070439603           11        3.59                
4395557171070439603           12        3.26                
4395557171070439603           13        2.89                
4395557171070439603           14        3.52                
4395557171070439603           15        3.66                
