Sim_N                         Day       AVG_SF_per_Day      
5774864694143772843           1         2.68                
5774864694143772843           2         3.72                
5774864694143772843           3         3.33                
5774864694143772843           4         2.41                
5774864694143772843           5         2.82                
5774864694143772843           6         2.41                
5774864694143772843           7         4.18                
5774864694143772843           8         3.30                
5774864694143772843           9         3.92                
5774864694143772843           10        2.95                
5774864694143772843           11        3.19                
5774864694143772843           12        2.62                
5774864694143772843           13        2.79                
5774864694143772843           14        2.43                
5774864694143772843           15        3.59                
