Sim_N                         Day       AVG_SF_per_Day      
8697401989965929354           1         4.08                
8697401989965929354           2         2.64                
8697401989965929354           3         3.65                
8697401989965929354           4         3.17                
8697401989965929354           5         2.73                
8697401989965929354           6         3.21                
8697401989965929354           7         3.80                
8697401989965929354           8         3.28                
8697401989965929354           9         2.40                
8697401989965929354           10        3.45                
8697401989965929354           11        2.65                
8697401989965929354           12        2.87                
8697401989965929354           13        3.51                
8697401989965929354           14        2.63                
8697401989965929354           15        3.62                
