Sim_N                         Day       AVG_SF_per_Day      
2477512955121239675           1         3.53                
2477512955121239675           2         2.88                
2477512955121239675           3         2.38                
2477512955121239675           4         2.21                
2477512955121239675           5         3.69                
2477512955121239675           6         3.42                
2477512955121239675           7         2.47                
2477512955121239675           8         3.00                
2477512955121239675           9         2.49                
2477512955121239675           10        2.94                
2477512955121239675           11        3.97                
2477512955121239675           12        2.56                
2477512955121239675           13        4.20                
2477512955121239675           14        2.38                
2477512955121239675           15        4.74                
