Sim_N                         Day       AVG_SF_per_Day      
6628277888487812207           1         3.58                
6628277888487812207           2         2.57                
6628277888487812207           3         2.82                
6628277888487812207           4         3.04                
6628277888487812207           5         2.93                
6628277888487812207           6         2.84                
6628277888487812207           7         3.04                
6628277888487812207           8         2.14                
6628277888487812207           9         3.28                
6628277888487812207           10        3.31                
6628277888487812207           11        4.62                
6628277888487812207           12        3.67                
6628277888487812207           13        3.11                
6628277888487812207           14        2.66                
6628277888487812207           15        3.24                
