Sim_N                         Day       AVG_SF_per_Day      
4494912422453346186           1         3.97                
4494912422453346186           2         2.45                
4494912422453346186           3         2.61                
4494912422453346186           4         3.13                
4494912422453346186           5         3.76                
4494912422453346186           6         2.90                
4494912422453346186           7         3.65                
4494912422453346186           8         2.47                
4494912422453346186           9         3.40                
4494912422453346186           10        2.84                
4494912422453346186           11        3.38                
4494912422453346186           12        3.54                
4494912422453346186           13        4.11                
4494912422453346186           14        3.39                
4494912422453346186           15        3.76                
