Sim_N                         Day       AVG_SF_per_Day      
6995539361100861590           1         3.46                
6995539361100861590           2         3.27                
6995539361100861590           3         2.63                
6995539361100861590           4         3.54                
6995539361100861590           5         2.65                
6995539361100861590           6         4.44                
6995539361100861590           7         2.53                
6995539361100861590           8         2.08                
6995539361100861590           9         3.23                
6995539361100861590           10        4.09                
6995539361100861590           11        2.97                
6995539361100861590           12        3.09                
6995539361100861590           13        2.32                
6995539361100861590           14        3.10                
6995539361100861590           15        3.61                
