Sim_N                         Day       AVG_SF_per_Day      
187336297033595173            1         2.86                
187336297033595173            2         2.98                
187336297033595173            3         4.55                
187336297033595173            4         3.09                
187336297033595173            5         3.71                
187336297033595173            6         3.39                
187336297033595173            7         2.54                
187336297033595173            8         2.84                
187336297033595173            9         3.17                
187336297033595173            10        2.82                
187336297033595173            11        2.28                
187336297033595173            12        3.28                
187336297033595173            13        3.28                
187336297033595173            14        3.58                
187336297033595173            15        3.28                
