Sim_N                         Day       AVG_SF_per_Day      
7242797597407223031           1         3.03                
7242797597407223031           2         2.83                
7242797597407223031           3         3.71                
7242797597407223031           4         2.71                
7242797597407223031           5         2.16                
7242797597407223031           6         3.16                
7242797597407223031           7         3.26                
7242797597407223031           8         3.98                
7242797597407223031           9         4.82                
7242797597407223031           10        2.84                
7242797597407223031           11        2.52                
7242797597407223031           12        3.67                
7242797597407223031           13        3.80                
7242797597407223031           14        2.40                
7242797597407223031           15        4.08                
