Sim_N                         Day       AVG_SF_per_Day      
2590254464456416064           1         3.36                
2590254464456416064           2         3.78                
2590254464456416064           3         2.92                
2590254464456416064           4         3.02                
2590254464456416064           5         4.21                
2590254464456416064           6         3.96                
2590254464456416064           7         3.09                
2590254464456416064           8         3.23                
2590254464456416064           9         3.08                
2590254464456416064           10        2.51                
2590254464456416064           11        2.20                
2590254464456416064           12        3.22                
2590254464456416064           13        3.73                
2590254464456416064           14        3.15                
2590254464456416064           15        3.91                
