Sim_N                         Day       AVG_SF_per_Day      
8304407486326697242           1         3.68                
8304407486326697242           2         3.02                
8304407486326697242           3         1.98                
8304407486326697242           4         2.76                
8304407486326697242           5         2.98                
8304407486326697242           6         3.21                
8304407486326697242           7         2.76                
8304407486326697242           8         3.66                
8304407486326697242           9         3.81                
8304407486326697242           10        2.68                
8304407486326697242           11        2.48                
8304407486326697242           12        1.90                
8304407486326697242           13        2.81                
8304407486326697242           14        2.98                
8304407486326697242           15        3.98                
