Sim_N                         Day       AVG_SF_per_Day      
3343555444084993218           1         3.93                
3343555444084993218           2         3.52                
3343555444084993218           3         2.67                
3343555444084993218           4         3.94                
3343555444084993218           5         3.12                
3343555444084993218           6         2.72                
3343555444084993218           7         2.24                
3343555444084993218           8         3.01                
3343555444084993218           9         3.28                
3343555444084993218           10        3.16                
3343555444084993218           11        3.50                
3343555444084993218           12        2.84                
3343555444084993218           13        3.20                
3343555444084993218           14        2.14                
3343555444084993218           15        3.82                
