Sim_N                         Day       AVG_SF_per_Day      
1366337877380003823           1         3.24                
1366337877380003823           2         2.40                
1366337877380003823           3         3.36                
1366337877380003823           4         3.54                
1366337877380003823           5         3.21                
1366337877380003823           6         3.24                
1366337877380003823           7         2.49                
1366337877380003823           8         1.95                
1366337877380003823           9         2.56                
1366337877380003823           10        2.09                
1366337877380003823           11        3.74                
1366337877380003823           12        2.91                
1366337877380003823           13        1.81                
1366337877380003823           14        2.07                
1366337877380003823           15        3.70                
