Sim_N                         Day       AVG_SF_per_Day      
4509539577128132652           1         4.52                
4509539577128132652           2         4.23                
4509539577128132652           3         3.36                
4509539577128132652           4         2.74                
4509539577128132652           5         2.74                
4509539577128132652           6         2.51                
4509539577128132652           7         3.23                
4509539577128132652           8         2.73                
4509539577128132652           9         3.44                
4509539577128132652           10        2.79                
4509539577128132652           11        2.40                
4509539577128132652           12        2.71                
4509539577128132652           13        2.89                
4509539577128132652           14        3.24                
4509539577128132652           15        4.12                
