Sim_N                         Day       AVG_SF_per_Day      
1559442473384807736           1         3.62                
1559442473384807736           2         4.30                
1559442473384807736           3         3.75                
1559442473384807736           4         3.43                
1559442473384807736           5         3.49                
1559442473384807736           6         3.27                
1559442473384807736           7         2.48                
1559442473384807736           8         3.29                
1559442473384807736           9         3.72                
1559442473384807736           10        3.50                
1559442473384807736           11        2.44                
1559442473384807736           12        2.86                
1559442473384807736           13        3.82                
1559442473384807736           14        3.06                
1559442473384807736           15        3.97                
