Sim_N                         Day       AVG_SF_per_Day      
5339440585458266146           1         2.75                
5339440585458266146           2         4.64                
5339440585458266146           3         5.00                
5339440585458266146           4         2.87                
5339440585458266146           5         2.65                
5339440585458266146           6         3.41                
5339440585458266146           7         2.25                
5339440585458266146           8         3.31                
5339440585458266146           9         2.50                
5339440585458266146           10        2.29                
5339440585458266146           11        3.20                
5339440585458266146           12        2.73                
5339440585458266146           13        3.53                
5339440585458266146           14        2.55                
5339440585458266146           15        3.74                
