Sim_N                         Day       AVG_SF_per_Day      
138352709750362264            1         3.45                
138352709750362264            2         3.05                
138352709750362264            3         2.92                
138352709750362264            4         3.73                
138352709750362264            5         3.39                
138352709750362264            6         3.37                
138352709750362264            7         2.16                
138352709750362264            8         2.88                
138352709750362264            9         3.29                
138352709750362264            10        2.77                
138352709750362264            11        1.95                
138352709750362264            12        3.11                
138352709750362264            13        3.51                
138352709750362264            14        3.79                
138352709750362264            15        4.12                
