Sim_N                         Day       AVG_SF_per_Day      
3662229885627667209           1         4.25                
3662229885627667209           2         2.38                
3662229885627667209           3         3.49                
3662229885627667209           4         3.24                
3662229885627667209           5         2.24                
3662229885627667209           6         2.95                
3662229885627667209           7         2.45                
3662229885627667209           8         2.28                
3662229885627667209           9         2.90                
3662229885627667209           10        2.47                
3662229885627667209           11        2.68                
3662229885627667209           12        3.20                
3662229885627667209           13        3.22                
3662229885627667209           14        3.42                
3662229885627667209           15        3.45                
