Sim_N                         Day       AVG_SF_per_Day      
4947164806924178414           1         3.62                
4947164806924178414           2         2.87                
4947164806924178414           3         2.98                
4947164806924178414           4         3.18                
4947164806924178414           5         2.88                
4947164806924178414           6         4.57                
4947164806924178414           7         2.78                
4947164806924178414           8         3.79                
4947164806924178414           9         2.58                
4947164806924178414           10        2.94                
4947164806924178414           11        3.72                
4947164806924178414           12        4.14                
4947164806924178414           13        2.82                
4947164806924178414           14        2.67                
4947164806924178414           15        4.10                
