Sim_N                         Day       AVG_SF_per_Day      
7484260172398883916           1         2.66                
7484260172398883916           2         3.11                
7484260172398883916           3         3.36                
7484260172398883916           4         3.33                
7484260172398883916           5         3.11                
7484260172398883916           6         3.25                
7484260172398883916           7         3.37                
7484260172398883916           8         4.42                
7484260172398883916           9         3.01                
7484260172398883916           10        2.62                
7484260172398883916           11        2.92                
7484260172398883916           12        2.86                
7484260172398883916           13        3.41                
7484260172398883916           14        2.31                
7484260172398883916           15        4.88                
