Sim_N                         Day       AVG_SF_per_Day      
1261801919746229320           1         2.25                
1261801919746229320           2         3.66                
1261801919746229320           3         3.67                
1261801919746229320           4         2.34                
1261801919746229320           5         2.45                
1261801919746229320           6         2.84                
1261801919746229320           7         3.04                
1261801919746229320           8         2.61                
1261801919746229320           9         3.15                
1261801919746229320           10        2.86                
1261801919746229320           11        2.73                
1261801919746229320           12        2.48                
1261801919746229320           13        3.78                
1261801919746229320           14        3.84                
1261801919746229320           15        4.38                
