Sim_N                         Day       Time      New_Patients        Waiting        Assigned  Discharged     Beds_Avail_EOH 
4486592841173600778           1         0:00      5                   0              3         2              5              
4486592841173600778           1         1:00      0                   0              3         0              5              
4486592841173600778           1         2:00      5                   0              7         1              1              
4486592841173600778           1         3:00      2                   0              7         2              1              
4486592841173600778           1         4:00      5                   1              8         3              0              
4486592841173600778           1         5:00      4                   4              8         1              0              
4486592841173600778           1         6:00      3                   7              8         0              0              
4486592841173600778           1         7:00      3                   8              8         1              0              
4486592841173600778           1         8:00      1                   9              8         0              0              
4486592841173600778           1         9:00      1                   10             8         0              0              
4486592841173600778           1         10:00     1                   10             8         1              0              
4486592841173600778           1         11:00     4                   13             8         1              0              
4486592841173600778           1         12:00     1                   12             8         2              0              
4486592841173600778           1         13:00     4                   13             8         3              0              
4486592841173600778           1         14:00     0                   12             8         1              0              
4486592841173600778           1         15:00     5                   17             8         0              0              
4486592841173600778           1         16:00     2                   17             8         2              0              
4486592841173600778           1         17:00     0                   14             8         3              0              
4486592841173600778           1         18:00     1                   13             8         2              0              
4486592841173600778           1         19:00     1                   13             8         1              0              
4486592841173600778           1         20:00     4                   16             8         1              0              
4486592841173600778           1         21:00     0                   14             8         2              0              
4486592841173600778           1         22:00     5                   17             8         2              0              
4486592841173600778           1         23:00     1                   15             8         3              0              
4486592841173600778           2         0:00      4                   19             8         0              0              
4486592841173600778           2         1:00      1                   17             8         3              0              
4486592841173600778           2         2:00      5                   17             8         4              0              
4486592841173600778           2         3:00      2                   17             8         2              0              
4486592841173600778           2         4:00      5                   22             8         0              0              
4486592841173600778           2         5:00      3                   24             8         0              0              
4486592841173600778           2         6:00      4                   27             8         1              0              
4486592841173600778           2         7:00      4                   31             8         0              0              
4486592841173600778           2         8:00      0                   29             8         2              0              
4486592841173600778           2         9:00      1                   30             8         0              0              
4486592841173600778           2         10:00     2                   31             8         0              0              
4486592841173600778           2         11:00     4                   34             8         0              0              
4486592841173600778           2         12:00     3                   32             8         2              0              
4486592841173600778           2         13:00     2                   33             8         0              0              
4486592841173600778           2         14:00     1                   32             8         1              0              
4486592841173600778           2         15:00     1                   31             8         0              0              
4486592841173600778           2         16:00     5                   33             8         0              0              
4486592841173600778           2         17:00     5                   32             8         3              0              
4486592841173600778           2         18:00     5                   35             8         2              0              
4486592841173600778           2         19:00     3                   35             8         1              0              
4486592841173600778           2         20:00     3                   35             8         1              0              
4486592841173600778           2         21:00     3                   36             8         2              0              
4486592841173600778           2         22:00     2                   36             8         2              0              
4486592841173600778           2         23:00     2                   37             8         1              0              
4486592841173600778           3         0:00      1                   34             8         1              0              
4486592841173600778           3         1:00      1                   32             8         3              0              
4486592841173600778           3         2:00      1                   32             8         1              0              
4486592841173600778           3         3:00      2                   31             8         2              0              
4486592841173600778           3         4:00      1                   31             8         1              0              
4486592841173600778           3         5:00      2                   28             8         1              0              
4486592841173600778           3         6:00      3                   26             8         1              0              
4486592841173600778           3         7:00      5                   28             8         1              0              
4486592841173600778           3         8:00      0                   23             8         4              0              
4486592841173600778           3         9:00      3                   24             8         1              0              
4486592841173600778           3         10:00     5                   26             8         1              0              
4486592841173600778           3         11:00     5                   28             8         0              0              
4486592841173600778           3         12:00     5                   30             8         2              0              
4486592841173600778           3         13:00     1                   29             8         2              0              
4486592841173600778           3         14:00     0                   27             8         2              0              
4486592841173600778           3         15:00     1                   27             8         1              0              
4486592841173600778           3         16:00     0                   25             8         2              0              
4486592841173600778           3         17:00     2                   27             8         0              0              
4486592841173600778           3         18:00     2                   26             8         3              0              
4486592841173600778           3         19:00     3                   28             8         1              0              
4486592841173600778           3         20:00     1                   25             8         2              0              
4486592841173600778           3         21:00     1                   26             8         0              0              
4486592841173600778           3         22:00     0                   20             8         2              0              
4486592841173600778           3         23:00     3                   20             8         0              0              
4486592841173600778           4         0:00      3                   19             8         2              0              
4486592841173600778           4         1:00      0                   17             8         1              0              
4486592841173600778           4         2:00      1                   14             8         4              0              
4486592841173600778           4         3:00      4                   15             8         3              0              
4486592841173600778           4         4:00      0                   14             8         1              0              
4486592841173600778           4         5:00      5                   18             8         1              0              
4486592841173600778           4         6:00      1                   18             8         1              0              
4486592841173600778           4         7:00      4                   18             8         4              0              
4486592841173600778           4         8:00      0                   18             8         0              0              
4486592841173600778           4         9:00      4                   20             8         2              0              
4486592841173600778           4         10:00     5                   25             8         0              0              
4486592841173600778           4         11:00     3                   27             8         1              0              
4486592841173600778           4         12:00     3                   29             8         1              0              
4486592841173600778           4         13:00     1                   30             8         0              0              
4486592841173600778           4         14:00     4                   33             8         1              0              
4486592841173600778           4         15:00     1                   33             8         0              0              
4486592841173600778           4         16:00     5                   33             8         2              0              
4486592841173600778           4         17:00     4                   36             8         1              0              
4486592841173600778           4         18:00     5                   38             8         3              0              
4486592841173600778           4         19:00     0                   35             8         1              0              
4486592841173600778           4         20:00     5                   38             8         1              0              
4486592841173600778           4         21:00     3                   38             8         3              0              
4486592841173600778           4         22:00     3                   37             8         1              0              
4486592841173600778           4         23:00     4                   37             8         2              0              
4486592841173600778           5         0:00      3                   39             8         0              0              
4486592841173600778           5         1:00      0                   36             8         1              0              
4486592841173600778           5         2:00      0                   32             8         2              0              
4486592841173600778           5         3:00      0                   30             8         1              0              
4486592841173600778           5         4:00      0                   26             8         4              0              
4486592841173600778           5         5:00      3                   27             8         0              0              
4486592841173600778           5         6:00      1                   24             8         1              0              
4486592841173600778           5         7:00      1                   21             8         1              0              
4486592841173600778           5         8:00      4                   25             8         0              0              
4486592841173600778           5         9:00      2                   20             8         2              0              
4486592841173600778           5         10:00     0                   17             8         1              0              
4486592841173600778           5         11:00     4                   19             8         0              0              
4486592841173600778           5         12:00     2                   18             8         1              0              
4486592841173600778           5         13:00     4                   19             8         0              0              
4486592841173600778           5         14:00     5                   23             8         1              0              
4486592841173600778           5         15:00     5                   27             8         0              0              
4486592841173600778           5         16:00     1                   28             8         0              0              
4486592841173600778           5         17:00     1                   27             8         2              0              
4486592841173600778           5         18:00     2                   25             8         4              0              
4486592841173600778           5         19:00     0                   25             8         0              0              
4486592841173600778           5         20:00     2                   26             8         0              0              
4486592841173600778           5         21:00     5                   27             8         2              0              
4486592841173600778           5         22:00     2                   23             8         6              0              
4486592841173600778           5         23:00     3                   26             8         0              0              
4486592841173600778           6         0:00      2                   27             8         1              0              
4486592841173600778           6         1:00      5                   31             8         1              0              
4486592841173600778           6         2:00      4                   33             8         1              0              
4486592841173600778           6         3:00      1                   30             8         0              0              
4486592841173600778           6         4:00      2                   24             8         3              0              
4486592841173600778           6         5:00      3                   25             8         2              0              
4486592841173600778           6         6:00      4                   29             8         0              0              
4486592841173600778           6         7:00      3                   32             8         0              0              
4486592841173600778           6         8:00      2                   33             8         1              0              
4486592841173600778           6         9:00      3                   35             8         1              0              
4486592841173600778           6         10:00     4                   35             8         1              0              
4486592841173600778           6         11:00     0                   34             8         0              0              
4486592841173600778           6         12:00     2                   32             8         1              0              
4486592841173600778           6         13:00     5                   32             8         4              0              
4486592841173600778           6         14:00     2                   31             8         2              0              
4486592841173600778           6         15:00     0                   28             8         3              0              
4486592841173600778           6         16:00     3                   28             8         3              0              
4486592841173600778           6         17:00     1                   28             8         1              0              
4486592841173600778           6         18:00     2                   27             8         3              0              
4486592841173600778           6         19:00     0                   25             8         0              0              
4486592841173600778           6         20:00     1                   23             8         1              0              
4486592841173600778           6         21:00     2                   23             8         1              0              
4486592841173600778           6         22:00     1                   21             8         0              0              
4486592841173600778           6         23:00     0                   19             8         1              0              
4486592841173600778           7         0:00      3                   20             8         0              0              
4486592841173600778           7         1:00      5                   22             8         3              0              
4486592841173600778           7         2:00      4                   23             8         0              0              
4486592841173600778           7         3:00      4                   25             8         0              0              
4486592841173600778           7         4:00      5                   27             8         3              0              
4486592841173600778           7         5:00      2                   27             8         2              0              
4486592841173600778           7         6:00      2                   25             8         4              0              
4486592841173600778           7         7:00      4                   27             8         2              0              
4486592841173600778           7         8:00      4                   29             8         2              0              
4486592841173600778           7         9:00      5                   32             8         1              0              
4486592841173600778           7         10:00     0                   30             8         2              0              
4486592841173600778           7         11:00     4                   31             8         3              0              
4486592841173600778           7         12:00     5                   33             8         3              0              
4486592841173600778           7         13:00     3                   33             8         3              0              
4486592841173600778           7         14:00     5                   34             8         3              0              
4486592841173600778           7         15:00     3                   36             8         1              0              
4486592841173600778           7         16:00     1                   34             8         3              0              
4486592841173600778           7         17:00     2                   35             8         1              0              
4486592841173600778           7         18:00     2                   37             8         0              0              
4486592841173600778           7         19:00     2                   36             8         1              0              
4486592841173600778           7         20:00     3                   36             8         0              0              
4486592841173600778           7         21:00     0                   30             8         3              0              
4486592841173600778           7         22:00     0                   28             8         2              0              
4486592841173600778           7         23:00     3                   30             8         1              0              
4486592841173600778           8         0:00      0                   26             8         2              0              
4486592841173600778           8         1:00      4                   25             8         1              0              
4486592841173600778           8         2:00      4                   24             8         0              0              
4486592841173600778           8         3:00      1                   23             8         1              0              
4486592841173600778           8         4:00      1                   21             8         3              0              
4486592841173600778           8         5:00      4                   22             8         3              0              
4486592841173600778           8         6:00      5                   24             8         2              0              
4486592841173600778           8         7:00      1                   23             8         2              0              
4486592841173600778           8         8:00      3                   24             8         2              0              
4486592841173600778           8         9:00      5                   28             8         1              0              
4486592841173600778           8         10:00     1                   28             8         1              0              
4486592841173600778           8         11:00     3                   30             8         1              0              
4486592841173600778           8         12:00     5                   35             8         0              0              
4486592841173600778           8         13:00     0                   33             8         1              0              
4486592841173600778           8         14:00     4                   34             8         2              0              
4486592841173600778           8         15:00     4                   34             8         1              0              
4486592841173600778           8         16:00     5                   38             8         1              0              
4486592841173600778           8         17:00     1                   37             8         1              0              
4486592841173600778           8         18:00     5                   38             8         0              0              
4486592841173600778           8         19:00     2                   37             8         0              0              
4486592841173600778           8         20:00     2                   38             8         1              0              
4486592841173600778           8         21:00     5                   38             8         2              0              
4486592841173600778           8         22:00     1                   35             8         3              0              
4486592841173600778           8         23:00     1                   35             8         1              0              
4486592841173600778           9         0:00      4                   34             8         2              0              
4486592841173600778           9         1:00      3                   34             8         2              0              
4486592841173600778           9         2:00      5                   37             8         1              0              
4486592841173600778           9         3:00      4                   37             8         1              0              
4486592841173600778           9         4:00      2                   34             8         1              0              
4486592841173600778           9         5:00      5                   34             8         3              0              
4486592841173600778           9         6:00      1                   34             8         1              0              
4486592841173600778           9         7:00      0                   31             8         1              0              
4486592841173600778           9         8:00      4                   33             8         0              0              
4486592841173600778           9         9:00      0                   29             8         0              0              
4486592841173600778           9         10:00     0                   28             8         0              0              
4486592841173600778           9         11:00     3                   29             8         0              0              
4486592841173600778           9         12:00     3                   28             8         4              0              
4486592841173600778           9         13:00     1                   28             8         0              0              
4486592841173600778           9         14:00     3                   28             8         2              0              
4486592841173600778           9         15:00     3                   25             8         2              0              
4486592841173600778           9         16:00     2                   26             8         1              0              
4486592841173600778           9         17:00     5                   28             8         0              0              
4486592841173600778           9         18:00     2                   27             8         1              0              
4486592841173600778           9         19:00     5                   30             8         0              0              
4486592841173600778           9         20:00     2                   27             8         5              0              
4486592841173600778           9         21:00     4                   30             8         0              0              
4486592841173600778           9         22:00     4                   34             8         0              0              
4486592841173600778           9         23:00     0                   32             8         1              0              
4486592841173600778           10        0:00      0                   31             8         0              0              
4486592841173600778           10        1:00      3                   31             8         3              0              
4486592841173600778           10        2:00      4                   33             8         1              0              
4486592841173600778           10        3:00      3                   30             8         1              0              
4486592841173600778           10        4:00      5                   33             8         2              0              
4486592841173600778           10        5:00      5                   35             8         3              0              
4486592841173600778           10        6:00      4                   35             8         1              0              
4486592841173600778           10        7:00      1                   34             8         2              0              
4486592841173600778           10        8:00      3                   33             8         2              0              
4486592841173600778           10        9:00      1                   30             8         4              0              
4486592841173600778           10        10:00     1                   29             8         0              0              
4486592841173600778           10        11:00     5                   30             8         4              0              
4486592841173600778           10        12:00     5                   33             8         1              0              
4486592841173600778           10        13:00     3                   34             8         2              0              
4486592841173600778           10        14:00     0                   32             8         2              0              
4486592841173600778           10        15:00     5                   36             8         1              0              
4486592841173600778           10        16:00     1                   35             8         2              0              
4486592841173600778           10        17:00     4                   34             8         3              0              
4486592841173600778           10        18:00     1                   31             8         1              0              
4486592841173600778           10        19:00     5                   33             8         0              0              
4486592841173600778           10        20:00     2                   33             8         2              0              
4486592841173600778           10        21:00     3                   33             8         1              0              
4486592841173600778           10        22:00     4                   37             8         0              0              
4486592841173600778           10        23:00     5                   39             8         3              0              
4486592841173600778           11        0:00      0                   34             8         3              0              
4486592841173600778           11        1:00      5                   35             8         3              0              
4486592841173600778           11        2:00      4                   38             8         1              0              
4486592841173600778           11        3:00      5                   41             8         1              0              
4486592841173600778           11        4:00      5                   41             8         2              0              
4486592841173600778           11        5:00      4                   44             8         1              0              
4486592841173600778           11        6:00      2                   42             8         1              0              
4486592841173600778           11        7:00      3                   42             8         0              0              
4486592841173600778           11        8:00      3                   41             8         3              0              
4486592841173600778           11        9:00      4                   42             8         3              0              
4486592841173600778           11        10:00     1                   41             8         0              0              
4486592841173600778           11        11:00     5                   42             8         3              0              
4486592841173600778           11        12:00     0                   38             8         2              0              
4486592841173600778           11        13:00     0                   34             8         3              0              
4486592841173600778           11        14:00     0                   33             8         1              0              
4486592841173600778           11        15:00     5                   31             8         2              0              
4486592841173600778           11        16:00     1                   28             8         0              0              
4486592841173600778           11        17:00     2                   28             8         1              0              
4486592841173600778           11        18:00     2                   28             8         0              0              
4486592841173600778           11        19:00     3                   26             8         3              0              
4486592841173600778           11        20:00     5                   29             8         1              0              
4486592841173600778           11        21:00     2                   26             8         5              0              
4486592841173600778           11        22:00     1                   20             8         6              0              
4486592841173600778           11        23:00     3                   20             8         3              0              
4486592841173600778           12        0:00      4                   22             8         2              0              
4486592841173600778           12        1:00      3                   21             8         4              0              
4486592841173600778           12        2:00      3                   21             8         3              0              
4486592841173600778           12        3:00      0                   21             8         0              0              
4486592841173600778           12        4:00      5                   26             8         0              0              
4486592841173600778           12        5:00      2                   26             8         2              0              
4486592841173600778           12        6:00      4                   29             8         1              0              
4486592841173600778           12        7:00      1                   30             8         0              0              
4486592841173600778           12        8:00      0                   27             8         3              0              
4486592841173600778           12        9:00      5                   30             8         2              0              
4486592841173600778           12        10:00     5                   34             8         1              0              
4486592841173600778           12        11:00     5                   36             8         3              0              
4486592841173600778           12        12:00     2                   37             8         0              0              
4486592841173600778           12        13:00     1                   34             8         2              0              
4486592841173600778           12        14:00     1                   31             8         3              0              
4486592841173600778           12        15:00     1                   31             8         1              0              
4486592841173600778           12        16:00     0                   28             8         3              0              
4486592841173600778           12        17:00     4                   31             8         1              0              
4486592841173600778           12        18:00     3                   30             8         4              0              
4486592841173600778           12        19:00     4                   31             8         2              0              
4486592841173600778           12        20:00     1                   30             8         2              0              
4486592841173600778           12        21:00     1                   30             8         1              0              
4486592841173600778           12        22:00     1                   27             8         2              0              
4486592841173600778           12        23:00     0                   20             8         1              0              
4486592841173600778           13        0:00      5                   24             8         0              0              
4486592841173600778           13        1:00      0                   21             8         0              0              
4486592841173600778           13        2:00      3                   23             8         1              0              
4486592841173600778           13        3:00      4                   26             8         1              0              
4486592841173600778           13        4:00      2                   25             8         3              0              
4486592841173600778           13        5:00      3                   27             8         1              0              
4486592841173600778           13        6:00      5                   30             8         1              0              
4486592841173600778           13        7:00      3                   29             8         0              0              
4486592841173600778           13        8:00      4                   30             8         3              0              
4486592841173600778           13        9:00      3                   32             8         1              0              
4486592841173600778           13        10:00     3                   32             8         3              0              
4486592841173600778           13        11:00     4                   30             8         6              0              
4486592841173600778           13        12:00     4                   32             8         2              0              
4486592841173600778           13        13:00     4                   32             8         4              0              
4486592841173600778           13        14:00     5                   35             8         1              0              
4486592841173600778           13        15:00     2                   37             8         0              0              
4486592841173600778           13        16:00     5                   42             8         0              0              
4486592841173600778           13        17:00     2                   41             8         3              0              
4486592841173600778           13        18:00     2                   41             8         1              0              
4486592841173600778           13        19:00     0                   37             8         1              0              
4486592841173600778           13        20:00     1                   37             8         1              0              
4486592841173600778           13        21:00     3                   35             8         3              0              
4486592841173600778           13        22:00     0                   32             8         2              0              
4486592841173600778           13        23:00     2                   30             8         0              0              
4486592841173600778           14        0:00      1                   29             8         2              0              
4486592841173600778           14        1:00      4                   26             8         2              0              
4486592841173600778           14        2:00      1                   25             8         2              0              
4486592841173600778           14        3:00      0                   22             8         1              0              
4486592841173600778           14        4:00      2                   19             8         0              0              
4486592841173600778           14        5:00      5                   21             8         0              0              
4486592841173600778           14        6:00      0                   21             8         0              0              
4486592841173600778           14        7:00      1                   19             8         1              0              
4486592841173600778           14        8:00      0                   18             8         1              0              
4486592841173600778           14        9:00      4                   18             8         4              0              
4486592841173600778           14        10:00     0                   17             8         1              0              
4486592841173600778           14        11:00     1                   16             8         2              0              
4486592841173600778           14        12:00     3                   16             8         2              0              
4486592841173600778           14        13:00     5                   19             8         2              0              
4486592841173600778           14        14:00     3                   21             8         1              0              
4486592841173600778           14        15:00     1                   19             8         3              0              
4486592841173600778           14        16:00     3                   22             8         0              0              
4486592841173600778           14        17:00     2                   21             8         3              0              
4486592841173600778           14        18:00     0                   20             8         1              0              
4486592841173600778           14        19:00     5                   23             8         2              0              
4486592841173600778           14        20:00     3                   25             8         1              0              
4486592841173600778           14        21:00     0                   25             8         0              0              
4486592841173600778           14        22:00     4                   26             8         3              0              
4486592841173600778           14        23:00     0                   25             8         1              0              
4486592841173600778           15        0:00      2                   26             8         1              0              
4486592841173600778           15        1:00      1                   25             8         2              0              
4486592841173600778           15        2:00      1                   23             8         2              0              
4486592841173600778           15        3:00      2                   22             8         3              0              
4486592841173600778           15        4:00      4                   23             8         2              0              
4486592841173600778           15        5:00      5                   27             8         0              0              
4486592841173600778           15        6:00      2                   25             8         3              0              
4486592841173600778           15        7:00      0                   24             8         1              0              
4486592841173600778           15        8:00      3                   23             8         4              0              
4486592841173600778           15        9:00      0                   23             8         0              0              
4486592841173600778           15        10:00     2                   23             8         0              0              
4486592841173600778           15        11:00     2                   23             8         0              0              
4486592841173600778           15        12:00     5                   26             8         0              0              
4486592841173600778           15        13:00     1                   25             8         2              0              
4486592841173600778           15        14:00     5                   30             8         0              0              
4486592841173600778           15        15:00     5                   31             8         1              0              
4486592841173600778           15        16:00     3                   33             8         1              0              
4486592841173600778           15        17:00     5                   34             8         0              0              
4486592841173600778           15        18:00     2                   31             8         3              0              
4486592841173600778           15        19:00     1                   29             8         3              0              
4486592841173600778           15        20:00     5                   32             8         2              0              
4486592841173600778           15        21:00     3                   35             8         0              0              
4486592841173600778           15        22:00     1                   33             8         3              0              
4486592841173600778           15        23:00     5                   37             8         1              0              
