Sim_N                         Day       Time      New_Patients        Waiting        Assigned  Discharged     Beds_Avail_EOH 
8482347502158504020           1         0:00      4                   0              4         0              4              
8482347502158504020           1         1:00      2                   0              4         2              4              
8482347502158504020           1         2:00      0                   0              4         0              4              
8482347502158504020           1         3:00      3                   0              4         3              4              
8482347502158504020           1         4:00      0                   0              4         0              4              
8482347502158504020           1         5:00      0                   0              4         0              4              
8482347502158504020           1         6:00      4                   0              5         2              3              
8482347502158504020           1         7:00      0                   0              3         2              5              
8482347502158504020           1         8:00      0                   0              3         0              5              
8482347502158504020           1         9:00      1                   0              4         0              4              
8482347502158504020           1         10:00     3                   0              7         0              1              
8482347502158504020           1         11:00     3                   0              8         2              0              
8482347502158504020           1         12:00     0                   0              8         0              0              
8482347502158504020           1         13:00     2                   0              7         3              1              
8482347502158504020           1         14:00     3                   0              8         1              0              
8482347502158504020           1         15:00     1                   0              7         2              1              
8482347502158504020           1         16:00     5                   4              8         0              0              
8482347502158504020           1         17:00     5                   6              8         2              0              
8482347502158504020           1         18:00     5                   9              8         1              0              
8482347502158504020           1         19:00     2                   10             8         1              0              
8482347502158504020           1         20:00     1                   10             8         1              0              
8482347502158504020           1         21:00     5                   13             8         1              0              
8482347502158504020           1         22:00     5                   17             8         1              0              
8482347502158504020           1         23:00     3                   18             8         2              0              
8482347502158504020           2         0:00      1                   16             8         3              0              
8482347502158504020           2         1:00      3                   17             8         2              0              
8482347502158504020           2         2:00      5                   21             8         1              0              
8482347502158504020           2         3:00      1                   18             8         4              0              
8482347502158504020           2         4:00      0                   15             8         3              0              
8482347502158504020           2         5:00      1                   16             8         0              0              
8482347502158504020           2         6:00      5                   19             8         2              0              
8482347502158504020           2         7:00      5                   24             8         0              0              
8482347502158504020           2         8:00      1                   23             8         2              0              
8482347502158504020           2         9:00      5                   27             8         0              0              
8482347502158504020           2         10:00     4                   30             8         1              0              
8482347502158504020           2         11:00     4                   32             8         1              0              
8482347502158504020           2         12:00     5                   35             8         1              0              
8482347502158504020           2         13:00     1                   34             8         2              0              
8482347502158504020           2         14:00     3                   33             8         2              0              
8482347502158504020           2         15:00     4                   35             8         1              0              
8482347502158504020           2         16:00     2                   33             8         3              0              
8482347502158504020           2         17:00     3                   34             8         2              0              
8482347502158504020           2         18:00     3                   36             8         1              0              
8482347502158504020           2         19:00     1                   34             8         2              0              
8482347502158504020           2         20:00     2                   33             8         0              0              
8482347502158504020           2         21:00     0                   30             8         1              0              
8482347502158504020           2         22:00     4                   32             8         1              0              
8482347502158504020           2         23:00     3                   31             8         1              0              
8482347502158504020           3         0:00      0                   27             8         0              0              
8482347502158504020           3         1:00      4                   27             8         1              0              
8482347502158504020           3         2:00      4                   27             8         4              0              
8482347502158504020           3         3:00      5                   30             8         0              0              
8482347502158504020           3         4:00      2                   28             8         2              0              
8482347502158504020           3         5:00      2                   28             8         2              0              
8482347502158504020           3         6:00      5                   32             8         1              0              
8482347502158504020           3         7:00      2                   32             8         0              0              
8482347502158504020           3         8:00      3                   32             8         2              0              
8482347502158504020           3         9:00      3                   34             8         1              0              
8482347502158504020           3         10:00     0                   31             8         1              0              
8482347502158504020           3         11:00     1                   29             8         2              0              
8482347502158504020           3         12:00     1                   27             8         3              0              
8482347502158504020           3         13:00     5                   31             8         1              0              
8482347502158504020           3         14:00     4                   32             8         1              0              
8482347502158504020           3         15:00     5                   34             8         1              0              
8482347502158504020           3         16:00     1                   32             8         0              0              
8482347502158504020           3         17:00     1                   30             8         2              0              
8482347502158504020           3         18:00     4                   33             8         0              0              
8482347502158504020           3         19:00     3                   33             8         1              0              
8482347502158504020           3         20:00     4                   34             8         2              0              
8482347502158504020           3         21:00     5                   35             8         1              0              
8482347502158504020           3         22:00     3                   34             8         3              0              
8482347502158504020           3         23:00     2                   34             8         2              0              
8482347502158504020           4         0:00      3                   36             8         1              0              
8482347502158504020           4         1:00      4                   38             8         2              0              
8482347502158504020           4         2:00      3                   37             8         4              0              
8482347502158504020           4         3:00      2                   32             8         7              0              
8482347502158504020           4         4:00      3                   32             8         3              0              
8482347502158504020           4         5:00      3                   34             8         1              0              
8482347502158504020           4         6:00      1                   35             8         0              0              
8482347502158504020           4         7:00      4                   36             8         2              0              
8482347502158504020           4         8:00      4                   37             8         3              0              
8482347502158504020           4         9:00      3                   38             8         1              0              
8482347502158504020           4         10:00     1                   34             8         1              0              
8482347502158504020           4         11:00     5                   36             8         1              0              
8482347502158504020           4         12:00     1                   35             8         2              0              
8482347502158504020           4         13:00     1                   32             8         1              0              
8482347502158504020           4         14:00     2                   31             8         3              0              
8482347502158504020           4         15:00     2                   29             8         2              0              
8482347502158504020           4         16:00     1                   28             8         2              0              
8482347502158504020           4         17:00     3                   29             8         2              0              
8482347502158504020           4         18:00     2                   29             8         2              0              
8482347502158504020           4         19:00     0                   26             8         0              0              
8482347502158504020           4         20:00     3                   26             8         2              0              
8482347502158504020           4         21:00     5                   27             8         1              0              
8482347502158504020           4         22:00     0                   24             8         3              0              
8482347502158504020           4         23:00     3                   26             8         1              0              
8482347502158504020           5         0:00      3                   25             8         0              0              
8482347502158504020           5         1:00      4                   26             8         2              0              
8482347502158504020           5         2:00      4                   27             8         2              0              
8482347502158504020           5         3:00      1                   26             8         1              0              
8482347502158504020           5         4:00      0                   22             8         4              0              
8482347502158504020           5         5:00      2                   24             8         0              0              
8482347502158504020           5         6:00      0                   24             8         0              0              
8482347502158504020           5         7:00      1                   24             8         0              0              
8482347502158504020           5         8:00      5                   26             8         2              0              
8482347502158504020           5         9:00      4                   27             8         1              0              
8482347502158504020           5         10:00     1                   25             8         1              0              
8482347502158504020           5         11:00     3                   27             8         1              0              
8482347502158504020           5         12:00     3                   28             8         0              0              
8482347502158504020           5         13:00     1                   25             8         0              0              
8482347502158504020           5         14:00     0                   24             8         0              0              
8482347502158504020           5         15:00     5                   26             8         0              0              
8482347502158504020           5         16:00     3                   27             8         1              0              
8482347502158504020           5         17:00     0                   26             8         1              0              
8482347502158504020           5         18:00     5                   31             8         0              0              
8482347502158504020           5         19:00     4                   33             8         2              0              
8482347502158504020           5         20:00     2                   32             8         1              0              
8482347502158504020           5         21:00     2                   31             8         2              0              
8482347502158504020           5         22:00     4                   32             8         0              0              
8482347502158504020           5         23:00     1                   31             8         1              0              
8482347502158504020           6         0:00      0                   27             8         3              0              
8482347502158504020           6         1:00      5                   30             8         0              0              
8482347502158504020           6         2:00      3                   31             8         2              0              
8482347502158504020           6         3:00      0                   28             8         3              0              
8482347502158504020           6         4:00      0                   26             8         0              0              
8482347502158504020           6         5:00      5                   28             8         2              0              
8482347502158504020           6         6:00      5                   30             8         2              0              
8482347502158504020           6         7:00      4                   30             8         3              0              
8482347502158504020           6         8:00      4                   31             8         2              0              
8482347502158504020           6         9:00      0                   29             8         2              0              
8482347502158504020           6         10:00     5                   31             8         2              0              
8482347502158504020           6         11:00     4                   31             8         2              0              
8482347502158504020           6         12:00     4                   33             8         1              0              
8482347502158504020           6         13:00     3                   36             8         0              0              
8482347502158504020           6         14:00     2                   36             8         1              0              
8482347502158504020           6         15:00     4                   38             8         0              0              
8482347502158504020           6         16:00     4                   39             8         2              0              
8482347502158504020           6         17:00     3                   40             8         2              0              
8482347502158504020           6         18:00     3                   39             8         2              0              
8482347502158504020           6         19:00     2                   36             8         0              0              
8482347502158504020           6         20:00     1                   33             8         2              0              
8482347502158504020           6         21:00     1                   31             8         2              0              
8482347502158504020           6         22:00     4                   35             8         0              0              
8482347502158504020           6         23:00     5                   36             8         1              0              
8482347502158504020           7         0:00      1                   33             8         0              0              
8482347502158504020           7         1:00      3                   34             8         1              0              
8482347502158504020           7         2:00      2                   31             8         3              0              
8482347502158504020           7         3:00      4                   32             8         3              0              
8482347502158504020           7         4:00      3                   31             8         4              0              
8482347502158504020           7         5:00      0                   29             8         2              0              
8482347502158504020           7         6:00      5                   32             8         1              0              
8482347502158504020           7         7:00      2                   31             8         3              0              
8482347502158504020           7         8:00      5                   32             8         3              0              
8482347502158504020           7         9:00      1                   33             8         0              0              
8482347502158504020           7         10:00     2                   33             8         1              0              
8482347502158504020           7         11:00     1                   30             8         0              0              
8482347502158504020           7         12:00     4                   28             8         4              0              
8482347502158504020           7         13:00     4                   29             8         3              0              
8482347502158504020           7         14:00     0                   29             8         0              0              
8482347502158504020           7         15:00     3                   29             8         2              0              
8482347502158504020           7         16:00     3                   29             8         2              0              
8482347502158504020           7         17:00     1                   28             8         2              0              
8482347502158504020           7         18:00     1                   28             8         0              0              
8482347502158504020           7         19:00     0                   24             8         0              0              
8482347502158504020           7         20:00     3                   23             8         0              0              
8482347502158504020           7         21:00     0                   21             8         0              0              
8482347502158504020           7         22:00     4                   23             8         2              0              
8482347502158504020           7         23:00     5                   27             8         1              0              
8482347502158504020           8         0:00      4                   28             8         0              0              
8482347502158504020           8         1:00      1                   27             8         1              0              
8482347502158504020           8         2:00      2                   24             8         4              0              
8482347502158504020           8         3:00      3                   25             8         2              0              
8482347502158504020           8         4:00      1                   25             8         1              0              
8482347502158504020           8         5:00      5                   25             8         4              0              
8482347502158504020           8         6:00      5                   29             8         1              0              
8482347502158504020           8         7:00      2                   28             8         3              0              
8482347502158504020           8         8:00      4                   30             8         2              0              
8482347502158504020           8         9:00      1                   31             8         0              0              
8482347502158504020           8         10:00     0                   27             8         4              0              
8482347502158504020           8         11:00     1                   25             8         3              0              
8482347502158504020           8         12:00     2                   27             8         0              0              
8482347502158504020           8         13:00     2                   26             8         3              0              
8482347502158504020           8         14:00     3                   25             8         3              0              
8482347502158504020           8         15:00     1                   24             8         2              0              
8482347502158504020           8         16:00     5                   28             8         0              0              
8482347502158504020           8         17:00     5                   32             8         0              0              
8482347502158504020           8         18:00     0                   26             8         1              0              
8482347502158504020           8         19:00     2                   25             8         2              0              
8482347502158504020           8         20:00     5                   27             8         2              0              
8482347502158504020           8         21:00     1                   25             8         0              0              
8482347502158504020           8         22:00     0                   24             8         1              0              
8482347502158504020           8         23:00     5                   28             8         1              0              
8482347502158504020           9         0:00      5                   28             8         5              0              
8482347502158504020           9         1:00      4                   31             8         1              0              
8482347502158504020           9         2:00      2                   31             8         2              0              
8482347502158504020           9         3:00      3                   32             8         2              0              
8482347502158504020           9         4:00      4                   35             8         1              0              
8482347502158504020           9         5:00      1                   33             8         0              0              
8482347502158504020           9         6:00      2                   33             8         1              0              
8482347502158504020           9         7:00      5                   38             8         0              0              
8482347502158504020           9         8:00      3                   35             8         1              0              
8482347502158504020           9         9:00      0                   35             8         0              0              
8482347502158504020           9         10:00     1                   34             8         1              0              
8482347502158504020           9         11:00     1                   33             8         0              0              
8482347502158504020           9         12:00     0                   27             8         4              0              
8482347502158504020           9         13:00     2                   24             8         2              0              
8482347502158504020           9         14:00     0                   19             8         5              0              
8482347502158504020           9         15:00     0                   19             8         0              0              
8482347502158504020           9         16:00     2                   20             8         1              0              
8482347502158504020           9         17:00     5                   20             8         2              0              
8482347502158504020           9         18:00     4                   22             8         2              0              
8482347502158504020           9         19:00     3                   22             8         1              0              
8482347502158504020           9         20:00     0                   18             8         0              0              
8482347502158504020           9         21:00     1                   18             8         1              0              
8482347502158504020           9         22:00     3                   18             8         3              0              
8482347502158504020           9         23:00     5                   23             8         0              0              
8482347502158504020           10        0:00      3                   23             8         3              0              
8482347502158504020           10        1:00      4                   24             8         3              0              
8482347502158504020           10        2:00      4                   28             8         0              0              
8482347502158504020           10        3:00      5                   32             8         1              0              
8482347502158504020           10        4:00      5                   35             8         1              0              
8482347502158504020           10        5:00      4                   36             8         2              0              
8482347502158504020           10        6:00      0                   35             8         1              0              
8482347502158504020           10        7:00      5                   37             8         1              0              
8482347502158504020           10        8:00      2                   39             8         0              0              
8482347502158504020           10        9:00      1                   38             8         2              0              
8482347502158504020           10        10:00     4                   40             8         1              0              
8482347502158504020           10        11:00     5                   42             8         0              0              
8482347502158504020           10        12:00     4                   42             8         1              0              
8482347502158504020           10        13:00     0                   40             8         1              0              
8482347502158504020           10        14:00     3                   36             8         1              0              
8482347502158504020           10        15:00     4                   37             8         2              0              
8482347502158504020           10        16:00     4                   37             8         0              0              
8482347502158504020           10        17:00     1                   33             8         0              0              
8482347502158504020           10        18:00     2                   34             8         0              0              
8482347502158504020           10        19:00     0                   31             8         2              0              
8482347502158504020           10        20:00     5                   33             8         0              0              
8482347502158504020           10        21:00     0                   30             8         2              0              
8482347502158504020           10        22:00     0                   28             8         2              0              
8482347502158504020           10        23:00     5                   29             8         3              0              
8482347502158504020           11        0:00      3                   28             8         3              0              
8482347502158504020           11        1:00      3                   28             8         2              0              
8482347502158504020           11        2:00      1                   26             8         3              0              
8482347502158504020           11        3:00      2                   27             8         0              0              
8482347502158504020           11        4:00      4                   26             8         4              0              
8482347502158504020           11        5:00      0                   25             8         0              0              
8482347502158504020           11        6:00      3                   23             8         4              0              
8482347502158504020           11        7:00      1                   21             8         3              0              
8482347502158504020           11        8:00      0                   21             8         0              0              
8482347502158504020           11        9:00      0                   20             8         1              0              
8482347502158504020           11        10:00     5                   24             8         1              0              
8482347502158504020           11        11:00     2                   23             8         3              0              
8482347502158504020           11        12:00     5                   26             8         0              0              
8482347502158504020           11        13:00     3                   27             8         1              0              
8482347502158504020           11        14:00     3                   25             8         4              0              
8482347502158504020           11        15:00     2                   26             8         1              0              
8482347502158504020           11        16:00     1                   23             8         4              0              
8482347502158504020           11        17:00     4                   26             8         1              0              
8482347502158504020           11        18:00     5                   31             8         0              0              
8482347502158504020           11        19:00     5                   35             8         1              0              
8482347502158504020           11        20:00     3                   37             8         1              0              
8482347502158504020           11        21:00     3                   38             8         2              0              
8482347502158504020           11        22:00     1                   38             8         1              0              
8482347502158504020           11        23:00     3                   38             8         1              0              
8482347502158504020           12        0:00      0                   34             8         2              0              
8482347502158504020           12        1:00      5                   36             8         1              0              
8482347502158504020           12        2:00      0                   32             8         2              0              
8482347502158504020           12        3:00      2                   29             8         3              0              
8482347502158504020           12        4:00      3                   30             8         2              0              
8482347502158504020           12        5:00      5                   35             8         0              0              
8482347502158504020           12        6:00      5                   34             8         2              0              
8482347502158504020           12        7:00      1                   32             8         1              0              
8482347502158504020           12        8:00      1                   27             8         3              0              
8482347502158504020           12        9:00      0                   25             8         1              0              
8482347502158504020           12        10:00     0                   24             8         0              0              
8482347502158504020           12        11:00     0                   22             8         0              0              
8482347502158504020           12        12:00     4                   24             8         0              0              
8482347502158504020           12        13:00     5                   27             8         1              0              
8482347502158504020           12        14:00     5                   27             8         2              0              
8482347502158504020           12        15:00     1                   27             8         1              0              
8482347502158504020           12        16:00     3                   29             8         1              0              
8482347502158504020           12        17:00     5                   31             8         2              0              
8482347502158504020           12        18:00     5                   29             8         1              0              
8482347502158504020           12        19:00     5                   29             8         4              0              
8482347502158504020           12        20:00     0                   28             8         1              0              
8482347502158504020           12        21:00     3                   29             8         2              0              
8482347502158504020           12        22:00     4                   31             8         2              0              
8482347502158504020           12        23:00     5                   35             8         1              0              
8482347502158504020           13        0:00      0                   35             8         0              0              
8482347502158504020           13        1:00      0                   34             8         1              0              
8482347502158504020           13        2:00      2                   35             8         0              0              
8482347502158504020           13        3:00      3                   34             8         1              0              
8482347502158504020           13        4:00      2                   35             8         0              0              
8482347502158504020           13        5:00      4                   35             8         1              0              
8482347502158504020           13        6:00      5                   33             8         3              0              
8482347502158504020           13        7:00      5                   33             8         1              0              
8482347502158504020           13        8:00      1                   30             8         2              0              
8482347502158504020           13        9:00      0                   30             8         0              0              
8482347502158504020           13        10:00     3                   29             8         1              0              
8482347502158504020           13        11:00     5                   29             8         2              0              
8482347502158504020           13        12:00     2                   30             8         0              0              
8482347502158504020           13        13:00     5                   31             8         4              0              
8482347502158504020           13        14:00     0                   27             8         4              0              
8482347502158504020           13        15:00     3                   28             8         2              0              
8482347502158504020           13        16:00     0                   26             8         2              0              
8482347502158504020           13        17:00     0                   24             8         2              0              
8482347502158504020           13        18:00     2                   24             8         2              0              
8482347502158504020           13        19:00     4                   26             8         1              0              
8482347502158504020           13        20:00     0                   24             8         1              0              
8482347502158504020           13        21:00     4                   25             8         3              0              
8482347502158504020           13        22:00     5                   28             8         1              0              
8482347502158504020           13        23:00     0                   28             8         0              0              
8482347502158504020           14        0:00      4                   27             8         1              0              
8482347502158504020           14        1:00      4                   27             8         2              0              
8482347502158504020           14        2:00      5                   28             8         2              0              
8482347502158504020           14        3:00      0                   27             8         1              0              
8482347502158504020           14        4:00      0                   24             8         2              0              
8482347502158504020           14        5:00      2                   25             8         1              0              
8482347502158504020           14        6:00      4                   25             8         4              0              
8482347502158504020           14        7:00      0                   24             8         1              0              
8482347502158504020           14        8:00      4                   26             8         2              0              
8482347502158504020           14        9:00      5                   30             8         1              0              
8482347502158504020           14        10:00     5                   33             8         0              0              
8482347502158504020           14        11:00     1                   33             8         0              0              
8482347502158504020           14        12:00     4                   35             8         2              0              
8482347502158504020           14        13:00     1                   33             8         1              0              
8482347502158504020           14        14:00     4                   32             8         2              0              
8482347502158504020           14        15:00     1                   29             8         2              0              
8482347502158504020           14        16:00     2                   31             8         0              0              
8482347502158504020           14        17:00     0                   31             8         0              0              
8482347502158504020           14        18:00     4                   31             8         3              0              
8482347502158504020           14        19:00     4                   34             8         1              0              
8482347502158504020           14        20:00     5                   37             8         2              0              
8482347502158504020           14        21:00     4                   36             8         3              0              
8482347502158504020           14        22:00     1                   33             8         0              0              
8482347502158504020           14        23:00     1                   30             8         2              0              
8482347502158504020           15        0:00      2                   28             8         4              0              
8482347502158504020           15        1:00      2                   27             8         3              0              
8482347502158504020           15        2:00      0                   25             8         2              0              
8482347502158504020           15        3:00      1                   26             8         0              0              
8482347502158504020           15        4:00      0                   25             8         0              0              
8482347502158504020           15        5:00      2                   25             8         0              0              
8482347502158504020           15        6:00      2                   26             8         0              0              
8482347502158504020           15        7:00      5                   24             8         5              0              
8482347502158504020           15        8:00      0                   20             8         1              0              
8482347502158504020           15        9:00      4                   20             8         3              0              
8482347502158504020           15        10:00     3                   19             8         2              0              
8482347502158504020           15        11:00     1                   19             8         1              0              
8482347502158504020           15        12:00     5                   22             8         1              0              
8482347502158504020           15        13:00     5                   26             8         1              0              
8482347502158504020           15        14:00     3                   26             8         2              0              
8482347502158504020           15        15:00     1                   26             8         1              0              
8482347502158504020           15        16:00     3                   23             8         6              0              
8482347502158504020           15        17:00     2                   22             8         2              0              
8482347502158504020           15        18:00     4                   25             8         1              0              
8482347502158504020           15        19:00     5                   26             8         4              0              
8482347502158504020           15        20:00     2                   25             8         3              0              
8482347502158504020           15        21:00     3                   25             8         3              0              
8482347502158504020           15        22:00     3                   26             8         2              0              
8482347502158504020           15        23:00     3                   29             8         0              0              
