Sim_N                         Day       Time      New_Patients        Waiting        Assigned  Discharged     Beds_Avail_EOH 
758340124768302306            1         0:00      4                   0              3         0              5              
758340124768302306            1         1:00      1                   0              4         0              4              
758340124768302306            1         2:00      1                   0              4         1              4              
758340124768302306            1         3:00      4                   0              8         0              0              
758340124768302306            1         4:00      3                   2              8         1              0              
758340124768302306            1         5:00      3                   4              8         1              0              
758340124768302306            1         6:00      2                   5              8         1              0              
758340124768302306            1         7:00      4                   9              8         0              0              
758340124768302306            1         8:00      5                   13             8         1              0              
758340124768302306            1         9:00      1                   14             8         0              0              
758340124768302306            1         10:00     5                   16             8         3              0              
758340124768302306            1         11:00     5                   17             8         4              0              
758340124768302306            1         12:00     3                   18             8         1              0              
758340124768302306            1         13:00     1                   19             8         0              0              
758340124768302306            1         14:00     4                   19             8         4              0              
758340124768302306            1         15:00     3                   19             8         3              0              
758340124768302306            1         16:00     2                   20             8         0              0              
758340124768302306            1         17:00     3                   19             8         3              0              
758340124768302306            1         18:00     1                   19             8         1              0              
758340124768302306            1         19:00     1                   16             8         4              0              
758340124768302306            1         20:00     2                   17             8         1              0              
758340124768302306            1         21:00     0                   15             8         2              0              
758340124768302306            1         22:00     0                   13             8         2              0              
758340124768302306            1         23:00     2                   13             8         1              0              
758340124768302306            2         0:00      0                   12             8         1              0              
758340124768302306            2         1:00      2                   14             8         0              0              
758340124768302306            2         2:00      2                   16             8         0              0              
758340124768302306            2         3:00      4                   18             8         1              0              
758340124768302306            2         4:00      1                   15             8         2              0              
758340124768302306            2         5:00      1                   15             8         0              0              
758340124768302306            2         6:00      3                   15             8         3              0              
758340124768302306            2         7:00      5                   20             8         0              0              
758340124768302306            2         8:00      5                   25             8         0              0              
758340124768302306            2         9:00      5                   28             8         1              0              
758340124768302306            2         10:00     2                   30             8         0              0              
758340124768302306            2         11:00     3                   33             8         0              0              
758340124768302306            2         12:00     5                   36             8         1              0              
758340124768302306            2         13:00     3                   37             8         2              0              
758340124768302306            2         14:00     5                   39             8         2              0              
758340124768302306            2         15:00     2                   39             8         1              0              
758340124768302306            2         16:00     2                   39             8         2              0              
758340124768302306            2         17:00     1                   38             8         2              0              
758340124768302306            2         18:00     5                   41             8         0              0              
758340124768302306            2         19:00     0                   37             8         2              0              
758340124768302306            2         20:00     3                   34             8         0              0              
758340124768302306            2         21:00     3                   32             8         2              0              
758340124768302306            2         22:00     5                   35             8         1              0              
758340124768302306            2         23:00     2                   33             8         4              0              
758340124768302306            3         0:00      1                   27             8         7              0              
758340124768302306            3         1:00      5                   30             8         1              0              
758340124768302306            3         2:00      2                   31             8         1              0              
758340124768302306            3         3:00      5                   32             8         1              0              
758340124768302306            3         4:00      3                   32             8         1              0              
758340124768302306            3         5:00      3                   34             8         0              0              
758340124768302306            3         6:00      5                   35             8         1              0              
758340124768302306            3         7:00      4                   38             8         0              0              
758340124768302306            3         8:00      4                   38             8         2              0              
758340124768302306            3         9:00      0                   38             8         0              0              
758340124768302306            3         10:00     2                   36             8         2              0              
758340124768302306            3         11:00     4                   34             8         4              0              
758340124768302306            3         12:00     0                   31             8         3              0              
758340124768302306            3         13:00     2                   31             8         2              0              
758340124768302306            3         14:00     5                   34             8         2              0              
758340124768302306            3         15:00     0                   33             8         1              0              
758340124768302306            3         16:00     1                   31             8         1              0              
758340124768302306            3         17:00     1                   28             8         2              0              
758340124768302306            3         18:00     3                   28             8         2              0              
758340124768302306            3         19:00     3                   25             8         1              0              
758340124768302306            3         20:00     1                   23             8         2              0              
758340124768302306            3         21:00     2                   23             8         2              0              
758340124768302306            3         22:00     2                   22             8         3              0              
758340124768302306            3         23:00     5                   24             8         1              0              
758340124768302306            4         0:00      4                   26             8         2              0              
758340124768302306            4         1:00      5                   30             8         1              0              
758340124768302306            4         2:00      1                   30             8         0              0              
758340124768302306            4         3:00      2                   27             8         3              0              
758340124768302306            4         4:00      1                   27             8         1              0              
758340124768302306            4         5:00      2                   27             8         2              0              
758340124768302306            4         6:00      4                   29             8         1              0              
758340124768302306            4         7:00      2                   28             8         3              0              
758340124768302306            4         8:00      0                   26             8         2              0              
758340124768302306            4         9:00      0                   23             8         3              0              
758340124768302306            4         10:00     5                   27             8         0              0              
758340124768302306            4         11:00     0                   25             8         2              0              
758340124768302306            4         12:00     1                   24             8         1              0              
758340124768302306            4         13:00     3                   20             8         1              0              
758340124768302306            4         14:00     1                   19             8         1              0              
758340124768302306            4         15:00     2                   18             8         1              0              
758340124768302306            4         16:00     1                   17             8         2              0              
758340124768302306            4         17:00     0                   17             8         0              0              
758340124768302306            4         18:00     5                   18             8         0              0              
758340124768302306            4         19:00     1                   16             8         3              0              
758340124768302306            4         20:00     5                   19             8         1              0              
758340124768302306            4         21:00     2                   21             8         0              0              
758340124768302306            4         22:00     1                   21             8         1              0              
758340124768302306            4         23:00     0                   20             8         0              0              
758340124768302306            5         0:00      2                   20             8         2              0              
758340124768302306            5         1:00      4                   22             8         2              0              
758340124768302306            5         2:00      5                   25             8         1              0              
758340124768302306            5         3:00      2                   24             8         3              0              
758340124768302306            5         4:00      2                   20             8         6              0              
758340124768302306            5         5:00      1                   19             8         2              0              
758340124768302306            5         6:00      0                   19             8         0              0              
758340124768302306            5         7:00      3                   21             8         1              0              
758340124768302306            5         8:00      2                   23             8         0              0              
758340124768302306            5         9:00      2                   23             8         2              0              
758340124768302306            5         10:00     5                   27             8         1              0              
758340124768302306            5         11:00     0                   24             8         3              0              
758340124768302306            5         12:00     1                   25             8         0              0              
758340124768302306            5         13:00     0                   24             8         1              0              
758340124768302306            5         14:00     0                   21             8         0              0              
758340124768302306            5         15:00     3                   21             8         0              0              
758340124768302306            5         16:00     3                   21             8         1              0              
758340124768302306            5         17:00     1                   21             8         1              0              
758340124768302306            5         18:00     1                   21             8         1              0              
758340124768302306            5         19:00     0                   18             8         3              0              
758340124768302306            5         20:00     0                   13             8         5              0              
758340124768302306            5         21:00     3                   16             8         0              0              
758340124768302306            5         22:00     5                   18             8         3              0              
758340124768302306            5         23:00     2                   15             8         5              0              
758340124768302306            6         0:00      0                   14             8         1              0              
758340124768302306            6         1:00      4                   16             8         2              0              
758340124768302306            6         2:00      5                   21             8         0              0              
758340124768302306            6         3:00      1                   20             8         2              0              
758340124768302306            6         4:00      2                   20             8         2              0              
758340124768302306            6         5:00      5                   23             8         2              0              
758340124768302306            6         6:00      2                   23             8         2              0              
758340124768302306            6         7:00      0                   23             8         0              0              
758340124768302306            6         8:00      4                   27             8         0              0              
758340124768302306            6         9:00      2                   27             8         2              0              
758340124768302306            6         10:00     1                   26             8         2              0              
758340124768302306            6         11:00     4                   29             8         1              0              
758340124768302306            6         12:00     5                   32             8         2              0              
758340124768302306            6         13:00     0                   31             8         1              0              
758340124768302306            6         14:00     1                   31             8         1              0              
758340124768302306            6         15:00     3                   27             8         4              0              
758340124768302306            6         16:00     3                   26             8         4              0              
758340124768302306            6         17:00     3                   26             8         2              0              
758340124768302306            6         18:00     5                   30             8         0              0              
758340124768302306            6         19:00     5                   31             8         2              0              
758340124768302306            6         20:00     5                   34             8         1              0              
758340124768302306            6         21:00     3                   35             8         2              0              
758340124768302306            6         22:00     4                   37             8         1              0              
758340124768302306            6         23:00     4                   37             8         1              0              
758340124768302306            7         0:00      3                   34             8         1              0              
758340124768302306            7         1:00      3                   36             8         1              0              
758340124768302306            7         2:00      1                   37             8         0              0              
758340124768302306            7         3:00      5                   40             8         2              0              
758340124768302306            7         4:00      3                   39             8         1              0              
758340124768302306            7         5:00      2                   36             8         3              0              
758340124768302306            7         6:00      0                   33             8         1              0              
758340124768302306            7         7:00      2                   31             8         0              0              
758340124768302306            7         8:00      5                   32             8         2              0              
758340124768302306            7         9:00      3                   33             8         1              0              
758340124768302306            7         10:00     1                   30             8         1              0              
758340124768302306            7         11:00     1                   28             8         0              0              
758340124768302306            7         12:00     3                   27             8         2              0              
758340124768302306            7         13:00     4                   28             8         2              0              
758340124768302306            7         14:00     2                   28             8         0              0              
758340124768302306            7         15:00     4                   29             8         0              0              
758340124768302306            7         16:00     4                   29             8         2              0              
758340124768302306            7         17:00     1                   27             8         1              0              
758340124768302306            7         18:00     0                   26             8         1              0              
758340124768302306            7         19:00     5                   28             8         2              0              
758340124768302306            7         20:00     5                   32             8         1              0              
758340124768302306            7         21:00     3                   32             8         0              0              
758340124768302306            7         22:00     4                   34             8         0              0              
758340124768302306            7         23:00     2                   35             8         1              0              
758340124768302306            8         0:00      0                   32             8         3              0              
758340124768302306            8         1:00      5                   32             8         2              0              
758340124768302306            8         2:00      5                   36             8         1              0              
758340124768302306            8         3:00      2                   33             8         5              0              
758340124768302306            8         4:00      3                   33             8         1              0              
758340124768302306            8         5:00      3                   35             8         0              0              
758340124768302306            8         6:00      3                   37             8         1              0              
758340124768302306            8         7:00      3                   38             8         2              0              
758340124768302306            8         8:00      3                   38             8         1              0              
758340124768302306            8         9:00      1                   34             8         2              0              
758340124768302306            8         10:00     1                   31             8         1              0              
758340124768302306            8         11:00     3                   32             8         0              0              
758340124768302306            8         12:00     3                   34             8         0              0              
758340124768302306            8         13:00     1                   31             8         4              0              
758340124768302306            8         14:00     2                   30             8         2              0              
758340124768302306            8         15:00     4                   30             8         3              0              
758340124768302306            8         16:00     4                   33             8         0              0              
758340124768302306            8         17:00     3                   32             8         3              0              
758340124768302306            8         18:00     1                   28             8         3              0              
758340124768302306            8         19:00     4                   30             8         2              0              
758340124768302306            8         20:00     4                   31             8         1              0              
758340124768302306            8         21:00     2                   33             8         0              0              
758340124768302306            8         22:00     1                   31             8         2              0              
758340124768302306            8         23:00     4                   32             8         2              0              
758340124768302306            9         0:00      5                   35             8         0              0              
758340124768302306            9         1:00      4                   36             8         1              0              
758340124768302306            9         2:00      1                   36             8         1              0              
758340124768302306            9         3:00      4                   34             8         3              0              
758340124768302306            9         4:00      1                   31             8         3              0              
758340124768302306            9         5:00      1                   28             8         1              0              
758340124768302306            9         6:00      4                   30             8         2              0              
758340124768302306            9         7:00      1                   25             8         6              0              
758340124768302306            9         8:00      1                   26             8         0              0              
758340124768302306            9         9:00      4                   27             8         3              0              
758340124768302306            9         10:00     3                   28             8         2              0              
758340124768302306            9         11:00     0                   26             8         2              0              
758340124768302306            9         12:00     1                   23             8         4              0              
758340124768302306            9         13:00     0                   21             8         2              0              
758340124768302306            9         14:00     0                   17             8         4              0              
758340124768302306            9         15:00     2                   17             8         2              0              
758340124768302306            9         16:00     2                   17             8         2              0              
758340124768302306            9         17:00     3                   16             8         3              0              
758340124768302306            9         18:00     0                   13             8         3              0              
758340124768302306            9         19:00     1                   12             8         2              0              
758340124768302306            9         20:00     4                   15             8         1              0              
758340124768302306            9         21:00     5                   18             8         2              0              
758340124768302306            9         22:00     3                   20             8         1              0              
758340124768302306            9         23:00     5                   22             8         2              0              
758340124768302306            10        0:00      1                   22             8         1              0              
758340124768302306            10        1:00      4                   23             8         2              0              
758340124768302306            10        2:00      1                   22             8         2              0              
758340124768302306            10        3:00      4                   25             8         1              0              
758340124768302306            10        4:00      3                   26             8         2              0              
758340124768302306            10        5:00      5                   28             8         3              0              
758340124768302306            10        6:00      1                   28             8         1              0              
758340124768302306            10        7:00      2                   29             8         1              0              
758340124768302306            10        8:00      4                   30             8         2              0              
758340124768302306            10        9:00      3                   32             8         1              0              
758340124768302306            10        10:00     3                   35             8         0              0              
758340124768302306            10        11:00     4                   35             8         0              0              
758340124768302306            10        12:00     3                   34             8         1              0              
758340124768302306            10        13:00     0                   32             8         0              0              
758340124768302306            10        14:00     1                   30             8         2              0              
758340124768302306            10        15:00     5                   32             8         3              0              
758340124768302306            10        16:00     2                   31             8         2              0              
758340124768302306            10        17:00     5                   33             8         3              0              
758340124768302306            10        18:00     4                   34             8         2              0              
758340124768302306            10        19:00     1                   33             8         1              0              
758340124768302306            10        20:00     5                   34             8         3              0              
758340124768302306            10        21:00     2                   32             8         3              0              
758340124768302306            10        22:00     3                   34             8         1              0              
758340124768302306            10        23:00     4                   35             8         2              0              
758340124768302306            11        0:00      3                   34             8         0              0              
758340124768302306            11        1:00      0                   31             8         2              0              
758340124768302306            11        2:00      0                   29             8         2              0              
758340124768302306            11        3:00      5                   29             8         5              0              
758340124768302306            11        4:00      3                   31             8         0              0              
758340124768302306            11        5:00      4                   33             8         2              0              
758340124768302306            11        6:00      1                   29             8         4              0              
758340124768302306            11        7:00      5                   30             8         4              0              
758340124768302306            11        8:00      4                   32             8         2              0              
758340124768302306            11        9:00      4                   35             8         1              0              
758340124768302306            11        10:00     4                   36             8         2              0              
758340124768302306            11        11:00     4                   36             8         2              0              
758340124768302306            11        12:00     4                   37             8         2              0              
758340124768302306            11        13:00     1                   38             8         0              0              
758340124768302306            11        14:00     3                   40             8         1              0              
758340124768302306            11        15:00     5                   43             8         2              0              
758340124768302306            11        16:00     3                   43             8         0              0              
758340124768302306            11        17:00     0                   40             8         0              0              
758340124768302306            11        18:00     3                   41             8         0              0              
758340124768302306            11        19:00     0                   37             8         3              0              
758340124768302306            11        20:00     1                   34             8         2              0              
758340124768302306            11        21:00     5                   34             8         2              0              
758340124768302306            11        22:00     3                   31             8         2              0              
758340124768302306            11        23:00     5                   32             8         2              0              
758340124768302306            12        0:00      2                   29             8         1              0              
758340124768302306            12        1:00      2                   30             8         1              0              
758340124768302306            12        2:00      1                   28             8         3              0              
758340124768302306            12        3:00      5                   32             8         1              0              
758340124768302306            12        4:00      3                   27             8         2              0              
758340124768302306            12        5:00      0                   25             8         2              0              
758340124768302306            12        6:00      3                   28             8         0              0              
758340124768302306            12        7:00      2                   29             8         1              0              
758340124768302306            12        8:00      4                   31             8         2              0              
758340124768302306            12        9:00      5                   35             8         1              0              
758340124768302306            12        10:00     1                   32             8         0              0              
758340124768302306            12        11:00     1                   29             8         2              0              
758340124768302306            12        12:00     0                   27             8         1              0              
758340124768302306            12        13:00     0                   25             8         2              0              
758340124768302306            12        14:00     4                   27             8         1              0              
758340124768302306            12        15:00     5                   31             8         1              0              
758340124768302306            12        16:00     3                   27             8         0              0              
758340124768302306            12        17:00     5                   32             8         0              0              
758340124768302306            12        18:00     3                   34             8         1              0              
758340124768302306            12        19:00     5                   35             8         1              0              
758340124768302306            12        20:00     2                   33             8         0              0              
758340124768302306            12        21:00     4                   32             8         2              0              
758340124768302306            12        22:00     4                   34             8         2              0              
758340124768302306            12        23:00     2                   35             8         1              0              
758340124768302306            13        0:00      4                   36             8         3              0              
758340124768302306            13        1:00      3                   37             8         2              0              
758340124768302306            13        2:00      1                   35             8         3              0              
758340124768302306            13        3:00      5                   37             8         3              0              
758340124768302306            13        4:00      5                   41             8         0              0              
758340124768302306            13        5:00      4                   43             8         1              0              
758340124768302306            13        6:00      3                   41             8         2              0              
758340124768302306            13        7:00      5                   42             8         1              0              
758340124768302306            13        8:00      2                   39             8         3              0              
758340124768302306            13        9:00      2                   40             8         1              0              
758340124768302306            13        10:00     5                   41             8         0              0              
758340124768302306            13        11:00     0                   38             8         1              0              
758340124768302306            13        12:00     5                   41             8         2              0              
758340124768302306            13        13:00     2                   38             8         3              0              
758340124768302306            13        14:00     1                   36             8         1              0              
758340124768302306            13        15:00     3                   39             8         0              0              
758340124768302306            13        16:00     1                   33             8         3              0              
758340124768302306            13        17:00     5                   35             8         2              0              
758340124768302306            13        18:00     1                   32             8         3              0              
758340124768302306            13        19:00     1                   31             8         0              0              
758340124768302306            13        20:00     1                   28             8         2              0              
758340124768302306            13        21:00     0                   25             8         1              0              
758340124768302306            13        22:00     1                   24             8         1              0              
758340124768302306            13        23:00     5                   24             8         3              0              
758340124768302306            14        0:00      2                   24             8         1              0              
758340124768302306            14        1:00      0                   21             8         2              0              
758340124768302306            14        2:00      2                   22             8         0              0              
758340124768302306            14        3:00      2                   22             8         0              0              
758340124768302306            14        4:00      5                   21             8         2              0              
758340124768302306            14        5:00      0                   20             8         1              0              
758340124768302306            14        6:00      2                   19             8         0              0              
758340124768302306            14        7:00      3                   20             8         2              0              
758340124768302306            14        8:00      4                   20             8         4              0              
758340124768302306            14        9:00      5                   21             8         3              0              
758340124768302306            14        10:00     4                   21             8         4              0              
758340124768302306            14        11:00     2                   22             8         1              0              
758340124768302306            14        12:00     4                   26             8         0              0              
758340124768302306            14        13:00     1                   25             8         2              0              
758340124768302306            14        14:00     1                   24             8         2              0              
758340124768302306            14        15:00     2                   26             8         0              0              
758340124768302306            14        16:00     0                   25             8         1              0              
758340124768302306            14        17:00     1                   25             8         1              0              
758340124768302306            14        18:00     3                   27             8         1              0              
758340124768302306            14        19:00     5                   32             8         0              0              
758340124768302306            14        20:00     0                   29             8         3              0              
758340124768302306            14        21:00     0                   24             8         3              0              
758340124768302306            14        22:00     3                   25             8         1              0              
758340124768302306            14        23:00     0                   21             8         1              0              
758340124768302306            15        0:00      2                   20             8         1              0              
758340124768302306            15        1:00      2                   18             8         3              0              
758340124768302306            15        2:00      0                   15             8         3              0              
758340124768302306            15        3:00      1                   14             8         2              0              
758340124768302306            15        4:00      3                   15             8         2              0              
758340124768302306            15        5:00      4                   18             8         1              0              
758340124768302306            15        6:00      0                   17             8         1              0              
758340124768302306            15        7:00      3                   19             8         1              0              
758340124768302306            15        8:00      4                   22             8         0              0              
758340124768302306            15        9:00      1                   22             8         1              0              
758340124768302306            15        10:00     2                   23             8         1              0              
758340124768302306            15        11:00     4                   26             8         0              0              
758340124768302306            15        12:00     2                   26             8         2              0              
758340124768302306            15        13:00     1                   25             8         0              0              
758340124768302306            15        14:00     1                   23             8         3              0              
758340124768302306            15        15:00     2                   23             8         2              0              
758340124768302306            15        16:00     1                   21             8         3              0              
758340124768302306            15        17:00     1                   21             8         1              0              
758340124768302306            15        18:00     4                   25             8         0              0              
758340124768302306            15        19:00     4                   27             8         1              0              
758340124768302306            15        20:00     4                   28             8         1              0              
758340124768302306            15        21:00     3                   27             8         4              0              
758340124768302306            15        22:00     1                   28             8         0              0              
758340124768302306            15        23:00     3                   28             8         2              0              
