Sim_N                         Day       Time      New_Patients        Waiting        Assigned  Discharged     Beds_Avail_EOH 
988093930889168190            1         0:00      5                   0              5         0              3              
988093930889168190            1         1:00      3                   0              6         2              2              
988093930889168190            1         2:00      0                   0              4         2              4              
988093930889168190            1         3:00      3                   0              5         2              3              
988093930889168190            1         4:00      0                   0              3         2              5              
988093930889168190            1         5:00      0                   0              3         0              5              
988093930889168190            1         6:00      3                   0              6         0              2              
988093930889168190            1         7:00      4                   2              8         0              0              
988093930889168190            1         8:00      5                   6              8         1              0              
988093930889168190            1         9:00      5                   11             8         0              0              
988093930889168190            1         10:00     3                   11             8         3              0              
988093930889168190            1         11:00     0                   11             8         0              0              
988093930889168190            1         12:00     3                   14             8         0              0              
988093930889168190            1         13:00     0                   12             8         2              0              
988093930889168190            1         14:00     3                   14             8         1              0              
988093930889168190            1         15:00     2                   12             8         4              0              
988093930889168190            1         16:00     5                   16             8         1              0              
988093930889168190            1         17:00     2                   15             8         3              0              
988093930889168190            1         18:00     3                   14             8         4              0              
988093930889168190            1         19:00     1                   10             8         5              0              
988093930889168190            1         20:00     0                   9              8         1              0              
988093930889168190            1         21:00     2                   10             8         1              0              
988093930889168190            1         22:00     3                   11             8         2              0              
988093930889168190            1         23:00     0                   10             8         1              0              
988093930889168190            2         0:00      5                   12             8         2              0              
988093930889168190            2         1:00      3                   15             8         0              0              
988093930889168190            2         2:00      4                   17             8         2              0              
988093930889168190            2         3:00      3                   16             8         4              0              
988093930889168190            2         4:00      0                   12             8         4              0              
988093930889168190            2         5:00      3                   12             8         3              0              
988093930889168190            2         6:00      3                   14             8         1              0              
988093930889168190            2         7:00      0                   12             8         2              0              
988093930889168190            2         8:00      2                   11             8         3              0              
988093930889168190            2         9:00      1                   9              8         2              0              
988093930889168190            2         10:00     2                   9              8         2              0              
988093930889168190            2         11:00     2                   10             8         1              0              
988093930889168190            2         12:00     1                   10             8         1              0              
988093930889168190            2         13:00     2                   10             8         2              0              
988093930889168190            2         14:00     4                   14             8         0              0              
988093930889168190            2         15:00     3                   16             8         1              0              
988093930889168190            2         16:00     2                   16             8         2              0              
988093930889168190            2         17:00     5                   20             8         0              0              
988093930889168190            2         18:00     3                   21             8         2              0              
988093930889168190            2         19:00     5                   26             8         0              0              
988093930889168190            2         20:00     3                   27             8         2              0              
988093930889168190            2         21:00     0                   25             8         2              0              
988093930889168190            2         22:00     0                   23             8         2              0              
988093930889168190            2         23:00     3                   24             8         2              0              
988093930889168190            3         0:00      2                   26             8         0              0              
988093930889168190            3         1:00      2                   28             8         0              0              
988093930889168190            3         2:00      3                   28             8         3              0              
988093930889168190            3         3:00      0                   26             8         2              0              
988093930889168190            3         4:00      3                   28             8         1              0              
988093930889168190            3         5:00      0                   25             8         0              0              
988093930889168190            3         6:00      1                   25             8         0              0              
988093930889168190            3         7:00      4                   22             8         5              0              
988093930889168190            3         8:00      5                   22             8         4              0              
988093930889168190            3         9:00      1                   22             8         1              0              
988093930889168190            3         10:00     0                   21             8         1              0              
988093930889168190            3         11:00     3                   23             8         1              0              
988093930889168190            3         12:00     1                   20             8         4              0              
988093930889168190            3         13:00     3                   23             8         0              0              
988093930889168190            3         14:00     1                   22             8         2              0              
988093930889168190            3         15:00     0                   21             8         1              0              
988093930889168190            3         16:00     4                   22             8         3              0              
988093930889168190            3         17:00     3                   23             8         2              0              
988093930889168190            3         18:00     5                   25             8         3              0              
988093930889168190            3         19:00     1                   25             8         1              0              
988093930889168190            3         20:00     3                   26             8         2              0              
988093930889168190            3         21:00     4                   27             8         1              0              
988093930889168190            3         22:00     0                   24             8         3              0              
988093930889168190            3         23:00     5                   28             8         1              0              
988093930889168190            4         0:00      4                   32             8         0              0              
988093930889168190            4         1:00      2                   32             8         2              0              
988093930889168190            4         2:00      2                   32             8         1              0              
988093930889168190            4         3:00      3                   35             8         0              0              
988093930889168190            4         4:00      1                   34             8         2              0              
988093930889168190            4         5:00      3                   32             8         3              0              
988093930889168190            4         6:00      4                   32             8         0              0              
988093930889168190            4         7:00      3                   28             8         6              0              
988093930889168190            4         8:00      2                   28             8         2              0              
988093930889168190            4         9:00      1                   28             8         1              0              
988093930889168190            4         10:00     5                   30             8         2              0              
988093930889168190            4         11:00     3                   32             8         0              0              
988093930889168190            4         12:00     0                   27             8         0              0              
988093930889168190            4         13:00     1                   23             8         4              0              
988093930889168190            4         14:00     5                   25             8         2              0              
988093930889168190            4         15:00     2                   25             8         2              0              
988093930889168190            4         16:00     5                   29             8         0              0              
988093930889168190            4         17:00     4                   31             8         2              0              
988093930889168190            4         18:00     2                   30             8         1              0              
988093930889168190            4         19:00     0                   28             8         0              0              
988093930889168190            4         20:00     0                   27             8         1              0              
988093930889168190            4         21:00     2                   27             8         0              0              
988093930889168190            4         22:00     5                   29             8         1              0              
988093930889168190            4         23:00     4                   30             8         3              0              
988093930889168190            5         0:00      3                   32             8         1              0              
988093930889168190            5         1:00      5                   36             8         1              0              
988093930889168190            5         2:00      4                   34             8         6              0              
988093930889168190            5         3:00      4                   34             8         4              0              
988093930889168190            5         4:00      2                   36             8         0              0              
988093930889168190            5         5:00      1                   34             8         0              0              
988093930889168190            5         6:00      2                   32             8         2              0              
988093930889168190            5         7:00      3                   34             8         1              0              
988093930889168190            5         8:00      2                   32             8         4              0              
988093930889168190            5         9:00      4                   36             8         0              0              
988093930889168190            5         10:00     4                   39             8         1              0              
988093930889168190            5         11:00     0                   37             8         0              0              
988093930889168190            5         12:00     3                   33             8         4              0              
988093930889168190            5         13:00     3                   35             8         1              0              
988093930889168190            5         14:00     1                   28             8         3              0              
988093930889168190            5         15:00     5                   32             8         0              0              
988093930889168190            5         16:00     1                   30             8         1              0              
988093930889168190            5         17:00     2                   29             8         3              0              
988093930889168190            5         18:00     3                   30             8         2              0              
988093930889168190            5         19:00     4                   32             8         0              0              
988093930889168190            5         20:00     3                   34             8         0              0              
988093930889168190            5         21:00     3                   33             8         4              0              
988093930889168190            5         22:00     4                   35             8         0              0              
988093930889168190            5         23:00     5                   37             8         1              0              
988093930889168190            6         0:00      0                   34             8         3              0              
988093930889168190            6         1:00      4                   36             8         2              0              
988093930889168190            6         2:00      3                   37             8         1              0              
988093930889168190            6         3:00      0                   33             8         0              0              
988093930889168190            6         4:00      2                   32             8         2              0              
988093930889168190            6         5:00      1                   32             8         1              0              
988093930889168190            6         6:00      4                   35             8         0              0              
988093930889168190            6         7:00      4                   36             8         1              0              
988093930889168190            6         8:00      1                   29             8         5              0              
988093930889168190            6         9:00      4                   33             8         0              0              
988093930889168190            6         10:00     1                   31             8         2              0              
988093930889168190            6         11:00     1                   27             8         1              0              
988093930889168190            6         12:00     4                   25             8         4              0              
988093930889168190            6         13:00     3                   26             8         2              0              
988093930889168190            6         14:00     5                   27             8         3              0              
988093930889168190            6         15:00     2                   29             8         0              0              
988093930889168190            6         16:00     5                   31             8         3              0              
988093930889168190            6         17:00     2                   32             8         1              0              
988093930889168190            6         18:00     2                   33             8         1              0              
988093930889168190            6         19:00     3                   31             8         1              0              
988093930889168190            6         20:00     1                   30             8         2              0              
988093930889168190            6         21:00     0                   26             8         4              0              
988093930889168190            6         22:00     4                   29             8         1              0              
988093930889168190            6         23:00     4                   31             8         2              0              
988093930889168190            7         0:00      1                   31             8         1              0              
988093930889168190            7         1:00      0                   30             8         0              0              
988093930889168190            7         2:00      0                   25             8         0              0              
988093930889168190            7         3:00      0                   24             8         0              0              
988093930889168190            7         4:00      1                   20             8         2              0              
988093930889168190            7         5:00      0                   15             8         1              0              
988093930889168190            7         6:00      5                   18             8         2              0              
988093930889168190            7         7:00      4                   20             8         1              0              
988093930889168190            7         8:00      2                   21             8         1              0              
988093930889168190            7         9:00      0                   18             8         3              0              
988093930889168190            7         10:00     4                   22             8         0              0              
988093930889168190            7         11:00     5                   25             8         1              0              
988093930889168190            7         12:00     2                   23             8         1              0              
988093930889168190            7         13:00     2                   22             8         2              0              
988093930889168190            7         14:00     3                   23             8         2              0              
988093930889168190            7         15:00     3                   25             8         1              0              
988093930889168190            7         16:00     0                   22             8         3              0              
988093930889168190            7         17:00     3                   24             8         1              0              
988093930889168190            7         18:00     3                   25             8         2              0              
988093930889168190            7         19:00     2                   26             8         1              0              
988093930889168190            7         20:00     4                   29             8         1              0              
988093930889168190            7         21:00     5                   33             8         1              0              
988093930889168190            7         22:00     2                   31             8         4              0              
988093930889168190            7         23:00     3                   31             8         2              0              
988093930889168190            8         0:00      3                   32             8         0              0              
988093930889168190            8         1:00      5                   36             8         0              0              
988093930889168190            8         2:00      1                   36             8         1              0              
988093930889168190            8         3:00      1                   31             8         1              0              
988093930889168190            8         4:00      5                   35             8         1              0              
988093930889168190            8         5:00      1                   33             8         3              0              
988093930889168190            8         6:00      5                   36             8         2              0              
988093930889168190            8         7:00      2                   35             8         1              0              
988093930889168190            8         8:00      3                   35             8         2              0              
988093930889168190            8         9:00      1                   33             8         0              0              
988093930889168190            8         10:00     5                   33             8         2              0              
988093930889168190            8         11:00     4                   37             8         0              0              
988093930889168190            8         12:00     4                   38             8         0              0              
988093930889168190            8         13:00     3                   35             8         3              0              
988093930889168190            8         14:00     4                   38             8         0              0              
988093930889168190            8         15:00     3                   39             8         1              0              
988093930889168190            8         16:00     4                   40             8         1              0              
988093930889168190            8         17:00     1                   36             8         2              0              
988093930889168190            8         18:00     5                   40             8         1              0              
988093930889168190            8         19:00     1                   36             8         1              0              
988093930889168190            8         20:00     5                   39             8         2              0              
988093930889168190            8         21:00     4                   41             8         2              0              
988093930889168190            8         22:00     2                   41             8         2              0              
988093930889168190            8         23:00     5                   39             8         5              0              
988093930889168190            9         0:00      4                   41             8         1              0              
988093930889168190            9         1:00      1                   40             8         0              0              
988093930889168190            9         2:00      0                   37             8         2              0              
988093930889168190            9         3:00      0                   33             8         0              0              
988093930889168190            9         4:00      5                   35             8         0              0              
988093930889168190            9         5:00      1                   32             8         0              0              
988093930889168190            9         6:00      2                   32             8         1              0              
988093930889168190            9         7:00      1                   29             8         3              0              
988093930889168190            9         8:00      4                   29             8         3              0              
988093930889168190            9         9:00      4                   29             8         3              0              
988093930889168190            9         10:00     4                   31             8         1              0              
988093930889168190            9         11:00     3                   28             8         4              0              
988093930889168190            9         12:00     1                   27             8         2              0              
988093930889168190            9         13:00     2                   26             8         1              0              
988093930889168190            9         14:00     5                   28             8         2              0              
988093930889168190            9         15:00     0                   26             8         2              0              
988093930889168190            9         16:00     2                   27             8         1              0              
988093930889168190            9         17:00     0                   26             8         1              0              
988093930889168190            9         18:00     3                   28             8         1              0              
988093930889168190            9         19:00     3                   30             8         1              0              
988093930889168190            9         20:00     5                   32             8         2              0              
988093930889168190            9         21:00     5                   32             8         4              0              
988093930889168190            9         22:00     0                   30             8         0              0              
988093930889168190            9         23:00     1                   25             8         2              0              
988093930889168190            10        0:00      0                   23             8         2              0              
988093930889168190            10        1:00      5                   27             8         1              0              
988093930889168190            10        2:00      2                   28             8         1              0              
988093930889168190            10        3:00      1                   24             8         4              0              
988093930889168190            10        4:00      3                   27             8         0              0              
988093930889168190            10        5:00      4                   29             8         1              0              
988093930889168190            10        6:00      4                   33             8         0              0              
988093930889168190            10        7:00      2                   32             8         0              0              
988093930889168190            10        8:00      5                   34             8         0              0              
988093930889168190            10        9:00      2                   31             8         2              0              
988093930889168190            10        10:00     5                   29             8         3              0              
988093930889168190            10        11:00     3                   31             8         1              0              
988093930889168190            10        12:00     3                   28             8         6              0              
988093930889168190            10        13:00     1                   28             8         1              0              
988093930889168190            10        14:00     4                   31             8         1              0              
988093930889168190            10        15:00     5                   34             8         1              0              
988093930889168190            10        16:00     4                   38             8         0              0              
988093930889168190            10        17:00     3                   39             8         2              0              
988093930889168190            10        18:00     1                   37             8         1              0              
988093930889168190            10        19:00     5                   40             8         2              0              
988093930889168190            10        20:00     2                   37             8         2              0              
988093930889168190            10        21:00     1                   36             8         1              0              
988093930889168190            10        22:00     5                   35             8         0              0              
988093930889168190            10        23:00     2                   33             8         1              0              
988093930889168190            11        0:00      2                   35             8         0              0              
988093930889168190            11        1:00      3                   36             8         0              0              
988093930889168190            11        2:00      5                   38             8         3              0              
988093930889168190            11        3:00      5                   38             8         3              0              
988093930889168190            11        4:00      0                   36             8         1              0              
988093930889168190            11        5:00      1                   32             8         0              0              
988093930889168190            11        6:00      5                   36             8         0              0              
988093930889168190            11        7:00      3                   37             8         0              0              
988093930889168190            11        8:00      4                   35             8         2              0              
988093930889168190            11        9:00      5                   39             8         1              0              
988093930889168190            11        10:00     1                   37             8         1              0              
988093930889168190            11        11:00     3                   38             8         2              0              
988093930889168190            11        12:00     2                   38             8         2              0              
988093930889168190            11        13:00     0                   36             8         0              0              
988093930889168190            11        14:00     3                   32             8         2              0              
988093930889168190            11        15:00     0                   29             8         2              0              
988093930889168190            11        16:00     2                   27             8         2              0              
988093930889168190            11        17:00     3                   26             8         4              0              
988093930889168190            11        18:00     0                   23             8         3              0              
988093930889168190            11        19:00     2                   24             8         1              0              
988093930889168190            11        20:00     4                   25             8         3              0              
988093930889168190            11        21:00     0                   22             8         0              0              
988093930889168190            11        22:00     0                   18             8         2              0              
988093930889168190            11        23:00     3                   20             8         0              0              
988093930889168190            12        0:00      5                   21             8         1              0              
988093930889168190            12        1:00      4                   24             8         0              0              
988093930889168190            12        2:00      0                   21             8         3              0              
988093930889168190            12        3:00      0                   20             8         1              0              
988093930889168190            12        4:00      3                   21             8         2              0              
988093930889168190            12        5:00      5                   25             8         0              0              
988093930889168190            12        6:00      5                   26             8         2              0              
988093930889168190            12        7:00      4                   29             8         1              0              
988093930889168190            12        8:00      1                   28             8         1              0              
988093930889168190            12        9:00      1                   28             8         0              0              
988093930889168190            12        10:00     0                   26             8         2              0              
988093930889168190            12        11:00     0                   26             8         0              0              
988093930889168190            12        12:00     3                   26             8         1              0              
988093930889168190            12        13:00     1                   21             8         2              0              
988093930889168190            12        14:00     0                   18             8         3              0              
988093930889168190            12        15:00     1                   18             8         1              0              
988093930889168190            12        16:00     5                   20             8         2              0              
988093930889168190            12        17:00     3                   20             8         3              0              
988093930889168190            12        18:00     5                   25             8         0              0              
988093930889168190            12        19:00     5                   26             8         0              0              
988093930889168190            12        20:00     3                   25             8         1              0              
988093930889168190            12        21:00     1                   24             8         2              0              
988093930889168190            12        22:00     5                   28             8         1              0              
988093930889168190            12        23:00     1                   27             8         2              0              
988093930889168190            13        0:00      0                   25             8         2              0              
988093930889168190            13        1:00      4                   29             8         0              0              
988093930889168190            13        2:00      2                   30             8         1              0              
988093930889168190            13        3:00      4                   33             8         1              0              
988093930889168190            13        4:00      3                   36             8         0              0              
988093930889168190            13        5:00      3                   37             8         1              0              
988093930889168190            13        6:00      1                   33             8         2              0              
988093930889168190            13        7:00      5                   35             8         1              0              
988093930889168190            13        8:00      4                   35             8         2              0              
988093930889168190            13        9:00      4                   35             8         2              0              
988093930889168190            13        10:00     5                   38             8         2              0              
988093930889168190            13        11:00     3                   37             8         1              0              
988093930889168190            13        12:00     0                   35             8         2              0              
988093930889168190            13        13:00     3                   38             8         0              0              
988093930889168190            13        14:00     2                   36             8         3              0              
988093930889168190            13        15:00     1                   35             8         1              0              
988093930889168190            13        16:00     2                   33             8         3              0              
988093930889168190            13        17:00     2                   32             8         3              0              
988093930889168190            13        18:00     3                   34             8         1              0              
988093930889168190            13        19:00     5                   36             8         1              0              
988093930889168190            13        20:00     4                   35             8         4              0              
988093930889168190            13        21:00     0                   33             8         0              0              
988093930889168190            13        22:00     0                   27             8         3              0              
988093930889168190            13        23:00     1                   25             8         0              0              
988093930889168190            14        0:00      4                   26             8         2              0              
988093930889168190            14        1:00      1                   27             8         0              0              
988093930889168190            14        2:00      1                   26             8         2              0              
988093930889168190            14        3:00      3                   26             8         0              0              
988093930889168190            14        4:00      5                   28             8         3              0              
988093930889168190            14        5:00      0                   27             8         0              0              
988093930889168190            14        6:00      1                   26             8         0              0              
988093930889168190            14        7:00      2                   23             8         3              0              
988093930889168190            14        8:00      1                   21             8         2              0              
988093930889168190            14        9:00      5                   22             8         2              0              
988093930889168190            14        10:00     4                   25             8         1              0              
988093930889168190            14        11:00     1                   23             8         3              0              
988093930889168190            14        12:00     2                   24             8         1              0              
988093930889168190            14        13:00     3                   26             8         1              0              
988093930889168190            14        14:00     3                   29             8         0              0              
988093930889168190            14        15:00     3                   30             8         1              0              
988093930889168190            14        16:00     2                   29             8         3              0              
988093930889168190            14        17:00     3                   27             8         3              0              
988093930889168190            14        18:00     3                   29             8         1              0              
988093930889168190            14        19:00     5                   31             8         3              0              
988093930889168190            14        20:00     2                   32             8         1              0              
988093930889168190            14        21:00     2                   33             8         1              0              
988093930889168190            14        22:00     3                   33             8         0              0              
988093930889168190            14        23:00     5                   32             8         4              0              
988093930889168190            15        0:00      0                   28             8         4              0              
988093930889168190            15        1:00      4                   32             8         0              0              
988093930889168190            15        2:00      2                   30             8         4              0              
988093930889168190            15        3:00      5                   32             8         2              0              
988093930889168190            15        4:00      0                   28             8         4              0              
988093930889168190            15        5:00      2                   29             8         1              0              
988093930889168190            15        6:00      1                   28             8         2              0              
988093930889168190            15        7:00      3                   29             8         2              0              
988093930889168190            15        8:00      3                   26             8         2              0              
988093930889168190            15        9:00      5                   28             8         3              0              
988093930889168190            15        10:00     0                   25             8         3              0              
988093930889168190            15        11:00     1                   23             8         3              0              
988093930889168190            15        12:00     0                   21             8         2              0              
988093930889168190            15        13:00     3                   23             8         1              0              
988093930889168190            15        14:00     4                   25             8         1              0              
988093930889168190            15        15:00     5                   27             8         2              0              
988093930889168190            15        16:00     0                   26             8         0              0              
988093930889168190            15        17:00     4                   28             8         2              0              
988093930889168190            15        18:00     2                   28             8         2              0              
988093930889168190            15        19:00     1                   27             8         2              0              
988093930889168190            15        20:00     0                   24             8         0              0              
988093930889168190            15        21:00     2                   21             8         4              0              
988093930889168190            15        22:00     5                   23             8         3              0              
988093930889168190            15        23:00     2                   22             8         3              0              
