Sim_N                         Day       Time      New_Patients        Waiting        Assigned  Discharged     Beds_Avail_EOH 
9097247026267820011           1         0:00      2                   0              2         0              10             
9097247026267820011           1         1:00      1                   0              3         0              9              
9097247026267820011           1         2:00      0                   0              3         0              9              
9097247026267820011           1         3:00      0                   0              3         0              9              
9097247026267820011           1         4:00      2                   0              5         0              7              
9097247026267820011           1         5:00      3                   0              7         0              5              
9097247026267820011           1         6:00      3                   0              9         1              3              
9097247026267820011           1         7:00      1                   0              8         2              4              
9097247026267820011           1         8:00      2                   0              8         2              4              
9097247026267820011           1         9:00      2                   0              9         1              3              
9097247026267820011           1         10:00     4                   1              12        0              0              
9097247026267820011           1         11:00     4                   2              12        3              0              
9097247026267820011           1         12:00     3                   4              12        1              0              
9097247026267820011           1         13:00     2                   4              12        2              0              
9097247026267820011           1         14:00     2                   5              12        1              0              
9097247026267820011           1         15:00     0                   3              12        2              0              
9097247026267820011           1         16:00     5                   6              12        1              0              
9097247026267820011           1         17:00     3                   7              12        2              0              
9097247026267820011           1         18:00     2                   9              12        0              0              
9097247026267820011           1         19:00     0                   6              12        3              0              
9097247026267820011           1         20:00     4                   8              12        2              0              
9097247026267820011           1         21:00     4                   10             12        2              0              
9097247026267820011           1         22:00     3                   12             12        1              0              
9097247026267820011           1         23:00     4                   13             12        3              0              
9097247026267820011           2         0:00      4                   17             12        0              0              
9097247026267820011           2         1:00      5                   21             12        1              0              
9097247026267820011           2         2:00      5                   21             12        5              0              
9097247026267820011           2         3:00      1                   15             12        6              0              
9097247026267820011           2         4:00      3                   16             12        2              0              
9097247026267820011           2         5:00      4                   17             12        3              0              
9097247026267820011           2         6:00      2                   15             12        3              0              
9097247026267820011           2         7:00      0                   11             12        4              0              
9097247026267820011           2         8:00      4                   13             12        2              0              
9097247026267820011           2         9:00      0                   12             12        1              0              
9097247026267820011           2         10:00     0                   8              12        4              0              
9097247026267820011           2         11:00     0                   8              12        0              0              
9097247026267820011           2         12:00     1                   8              12        1              0              
9097247026267820011           2         13:00     0                   4              12        4              0              
9097247026267820011           2         14:00     0                   0              11        5              1              
9097247026267820011           2         15:00     1                   0              10        2              2              
9097247026267820011           2         16:00     0                   0              7         3              5              
9097247026267820011           2         17:00     3                   0              9         1              3              
9097247026267820011           2         18:00     1                   0              9         1              3              
9097247026267820011           2         19:00     3                   0              10        2              2              
9097247026267820011           2         20:00     5                   2              12        1              0              
9097247026267820011           2         21:00     2                   3              12        1              0              
9097247026267820011           2         22:00     1                   1              12        3              0              
9097247026267820011           2         23:00     4                   0              12        5              0              
9097247026267820011           3         0:00      1                   0              11        2              1              
9097247026267820011           3         1:00      5                   3              12        1              0              
9097247026267820011           3         2:00      4                   6              12        1              0              
9097247026267820011           3         3:00      5                   9              12        2              0              
9097247026267820011           3         4:00      0                   9              12        0              0              
9097247026267820011           3         5:00      2                   10             12        1              0              
9097247026267820011           3         6:00      4                   13             12        1              0              
9097247026267820011           3         7:00      0                   11             12        2              0              
9097247026267820011           3         8:00      5                   14             12        2              0              
9097247026267820011           3         9:00      1                   12             12        3              0              
9097247026267820011           3         10:00     0                   12             12        0              0              
9097247026267820011           3         11:00     0                   11             12        1              0              
9097247026267820011           3         12:00     1                   10             12        2              0              
9097247026267820011           3         13:00     4                   9              12        5              0              
9097247026267820011           3         14:00     5                   12             12        2              0              
9097247026267820011           3         15:00     1                   9              12        4              0              
9097247026267820011           3         16:00     4                   12             12        0              0              
9097247026267820011           3         17:00     3                   12             12        3              0              
9097247026267820011           3         18:00     1                   11             12        2              0              
9097247026267820011           3         19:00     3                   9              12        5              0              
9097247026267820011           3         20:00     2                   11             12        0              0              
9097247026267820011           3         21:00     1                   9              12        3              0              
9097247026267820011           3         22:00     3                   9              12        3              0              
9097247026267820011           3         23:00     2                   9              12        2              0              
9097247026267820011           4         0:00      1                   9              12        1              0              
9097247026267820011           4         1:00      0                   5              12        4              0              
9097247026267820011           4         2:00      0                   4              12        1              0              
9097247026267820011           4         3:00      4                   4              12        4              0              
9097247026267820011           4         4:00      0                   2              12        2              0              
9097247026267820011           4         5:00      1                   2              12        1              0              
9097247026267820011           4         6:00      3                   3              12        2              0              
9097247026267820011           4         7:00      4                   6              12        1              0              
9097247026267820011           4         8:00      3                   6              12        3              0              
9097247026267820011           4         9:00      4                   6              12        4              0              
9097247026267820011           4         10:00     2                   5              12        3              0              
9097247026267820011           4         11:00     5                   7              12        2              0              
9097247026267820011           4         12:00     1                   6              12        2              0              
9097247026267820011           4         13:00     3                   6              12        3              0              
9097247026267820011           4         14:00     4                   9              12        1              0              
9097247026267820011           4         15:00     4                   10             12        2              0              
9097247026267820011           4         16:00     0                   8              12        2              0              
9097247026267820011           4         17:00     1                   7              12        2              0              
9097247026267820011           4         18:00     4                   9              12        2              0              
9097247026267820011           4         19:00     2                   10             12        1              0              
9097247026267820011           4         20:00     0                   8              12        2              0              
9097247026267820011           4         21:00     0                   7              12        1              0              
9097247026267820011           4         22:00     2                   6              12        3              0              
9097247026267820011           4         23:00     5                   9              12        1              0              
9097247026267820011           5         0:00      1                   6              12        4              0              
9097247026267820011           5         1:00      5                   6              12        5              0              
9097247026267820011           5         2:00      1                   4              12        3              0              
9097247026267820011           5         3:00      0                   1              12        3              0              
9097247026267820011           5         4:00      2                   1              12        2              0              
9097247026267820011           5         5:00      3                   3              12        1              0              
9097247026267820011           5         6:00      2                   2              12        3              0              
9097247026267820011           5         7:00      1                   0              12        3              0              
9097247026267820011           5         8:00      2                   1              12        1              0              
9097247026267820011           5         9:00      5                   1              12        4              0              
9097247026267820011           5         10:00     0                   0              12        1              0              
9097247026267820011           5         11:00     4                   2              12        2              0              
9097247026267820011           5         12:00     5                   2              12        5              0              
9097247026267820011           5         13:00     0                   1              12        1              0              
9097247026267820011           5         14:00     1                   0              11        3              1              
9097247026267820011           5         15:00     1                   0              11        1              1              
9097247026267820011           5         16:00     5                   3              12        1              0              
9097247026267820011           5         17:00     0                   1              12        2              0              
9097247026267820011           5         18:00     2                   2              12        1              0              
9097247026267820011           5         19:00     0                   0              12        2              0              
9097247026267820011           5         20:00     0                   0              10        2              2              
9097247026267820011           5         21:00     0                   0              9         1              3              
9097247026267820011           5         22:00     3                   0              11        1              1              
9097247026267820011           5         23:00     5                   2              12        0              0              
9097247026267820011           6         0:00      3                   1              12        4              0              
9097247026267820011           6         1:00      3                   0              11        5              1              
9097247026267820011           6         2:00      4                   0              10        3              2              
9097247026267820011           6         3:00      3                   0              9         4              3              
9097247026267820011           6         4:00      2                   0              9         2              3              
9097247026267820011           6         5:00      5                   0              12        1              0              
9097247026267820011           6         6:00      4                   2              12        2              0              
9097247026267820011           6         7:00      5                   5              12        2              0              
9097247026267820011           6         8:00      4                   8              12        1              0              
9097247026267820011           6         9:00      0                   6              12        2              0              
9097247026267820011           6         10:00     4                   9              12        1              0              
9097247026267820011           6         11:00     1                   7              12        3              0              
9097247026267820011           6         12:00     1                   6              12        2              0              
9097247026267820011           6         13:00     1                   3              12        4              0              
9097247026267820011           6         14:00     1                   2              12        2              0              
9097247026267820011           6         15:00     5                   6              12        0              0              
9097247026267820011           6         16:00     2                   6              12        2              0              
9097247026267820011           6         17:00     3                   6              12        2              0              
9097247026267820011           6         18:00     2                   7              12        1              0              
9097247026267820011           6         19:00     5                   8              12        4              0              
9097247026267820011           6         20:00     4                   10             12        2              0              
9097247026267820011           6         21:00     4                   11             12        3              0              
9097247026267820011           6         22:00     4                   12             12        3              0              
9097247026267820011           6         23:00     0                   10             12        2              0              
9097247026267820011           7         0:00      3                   13             12        0              0              
9097247026267820011           7         1:00      0                   12             12        1              0              
9097247026267820011           7         2:00      2                   11             12        3              0              
9097247026267820011           7         3:00      5                   13             12        3              0              
9097247026267820011           7         4:00      5                   16             12        2              0              
9097247026267820011           7         5:00      1                   14             12        3              0              
9097247026267820011           7         6:00      3                   15             12        2              0              
9097247026267820011           7         7:00      1                   15             12        1              0              
9097247026267820011           7         8:00      5                   15             12        3              0              
9097247026267820011           7         9:00      3                   15             12        3              0              
9097247026267820011           7         10:00     5                   18             12        2              0              
9097247026267820011           7         11:00     3                   19             12        2              0              
9097247026267820011           7         12:00     0                   17             12        2              0              
9097247026267820011           7         13:00     4                   16             12        5              0              
9097247026267820011           7         14:00     2                   13             12        5              0              
9097247026267820011           7         15:00     1                   9              12        5              0              
9097247026267820011           7         16:00     2                   11             12        0              0              
9097247026267820011           7         17:00     4                   14             12        0              0              
9097247026267820011           7         18:00     4                   17             12        1              0              
9097247026267820011           7         19:00     1                   18             12        0              0              
9097247026267820011           7         20:00     1                   14             12        5              0              
9097247026267820011           7         21:00     1                   15             12        0              0              
9097247026267820011           7         22:00     3                   15             12        3              0              
9097247026267820011           7         23:00     4                   18             12        1              0              
9097247026267820011           8         0:00      3                   21             12        0              0              
9097247026267820011           8         1:00      3                   19             12        5              0              
9097247026267820011           8         2:00      3                   20             12        2              0              
9097247026267820011           8         3:00      2                   22             12        0              0              
9097247026267820011           8         4:00      4                   23             12        3              0              
9097247026267820011           8         5:00      3                   26             12        0              0              
9097247026267820011           8         6:00      1                   27             12        0              0              
9097247026267820011           8         7:00      0                   27             12        0              0              
9097247026267820011           8         8:00      3                   28             12        2              0              
9097247026267820011           8         9:00      3                   30             12        1              0              
9097247026267820011           8         10:00     3                   29             12        4              0              
9097247026267820011           8         11:00     5                   29             12        5              0              
9097247026267820011           8         12:00     3                   31             12        1              0              
9097247026267820011           8         13:00     3                   28             12        6              0              
9097247026267820011           8         14:00     0                   27             12        1              0              
9097247026267820011           8         15:00     0                   25             12        2              0              
9097247026267820011           8         16:00     2                   24             12        3              0              
9097247026267820011           8         17:00     4                   27             12        1              0              
9097247026267820011           8         18:00     1                   26             12        2              0              
9097247026267820011           8         19:00     1                   26             12        1              0              
9097247026267820011           8         20:00     4                   27             12        3              0              
9097247026267820011           8         21:00     1                   24             12        4              0              
9097247026267820011           8         22:00     0                   22             12        2              0              
9097247026267820011           8         23:00     0                   18             12        4              0              
9097247026267820011           9         0:00      4                   19             12        3              0              
9097247026267820011           9         1:00      3                   21             12        0              0              
9097247026267820011           9         2:00      3                   21             12        2              0              
9097247026267820011           9         3:00      1                   19             12        3              0              
9097247026267820011           9         4:00      1                   19             12        1              0              
9097247026267820011           9         5:00      3                   18             12        4              0              
9097247026267820011           9         6:00      3                   19             12        2              0              
9097247026267820011           9         7:00      1                   18             12        2              0              
9097247026267820011           9         8:00      3                   19             12        2              0              
9097247026267820011           9         9:00      1                   17             12        3              0              
9097247026267820011           9         10:00     5                   16             12        6              0              
9097247026267820011           9         11:00     4                   18             12        2              0              
9097247026267820011           9         12:00     5                   21             12        2              0              
9097247026267820011           9         13:00     1                   20             12        2              0              
9097247026267820011           9         14:00     0                   18             12        2              0              
9097247026267820011           9         15:00     4                   20             12        2              0              
9097247026267820011           9         16:00     3                   20             12        3              0              
9097247026267820011           9         17:00     3                   18             12        4              0              
9097247026267820011           9         18:00     1                   15             12        4              0              
9097247026267820011           9         19:00     2                   15             12        2              0              
9097247026267820011           9         20:00     0                   14             12        1              0              
9097247026267820011           9         21:00     0                   12             12        2              0              
9097247026267820011           9         22:00     3                   11             12        4              0              
9097247026267820011           9         23:00     2                   9              12        4              0              
9097247026267820011           10        0:00      2                   10             12        1              0              
9097247026267820011           10        1:00      4                   12             12        2              0              
9097247026267820011           10        2:00      5                   15             12        2              0              
9097247026267820011           10        3:00      0                   14             12        1              0              
9097247026267820011           10        4:00      0                   14             12        0              0              
9097247026267820011           10        5:00      5                   16             12        3              0              
9097247026267820011           10        6:00      4                   17             12        2              0              
9097247026267820011           10        7:00      4                   18             12        3              0              
9097247026267820011           10        8:00      0                   16             12        2              0              
9097247026267820011           10        9:00      5                   21             12        0              0              
9097247026267820011           10        10:00     3                   21             12        3              0              
9097247026267820011           10        11:00     1                   19             12        3              0              
9097247026267820011           10        12:00     2                   19             12        2              0              
9097247026267820011           10        13:00     0                   16             12        3              0              
9097247026267820011           10        14:00     3                   18             12        1              0              
9097247026267820011           10        15:00     5                   18             12        5              0              
9097247026267820011           10        16:00     1                   16             12        3              0              
9097247026267820011           10        17:00     1                   16             12        1              0              
9097247026267820011           10        18:00     2                   10             12        8              0              
9097247026267820011           10        19:00     0                   10             12        0              0              
9097247026267820011           10        20:00     5                   13             12        2              0              
9097247026267820011           10        21:00     3                   16             12        0              0              
9097247026267820011           10        22:00     0                   14             12        2              0              
9097247026267820011           10        23:00     2                   15             12        1              0              
9097247026267820011           11        0:00      3                   16             12        2              0              
9097247026267820011           11        1:00      3                   14             12        5              0              
9097247026267820011           11        2:00      4                   15             12        3              0              
9097247026267820011           11        3:00      0                   15             12        0              0              
9097247026267820011           11        4:00      2                   15             12        2              0              
9097247026267820011           11        5:00      3                   18             12        0              0              
9097247026267820011           11        6:00      3                   18             12        2              0              
9097247026267820011           11        7:00      0                   16             12        2              0              
9097247026267820011           11        8:00      3                   19             12        0              0              
9097247026267820011           11        9:00      1                   17             12        3              0              
9097247026267820011           11        10:00     1                   14             12        4              0              
9097247026267820011           11        11:00     4                   13             12        5              0              
9097247026267820011           11        12:00     1                   14             12        0              0              
9097247026267820011           11        13:00     5                   17             12        2              0              
9097247026267820011           11        14:00     3                   17             12        3              0              
9097247026267820011           11        15:00     1                   13             12        5              0              
9097247026267820011           11        16:00     5                   14             12        4              0              
9097247026267820011           11        17:00     2                   16             12        0              0              
9097247026267820011           11        18:00     4                   18             12        2              0              
9097247026267820011           11        19:00     1                   17             12        2              0              
9097247026267820011           11        20:00     1                   17             12        1              0              
9097247026267820011           11        21:00     1                   17             12        1              0              
9097247026267820011           11        22:00     1                   16             12        2              0              
9097247026267820011           11        23:00     2                   16             12        2              0              
9097247026267820011           12        0:00      1                   17             12        0              0              
9097247026267820011           12        1:00      1                   12             12        6              0              
9097247026267820011           12        2:00      3                   13             12        2              0              
9097247026267820011           12        3:00      2                   10             12        5              0              
9097247026267820011           12        4:00      5                   13             12        2              0              
9097247026267820011           12        5:00      5                   15             12        3              0              
9097247026267820011           12        6:00      0                   12             12        3              0              
9097247026267820011           12        7:00      1                   13             12        0              0              
9097247026267820011           12        8:00      4                   12             12        5              0              
9097247026267820011           12        9:00      0                   9              12        3              0              
9097247026267820011           12        10:00     2                   7              12        4              0              
9097247026267820011           12        11:00     0                   7              12        0              0              
9097247026267820011           12        12:00     4                   9              12        2              0              
9097247026267820011           12        13:00     5                   14             12        0              0              
9097247026267820011           12        14:00     4                   18             12        0              0              
9097247026267820011           12        15:00     0                   17             12        1              0              
9097247026267820011           12        16:00     2                   15             12        4              0              
9097247026267820011           12        17:00     5                   16             12        3              0              
9097247026267820011           12        18:00     4                   19             12        1              0              
9097247026267820011           12        19:00     3                   18             12        4              0              
9097247026267820011           12        20:00     1                   16             12        3              0              
9097247026267820011           12        21:00     1                   14             12        3              0              
9097247026267820011           12        22:00     0                   10             12        4              0              
9097247026267820011           12        23:00     0                   8              12        2              0              
9097247026267820011           13        0:00      1                   3              12        6              0              
9097247026267820011           13        1:00      3                   4              12        2              0              
9097247026267820011           13        2:00      4                   6              12        2              0              
9097247026267820011           13        3:00      1                   4              12        3              0              
9097247026267820011           13        4:00      5                   7              12        2              0              
9097247026267820011           13        5:00      1                   3              12        5              0              
9097247026267820011           13        6:00      5                   4              12        4              0              
9097247026267820011           13        7:00      5                   6              12        3              0              
9097247026267820011           13        8:00      2                   4              12        4              0              
9097247026267820011           13        9:00      3                   6              12        1              0              
9097247026267820011           13        10:00     0                   3              12        3              0              
9097247026267820011           13        11:00     5                   5              12        3              0              
9097247026267820011           13        12:00     2                   4              12        3              0              
9097247026267820011           13        13:00     4                   6              12        2              0              
9097247026267820011           13        14:00     3                   7              12        2              0              
9097247026267820011           13        15:00     2                   8              12        1              0              
9097247026267820011           13        16:00     0                   4              12        4              0              
9097247026267820011           13        17:00     3                   4              12        3              0              
9097247026267820011           13        18:00     1                   1              12        4              0              
9097247026267820011           13        19:00     4                   3              12        2              0              
9097247026267820011           13        20:00     1                   0              12        4              0              
9097247026267820011           13        21:00     2                   0              6         8              6              
9097247026267820011           13        22:00     4                   0              8         2              4              
9097247026267820011           13        23:00     4                   0              8         4              4              
9097247026267820011           14        0:00      1                   0              7         2              5              
9097247026267820011           14        1:00      3                   0              10        0              2              
9097247026267820011           14        2:00      1                   0              9         2              3              
9097247026267820011           14        3:00      0                   0              7         2              5              
9097247026267820011           14        4:00      4                   0              10        0              2              
9097247026267820011           14        5:00      5                   1              12        1              0              
9097247026267820011           14        6:00      1                   0              12        2              0              
9097247026267820011           14        7:00      5                   2              12        3              0              
9097247026267820011           14        8:00      2                   3              12        1              0              
9097247026267820011           14        9:00      1                   0              12        4              0              
9097247026267820011           14        10:00     4                   0              11        5              1              
9097247026267820011           14        11:00     1                   0              9         3              3              
9097247026267820011           14        12:00     4                   0              7         6              5              
9097247026267820011           14        13:00     4                   0              7         4              5              
9097247026267820011           14        14:00     1                   0              7         1              5              
9097247026267820011           14        15:00     3                   0              8         1              4              
9097247026267820011           14        16:00     0                   0              5         3              7              
9097247026267820011           14        17:00     1                   0              6         0              6              
9097247026267820011           14        18:00     4                   0              10        0              2              
9097247026267820011           14        19:00     0                   0              7         3              5              
9097247026267820011           14        20:00     4                   0              9         2              3              
9097247026267820011           14        21:00     3                   0              11        1              1              
9097247026267820011           14        22:00     1                   0              11        1              1              
9097247026267820011           14        23:00     0                   0              10        1              2              
9097247026267820011           15        0:00      2                   0              12        0              0              
9097247026267820011           15        1:00      1                   0              10        3              2              
9097247026267820011           15        2:00      1                   0              10        1              2              
9097247026267820011           15        3:00      0                   0              10        0              2              
9097247026267820011           15        4:00      5                   0              11        3              1              
9097247026267820011           15        5:00      1                   0              11        1              1              
9097247026267820011           15        6:00      5                   2              12        2              0              
9097247026267820011           15        7:00      3                   2              12        3              0              
9097247026267820011           15        8:00      5                   5              12        2              0              
9097247026267820011           15        9:00      2                   5              12        2              0              
9097247026267820011           15        10:00     2                   6              12        1              0              
9097247026267820011           15        11:00     4                   9              12        1              0              
9097247026267820011           15        12:00     0                   7              12        2              0              
9097247026267820011           15        13:00     4                   7              12        4              0              
9097247026267820011           15        14:00     5                   10             12        2              0              
9097247026267820011           15        15:00     2                   8              12        4              0              
9097247026267820011           15        16:00     2                   7              12        3              0              
9097247026267820011           15        17:00     5                   11             12        1              0              
9097247026267820011           15        18:00     1                   9              12        3              0              
9097247026267820011           15        19:00     3                   10             12        2              0              
9097247026267820011           15        20:00     2                   8              12        4              0              
9097247026267820011           15        21:00     0                   4              12        4              0              
9097247026267820011           15        22:00     1                   4              12        1              0              
9097247026267820011           15        23:00     2                   5              12        1              0              
