Sim_N                         Day       AVG_SF_per_Day      
3057727175655735907           1         5.00                
3057727175655735907           2         4.73                
3057727175655735907           3         4.64                
3057727175655735907           4         4.66                
3057727175655735907           5         5.00                
3057727175655735907           6         4.95                
3057727175655735907           7         4.97                
3057727175655735907           8         5.00                
3057727175655735907           9         5.00                
3057727175655735907           10        4.68                
3057727175655735907           11        4.98                
3057727175655735907           12        5.00                
3057727175655735907           13        4.27                
3057727175655735907           14        4.83                
3057727175655735907           15        5.00                
