Sim_N                         Day       AVG_SF_per_Day      
7670597199140741695           1         4.98                
7670597199140741695           2         4.93                
7670597199140741695           3         5.00                
7670597199140741695           4         4.31                
7670597199140741695           5         4.45                
7670597199140741695           6         4.25                
7670597199140741695           7         4.48                
7670597199140741695           8         4.94                
7670597199140741695           9         4.44                
7670597199140741695           10        5.00                
7670597199140741695           11        5.00                
7670597199140741695           12        5.00                
7670597199140741695           13        4.96                
7670597199140741695           14        5.00                
7670597199140741695           15        4.98                
