Sim_N                         Day       AVG_SF_per_Day      
4067168772142032896           1         5.00                
4067168772142032896           2         4.55                
4067168772142032896           3         3.85                
4067168772142032896           4         3.89                
4067168772142032896           5         4.98                
4067168772142032896           6         5.00                
4067168772142032896           7         4.71                
4067168772142032896           8         4.52                
4067168772142032896           9         4.52                
4067168772142032896           10        4.98                
4067168772142032896           11        4.99                
4067168772142032896           12        4.99                
4067168772142032896           13        4.99                
4067168772142032896           14        5.00                
4067168772142032896           15        4.99                
