Sim_N                         Day       AVG_SF_per_Day      
7156215097081989924           1         5.00                
7156215097081989924           2         4.99                
7156215097081989924           3         4.61                
7156215097081989924           4         3.61                
7156215097081989924           5         4.93                
7156215097081989924           6         4.88                
7156215097081989924           7         5.00                
7156215097081989924           8         5.00                
7156215097081989924           9         4.96                
7156215097081989924           10        4.97                
7156215097081989924           11        4.83                
7156215097081989924           12        5.00                
7156215097081989924           13        5.00                
7156215097081989924           14        5.00                
7156215097081989924           15        4.78                
