Sim_N                         Day       AVG_SF_per_Day      
2349917391672655824           1         5.00                
2349917391672655824           2         5.00                
2349917391672655824           3         4.93                
2349917391672655824           4         5.00                
2349917391672655824           5         5.00                
2349917391672655824           6         5.00                
2349917391672655824           7         4.98                
2349917391672655824           8         4.84                
2349917391672655824           9         4.94                
2349917391672655824           10        4.57                
2349917391672655824           11        4.50                
2349917391672655824           12        5.00                
2349917391672655824           13        4.72                
2349917391672655824           14        4.71                
2349917391672655824           15        5.00                
