Sim_N                         Day       AVG_SF_per_Day      
2152596340531041327           1         5.00                
2152596340531041327           2         4.72                
2152596340531041327           3         4.98                
2152596340531041327           4         4.99                
2152596340531041327           5         4.84                
2152596340531041327           6         5.00                
2152596340531041327           7         5.00                
2152596340531041327           8         5.00                
2152596340531041327           9         4.76                
2152596340531041327           10        5.00                
2152596340531041327           11        4.73                
2152596340531041327           12        4.93                
2152596340531041327           13        4.26                
2152596340531041327           14        4.77                
2152596340531041327           15        4.81                
