Sim_N                         Day       AVG_SF_per_Day      
7941324975047318726           1         5.00                
7941324975047318726           2         4.26                
7941324975047318726           3         5.00                
7941324975047318726           4         4.95                
7941324975047318726           5         5.00                
7941324975047318726           6         5.00                
7941324975047318726           7         5.00                
7941324975047318726           8         5.00                
7941324975047318726           9         4.74                
7941324975047318726           10        4.91                
7941324975047318726           11        5.00                
7941324975047318726           12        5.00                
7941324975047318726           13        5.00                
7941324975047318726           14        5.00                
7941324975047318726           15        4.91                
