Sim_N                         Day       AVG_SF_per_Day      
9037354805057675029           1         4.98                
9037354805057675029           2         4.63                
9037354805057675029           3         4.99                
9037354805057675029           4         5.00                
9037354805057675029           5         4.96                
9037354805057675029           6         4.95                
9037354805057675029           7         4.99                
9037354805057675029           8         4.78                
9037354805057675029           9         5.00                
9037354805057675029           10        4.98                
9037354805057675029           11        4.80                
9037354805057675029           12        4.38                
9037354805057675029           13        4.86                
9037354805057675029           14        4.62                
9037354805057675029           15        5.00                
