Sim_N                         Day       AVG_SF_per_Day      
6581343128532512464           1         4.70                
6581343128532512464           2         4.21                
6581343128532512464           3         4.35                
6581343128532512464           4         4.97                
6581343128532512464           5         5.00                
6581343128532512464           6         4.79                
6581343128532512464           7         4.95                
6581343128532512464           8         4.87                
6581343128532512464           9         4.99                
6581343128532512464           10        5.00                
6581343128532512464           11        5.00                
6581343128532512464           12        4.77                
6581343128532512464           13        5.00                
6581343128532512464           14        4.99                
6581343128532512464           15        4.94                
