Sim_N                         Day       AVG_SF_per_Day      
7915828473194617694           1         4.84                
7915828473194617694           2         4.58                
7915828473194617694           3         5.00                
7915828473194617694           4         4.98                
7915828473194617694           5         4.99                
7915828473194617694           6         4.27                
7915828473194617694           7         4.63                
7915828473194617694           8         5.00                
7915828473194617694           9         4.92                
7915828473194617694           10        4.82                
7915828473194617694           11        4.05                
7915828473194617694           12        4.21                
7915828473194617694           13        4.98                
7915828473194617694           14        4.70                
7915828473194617694           15        4.61                
