Sim_N                         Day       AVG_SF_per_Day      
5321715219010645372           1         4.23                
5321715219010645372           2         4.35                
5321715219010645372           3         5.00                
5321715219010645372           4         4.35                
5321715219010645372           5         3.68                
5321715219010645372           6         4.55                
5321715219010645372           7         4.93                
5321715219010645372           8         4.86                
5321715219010645372           9         4.48                
5321715219010645372           10        4.78                
5321715219010645372           11        4.56                
5321715219010645372           12        4.93                
5321715219010645372           13        4.72                
5321715219010645372           14        5.00                
5321715219010645372           15        4.99                
