Sim_N                         Day       AVG_SF_per_Day      
4037410527979394177           1         4.95                
4037410527979394177           2         4.69                
4037410527979394177           3         4.92                
4037410527979394177           4         4.96                
4037410527979394177           5         4.54                
4037410527979394177           6         4.65                
4037410527979394177           7         4.31                
4037410527979394177           8         4.32                
4037410527979394177           9         5.00                
4037410527979394177           10        4.99                
4037410527979394177           11        4.95                
4037410527979394177           12        4.77                
4037410527979394177           13        4.82                
4037410527979394177           14        4.70                
4037410527979394177           15        4.97                
