Sim_N                         Day       AVG_SF_per_Day      
811769611717061597            1         4.99                
811769611717061597            2         5.00                
811769611717061597            3         4.84                
811769611717061597            4         3.89                
811769611717061597            5         2.13                
811769611717061597            6         2.76                
811769611717061597            7         3.49                
811769611717061597            8         4.23                
811769611717061597            9         4.93                
811769611717061597            10        4.18                
811769611717061597            11        3.80                
811769611717061597            12        3.12                
811769611717061597            13        3.33                
811769611717061597            14        4.86                
811769611717061597            15        4.96                
