Sim_N                         Day       AVG_SF_per_Day      
5452792177775703901           1         4.29                
5452792177775703901           2         2.53                
5452792177775703901           3         1.63                
5452792177775703901           4         2.04                
5452792177775703901           5         3.31                
5452792177775703901           6         2.17                
5452792177775703901           7         3.70                
5452792177775703901           8         4.07                
5452792177775703901           9         4.96                
5452792177775703901           10        4.97                
5452792177775703901           11        3.65                
5452792177775703901           12        3.11                
5452792177775703901           13        1.72                
5452792177775703901           14        1.82                
5452792177775703901           15        3.06                
