Sim_N                         Day       AVG_SF_per_Day      
3050559295636198447           1         4.82                
3050559295636198447           2         4.62                
3050559295636198447           3         4.97                
3050559295636198447           4         5.00                
3050559295636198447           5         4.93                
3050559295636198447           6         4.78                
3050559295636198447           7         3.95                
3050559295636198447           8         2.79                
3050559295636198447           9         2.51                
3050559295636198447           10        1.55                
3050559295636198447           11        3.40                
3050559295636198447           12        3.29                
3050559295636198447           13        1.39                
3050559295636198447           14        1.63                
3050559295636198447           15        3.94                
