Sim_N                         Day       AVG_SF_per_Day      
7624879333443240816           1         4.50                
7624879333443240816           2         4.05                
7624879333443240816           3         3.11                
7624879333443240816           4         4.46                
7624879333443240816           5         5.00                
7624879333443240816           6         4.81                
7624879333443240816           7         4.92                
7624879333443240816           8         4.93                
7624879333443240816           9         4.60                
7624879333443240816           10        3.02                
7624879333443240816           11        2.44                
7624879333443240816           12        1.80                
7624879333443240816           13        2.54                
7624879333443240816           14        4.20                
7624879333443240816           15        3.75                
