Sim_N                         Day       AVG_SF_per_Day      
4245437103118934934           1         4.44                
4245437103118934934           2         2.93                
4245437103118934934           3         3.76                
4245437103118934934           4         1.53                
4245437103118934934           5         2.82                
4245437103118934934           6         4.05                
4245437103118934934           7         2.29                
4245437103118934934           8         2.05                
4245437103118934934           9         4.00                
4245437103118934934           10        3.72                
4245437103118934934           11        4.92                
4245437103118934934           12        3.82                
4245437103118934934           13        4.53                
4245437103118934934           14        4.54                
4245437103118934934           15        2.98                
