Sim_N                         Day       AVG_SF_per_Day      
6398366763469565523           1         4.99                
6398366763469565523           2         4.84                
6398366763469565523           3         4.61                
6398366763469565523           4         4.63                
6398366763469565523           5         4.97                
6398366763469565523           6         4.59                
6398366763469565523           7         2.47                
6398366763469565523           8         1.54                
6398366763469565523           9         1.91                
6398366763469565523           10        1.48                
6398366763469565523           11        1.94                
6398366763469565523           12        2.86                
6398366763469565523           13        2.10                
6398366763469565523           14        1.00                
6398366763469565523           15        3.36                
