Sim_N                         Day       AVG_SF_per_Day      
6216991251399580998           1         4.85                
6216991251399580998           2         4.86                
6216991251399580998           3         3.42                
6216991251399580998           4         4.33                
6216991251399580998           5         4.96                
6216991251399580998           6         4.80                
6216991251399580998           7         3.15                
6216991251399580998           8         2.81                
6216991251399580998           9         1.88                
6216991251399580998           10        3.06                
6216991251399580998           11        1.49                
6216991251399580998           12        1.88                
6216991251399580998           13        1.68                
6216991251399580998           14        1.89                
6216991251399580998           15        2.34                
