Sim_N                         Day       AVG_SF_per_Day      
3400572553502733687           1         4.70                
3400572553502733687           2         4.95                
3400572553502733687           3         4.99                
3400572553502733687           4         4.11                
3400572553502733687           5         3.20                
3400572553502733687           6         2.72                
3400572553502733687           7         2.93                
3400572553502733687           8         2.61                
3400572553502733687           9         3.89                
3400572553502733687           10        4.59                
3400572553502733687           11        3.27                
3400572553502733687           12        1.03                
3400572553502733687           13        1.21                
3400572553502733687           14        3.25                
3400572553502733687           15        3.51                
