Sim_N                         Day       AVG_SF_per_Day      
6387535740539500333           1         4.42                
6387535740539500333           2         3.55                
6387535740539500333           3         3.15                
6387535740539500333           4         4.16                
6387535740539500333           5         4.95                
6387535740539500333           6         4.94                
6387535740539500333           7         4.33                
6387535740539500333           8         2.96                
6387535740539500333           9         2.04                
6387535740539500333           10        1.20                
6387535740539500333           11        1.11                
6387535740539500333           12        1.32                
6387535740539500333           13        2.24                
6387535740539500333           14        3.54                
6387535740539500333           15        4.30                
