Sim_N                         Day       AVG_SF_per_Day      
6001394058298965044           1         4.62                
6001394058298965044           2         3.40                
6001394058298965044           3         3.02                
6001394058298965044           4         4.12                
6001394058298965044           5         3.37                
6001394058298965044           6         3.66                
6001394058298965044           7         4.51                
6001394058298965044           8         4.10                
6001394058298965044           9         4.00                
6001394058298965044           10        3.68                
6001394058298965044           11        4.74                
6001394058298965044           12        4.99                
6001394058298965044           13        4.27                
6001394058298965044           14        4.88                
6001394058298965044           15        4.36                
