Sim_N                         Day       AVG_SF_per_Day      
6743504050355850546           1         5.00                
6743504050355850546           2         3.77                
6743504050355850546           3         4.63                
6743504050355850546           4         4.76                
6743504050355850546           5         5.00                
6743504050355850546           6         4.58                
6743504050355850546           7         4.70                
6743504050355850546           8         3.46                
6743504050355850546           9         1.65                
6743504050355850546           10        1.36                
6743504050355850546           11        1.86                
6743504050355850546           12        3.47                
6743504050355850546           13        4.97                
6743504050355850546           14        4.69                
6743504050355850546           15        4.96                
