Sim_N                         Day       AVG_SF_per_Day      
1997044657022329726           1         4.31                
1997044657022329726           2         3.51                
1997044657022329726           3         1.63                
1997044657022329726           4         2.41                
1997044657022329726           5         3.09                
1997044657022329726           6         2.21                
1997044657022329726           7         2.02                
1997044657022329726           8         3.63                
1997044657022329726           9         4.99                
1997044657022329726           10        4.62                
1997044657022329726           11        3.81                
1997044657022329726           12        3.67                
1997044657022329726           13        3.37                
1997044657022329726           14        4.42                
1997044657022329726           15        4.16                
