Sim_N                         Day       AVG_SF_per_Day      
3291871561275109502           1         2.87                
3291871561275109502           2         1.06                
3291871561275109502           3         0.84                
3291871561275109502           4         0.55                
3291871561275109502           5         1.17                
3291871561275109502           6         0.77                
3291871561275109502           7         1.73                
3291871561275109502           8         1.01                
3291871561275109502           9         1.80                
3291871561275109502           10        1.18                
3291871561275109502           11        0.84                
3291871561275109502           12        0.64                
3291871561275109502           13        1.11                
3291871561275109502           14        0.89                
3291871561275109502           15        2.53                
