Sim_N                         Day       AVG_SF_per_Day      
7820638111673000915           1         3.93                
7820638111673000915           2         1.15                
7820638111673000915           3         1.33                
7820638111673000915           4         0.82                
7820638111673000915           5         0.82                
7820638111673000915           6         0.91                
7820638111673000915           7         1.16                
7820638111673000915           8         0.55                
7820638111673000915           9         1.02                
7820638111673000915           10        1.51                
7820638111673000915           11        1.44                
7820638111673000915           12        1.65                
7820638111673000915           13        1.29                
7820638111673000915           14        0.76                
7820638111673000915           15        3.24                
