Sim_N                         Day       AVG_SF_per_Day      
7276665358129312631           1         3.22                
7276665358129312631           2         1.67                
7276665358129312631           3         0.87                
7276665358129312631           4         1.46                
7276665358129312631           5         2.58                
7276665358129312631           6         1.16                
7276665358129312631           7         1.22                
7276665358129312631           8         0.90                
7276665358129312631           9         1.25                
7276665358129312631           10        0.99                
7276665358129312631           11        0.76                
7276665358129312631           12        0.92                
7276665358129312631           13        0.93                
7276665358129312631           14        0.90                
7276665358129312631           15        2.76                
