Sim_N                         Day       AVG_SF_per_Day      
7843961968167468094           1         3.27                
7843961968167468094           2         1.20                
7843961968167468094           3         1.22                
7843961968167468094           4         2.02                
7843961968167468094           5         1.46                
7843961968167468094           6         0.97                
7843961968167468094           7         0.93                
7843961968167468094           8         0.84                
7843961968167468094           9         0.92                
7843961968167468094           10        0.96                
7843961968167468094           11        0.81                
7843961968167468094           12        1.20                
7843961968167468094           13        1.07                
7843961968167468094           14        1.76                
7843961968167468094           15        3.27                
