Sim_N                         Day       AVG_SF_per_Day      
3393962687162029826           1         3.63                
3393962687162029826           2         1.11                
3393962687162029826           3         1.52                
3393962687162029826           4         0.94                
3393962687162029826           5         1.01                
3393962687162029826           6         1.00                
3393962687162029826           7         0.79                
3393962687162029826           8         0.66                
3393962687162029826           9         0.58                
3393962687162029826           10        1.16                
3393962687162029826           11        1.54                
3393962687162029826           12        0.99                
3393962687162029826           13        1.28                
3393962687162029826           14        0.96                
3393962687162029826           15        2.54                
