Sim_N                         Day       AVG_SF_per_Day      
2067812692124205730           1         3.89                
2067812692124205730           2         1.28                
2067812692124205730           3         0.93                
2067812692124205730           4         0.56                
2067812692124205730           5         0.98                
2067812692124205730           6         0.83                
2067812692124205730           7         0.84                
2067812692124205730           8         1.05                
2067812692124205730           9         1.00                
2067812692124205730           10        0.61                
2067812692124205730           11        0.90                
2067812692124205730           12        1.43                
2067812692124205730           13        0.94                
2067812692124205730           14        0.93                
2067812692124205730           15        1.88                
