Sim_N                         Day       AVG_SF_per_Day      
1378571776811327160           1         3.39                
1378571776811327160           2         1.95                
1378571776811327160           3         0.70                
1378571776811327160           4         0.92                
1378571776811327160           5         0.81                
1378571776811327160           6         0.69                
1378571776811327160           7         0.74                
1378571776811327160           8         1.05                
1378571776811327160           9         1.21                
1378571776811327160           10        1.31                
1378571776811327160           11        1.52                
1378571776811327160           12        0.88                
1378571776811327160           13        0.66                
1378571776811327160           14        1.21                
1378571776811327160           15        3.43                
