Sim_N                         Day       AVG_SF_per_Day      
2237148512458739212           1         4.69                
2237148512458739212           2         1.95                
2237148512458739212           3         1.02                
2237148512458739212           4         1.55                
2237148512458739212           5         1.12                
2237148512458739212           6         2.01                
2237148512458739212           7         2.09                
2237148512458739212           8         0.87                
2237148512458739212           9         0.72                
2237148512458739212           10        1.11                
2237148512458739212           11        0.82                
2237148512458739212           12        0.72                
2237148512458739212           13        2.13                
2237148512458739212           14        2.05                
2237148512458739212           15        2.89                
