Sim_N                         Day       AVG_SF_per_Day      
6430905394266653687           1         3.80                
6430905394266653687           2         1.55                
6430905394266653687           3         0.79                
6430905394266653687           4         1.33                
6430905394266653687           5         1.70                
6430905394266653687           6         1.16                
6430905394266653687           7         1.36                
6430905394266653687           8         1.06                
6430905394266653687           9         0.83                
6430905394266653687           10        1.12                
6430905394266653687           11        1.15                
6430905394266653687           12        1.44                
6430905394266653687           13        1.31                
6430905394266653687           14        0.82                
6430905394266653687           15        2.66                
