Sim_N                         Day       AVG_SF_per_Day      
2966600650069246412           1         4.72                
2966600650069246412           2         3.96                
2966600650069246412           3         2.11                
2966600650069246412           4         0.83                
2966600650069246412           5         0.97                
2966600650069246412           6         0.97                
2966600650069246412           7         0.91                
2966600650069246412           8         0.98                
2966600650069246412           9         0.68                
2966600650069246412           10        1.35                
2966600650069246412           11        0.97                
2966600650069246412           12        1.02                
2966600650069246412           13        0.78                
2966600650069246412           14        1.15                
2966600650069246412           15        2.46                
