Sim_N                         Day       AVG_SF_per_Day      
7289808999527664178           1         3.61                
7289808999527664178           2         1.00                
7289808999527664178           3         2.20                
7289808999527664178           4         0.72                
7289808999527664178           5         0.66                
7289808999527664178           6         0.78                
7289808999527664178           7         0.61                
7289808999527664178           8         0.87                
7289808999527664178           9         1.34                
7289808999527664178           10        1.05                
7289808999527664178           11        2.94                
7289808999527664178           12        1.49                
7289808999527664178           13        1.54                
7289808999527664178           14        0.64                
7289808999527664178           15        2.58                
