Sim_N                         Day       AVG_SF_per_Day      
8119614000015987620           1         3.72                
8119614000015987620           2         1.29                
8119614000015987620           3         1.35                
8119614000015987620           4         0.71                
8119614000015987620           5         2.02                
8119614000015987620           6         1.01                
8119614000015987620           7         0.71                
8119614000015987620           8         0.80                
8119614000015987620           9         0.83                
8119614000015987620           10        0.61                
8119614000015987620           11        1.36                
8119614000015987620           12        1.00                
8119614000015987620           13        1.14                
8119614000015987620           14        1.39                
8119614000015987620           15        3.32                
