Sim_N                         Day       AVG_SF_per_Day      
427560969924018372            1         3.86                
427560969924018372            2         1.03                
427560969924018372            3         0.65                
427560969924018372            4         0.90                
427560969924018372            5         0.61                
427560969924018372            6         1.38                
427560969924018372            7         1.24                
427560969924018372            8         1.83                
427560969924018372            9         0.69                
427560969924018372            10        0.80                
427560969924018372            11        0.64                
427560969924018372            12        1.34                
427560969924018372            13        1.22                
427560969924018372            14        1.02                
427560969924018372            15        3.44                
