Sim_N                         Day       AVG_SF_per_Day      
5247458225781470091           1         3.75                
5247458225781470091           2         2.20                
5247458225781470091           3         1.15                
5247458225781470091           4         1.11                
5247458225781470091           5         0.92                
5247458225781470091           6         0.69                
5247458225781470091           7         1.16                
5247458225781470091           8         1.06                
5247458225781470091           9         0.80                
5247458225781470091           10        0.71                
5247458225781470091           11        0.70                
5247458225781470091           12        0.77                
5247458225781470091           13        0.95                
5247458225781470091           14        0.87                
5247458225781470091           15        3.10                
