Sim_N                         Day       AVG_SF_per_Day      
2886726884110839220           1         3.15                
2886726884110839220           2         0.87                
2886726884110839220           3         0.70                
2886726884110839220           4         1.16                
2886726884110839220           5         2.99                
2886726884110839220           6         1.51                
2886726884110839220           7         2.11                
2886726884110839220           8         3.60                
2886726884110839220           9         1.78                
2886726884110839220           10        0.60                
2886726884110839220           11        0.83                
2886726884110839220           12        0.83                
2886726884110839220           13        1.24                
2886726884110839220           14        1.16                
2886726884110839220           15        2.82                
