Sim_N                         Day       AVG_SF_per_Day      
7769043547000406798           1         3.00                
7769043547000406798           2         1.03                
7769043547000406798           3         1.53                
7769043547000406798           4         1.62                
7769043547000406798           5         1.02                
7769043547000406798           6         1.15                
7769043547000406798           7         1.11                
7769043547000406798           8         1.01                
7769043547000406798           9         1.60                
7769043547000406798           10        0.83                
7769043547000406798           11        1.38                
7769043547000406798           12        1.16                
7769043547000406798           13        0.77                
7769043547000406798           14        1.57                
7769043547000406798           15        2.58                
