Sim_N                         Day       AVG_SF_per_Day      
896274359060988445            1         3.68                
896274359060988445            2         0.68                
896274359060988445            3         1.02                
896274359060988445            4         1.95                
896274359060988445            5         1.93                
896274359060988445            6         1.26                
896274359060988445            7         1.19                
896274359060988445            8         1.03                
896274359060988445            9         1.20                
896274359060988445            10        0.45                
896274359060988445            11        1.29                
896274359060988445            12        1.76                
896274359060988445            13        1.30                
896274359060988445            14        0.70                
896274359060988445            15        2.84                
