Sim_N                         Day       AVG_SF_per_Day      
1388287160056086958           1         4.09                
1388287160056086958           2         2.26                
1388287160056086958           3         1.13                
1388287160056086958           4         0.98                
1388287160056086958           5         1.19                
1388287160056086958           6         0.90                
1388287160056086958           7         1.58                
1388287160056086958           8         1.32                
1388287160056086958           9         1.53                
1388287160056086958           10        1.17                
1388287160056086958           11        0.79                
1388287160056086958           12        0.76                
1388287160056086958           13        1.43                
1388287160056086958           14        1.06                
1388287160056086958           15        2.50                
