Sim_N                         Day       AVG_SF_per_Day      
7515819673831631059           1         3.38                
7515819673831631059           2         1.06                
7515819673831631059           3         0.80                
7515819673831631059           4         0.93                
7515819673831631059           5         0.94                
7515819673831631059           6         1.18                
7515819673831631059           7         1.12                
7515819673831631059           8         1.13                
7515819673831631059           9         0.83                
7515819673831631059           10        1.38                
7515819673831631059           11        0.83                
7515819673831631059           12        1.37                
7515819673831631059           13        0.80                
7515819673831631059           14        0.86                
7515819673831631059           15        2.67                
