Sim_N                         Day       AVG_SF_per_Day      
1276389654639140960           1         2.84                
1276389654639140960           2         1.70                
1276389654639140960           3         1.00                
1276389654639140960           4         1.21                
1276389654639140960           5         1.41                
1276389654639140960           6         1.13                
1276389654639140960           7         0.80                
1276389654639140960           8         0.83                
1276389654639140960           9         0.60                
1276389654639140960           10        1.01                
1276389654639140960           11        1.49                
1276389654639140960           12        1.13                
1276389654639140960           13        0.57                
1276389654639140960           14        0.85                
1276389654639140960           15        2.50                
