Sim_N                         Day       AVG_SF_per_Day      
3609202847702472551           1         3.45                
3609202847702472551           2         1.25                
3609202847702472551           3         1.11                
3609202847702472551           4         1.07                
3609202847702472551           5         1.17                
3609202847702472551           6         1.07                
3609202847702472551           7         0.64                
3609202847702472551           8         0.95                
3609202847702472551           9         0.57                
3609202847702472551           10        1.27                
3609202847702472551           11        0.59                
3609202847702472551           12        0.68                
3609202847702472551           13        0.62                
3609202847702472551           14        1.40                
3609202847702472551           15        2.99                
