Sim_N                         Day       AVG_SF_per_Day      
6959422033055956696           1         4.05                
6959422033055956696           2         1.50                
6959422033055956696           3         0.87                
6959422033055956696           4         0.84                
6959422033055956696           5         0.76                
6959422033055956696           6         1.19                
6959422033055956696           7         1.01                
6959422033055956696           8         1.02                
6959422033055956696           9         0.89                
6959422033055956696           10        1.44                
6959422033055956696           11        0.65                
6959422033055956696           12        0.70                
6959422033055956696           13        1.60                
6959422033055956696           14        1.05                
6959422033055956696           15        3.34                
