Sim_N                         Day       AVG_SF_per_Day      
7611844922154082891           1         4.52                
7611844922154082891           2         0.74                
7611844922154082891           3         1.26                
7611844922154082891           4         0.92                
7611844922154082891           5         1.02                
7611844922154082891           6         1.16                
7611844922154082891           7         0.93                
7611844922154082891           8         1.09                
7611844922154082891           9         0.86                
7611844922154082891           10        1.56                
7611844922154082891           11        1.57                
7611844922154082891           12        1.23                
7611844922154082891           13        1.06                
7611844922154082891           14        0.99                
7611844922154082891           15        3.36                
