Sim_N                         Day       AVG_SF_per_Day      
3816437741649793570           1         2.85                
3816437741649793570           2         0.92                
3816437741649793570           3         0.81                
3816437741649793570           4         0.77                
3816437741649793570           5         0.77                
3816437741649793570           6         0.60                
3816437741649793570           7         0.62                
3816437741649793570           8         1.44                
3816437741649793570           9         1.37                
3816437741649793570           10        0.64                
3816437741649793570           11        1.00                
3816437741649793570           12        1.30                
3816437741649793570           13        1.62                
3816437741649793570           14        0.98                
3816437741649793570           15        3.27                
