Sim_N                         Day       AVG_SF_per_Day      
7066852705341550784           1         3.74                
7066852705341550784           2         1.28                
7066852705341550784           3         1.25                
7066852705341550784           4         1.26                
7066852705341550784           5         0.74                
7066852705341550784           6         0.92                
7066852705341550784           7         1.57                
7066852705341550784           8         0.56                
7066852705341550784           9         1.12                
7066852705341550784           10        0.95                
7066852705341550784           11        2.43                
7066852705341550784           12        0.94                
7066852705341550784           13        0.84                
7066852705341550784           14        1.04                
7066852705341550784           15        2.70                
