Sim_N                         Day       AVG_SF_per_Day      
2653233029475533356           1         3.08                
2653233029475533356           2         0.69                
2653233029475533356           3         0.83                
2653233029475533356           4         1.02                
2653233029475533356           5         1.29                
2653233029475533356           6         1.29                
2653233029475533356           7         1.16                
2653233029475533356           8         0.94                
2653233029475533356           9         0.53                
2653233029475533356           10        1.06                
2653233029475533356           11        0.91                
2653233029475533356           12        1.14                
2653233029475533356           13        1.35                
2653233029475533356           14        0.86                
2653233029475533356           15        3.10                
