Sim_N                         Day       AVG_SF_per_Day      
8736007339889530677           1         3.79                
8736007339889530677           2         2.60                
8736007339889530677           3         1.50                
8736007339889530677           4         1.42                
8736007339889530677           5         1.25                
8736007339889530677           6         0.91                
8736007339889530677           7         0.63                
8736007339889530677           8         1.14                
8736007339889530677           9         1.18                
8736007339889530677           10        0.72                
8736007339889530677           11        1.58                
8736007339889530677           12        1.37                
8736007339889530677           13        1.00                
8736007339889530677           14        1.06                
8736007339889530677           15        2.62                
