Sim_N                         Day       AVG_SF_per_Day      
5845360851913299928           1         3.30                
5845360851913299928           2         0.49                
5845360851913299928           3         1.06                
5845360851913299928           4         0.89                
5845360851913299928           5         1.44                
5845360851913299928           6         1.26                
5845360851913299928           7         1.76                
5845360851913299928           8         1.43                
5845360851913299928           9         1.39                
5845360851913299928           10        0.90                
5845360851913299928           11        0.68                
5845360851913299928           12        2.77                
5845360851913299928           13        1.31                
5845360851913299928           14        1.95                
5845360851913299928           15        2.82                
