Sim_N                         Day       AVG_SF_per_Day      
6097046863985237437           1         2.14                
6097046863985237437           2         0.83                
6097046863985237437           3         1.36                
6097046863985237437           4         1.08                
6097046863985237437           5         1.35                
6097046863985237437           6         0.98                
6097046863985237437           7         1.80                
6097046863985237437           8         1.39                
6097046863985237437           9         0.70                
6097046863985237437           10        0.83                
6097046863985237437           11        1.62                
6097046863985237437           12        0.75                
6097046863985237437           13        1.15                
6097046863985237437           14        0.98                
6097046863985237437           15        3.33                
