Sim_N                         Day       AVG_SF_per_Day      
6508394047500311758           1         4.31                
6508394047500311758           2         1.46                
6508394047500311758           3         0.73                
6508394047500311758           4         1.11                
6508394047500311758           5         1.18                
6508394047500311758           6         1.00                
6508394047500311758           7         0.78                
6508394047500311758           8         1.14                
6508394047500311758           9         0.75                
6508394047500311758           10        1.04                
6508394047500311758           11        1.28                
6508394047500311758           12        0.95                
6508394047500311758           13        1.06                
6508394047500311758           14        0.72                
6508394047500311758           15        3.19                
