Sim_N                         Day       AVG_SF_per_Day      
5482351727369589880           1         3.67                
5482351727369589880           2         2.17                
5482351727369589880           3         1.11                
5482351727369589880           4         0.82                
5482351727369589880           5         0.84                
5482351727369589880           6         1.30                
5482351727369589880           7         0.73                
5482351727369589880           8         1.11                
5482351727369589880           9         0.90                
5482351727369589880           10        0.85                
5482351727369589880           11        0.58                
5482351727369589880           12        1.02                
5482351727369589880           13        1.40                
5482351727369589880           14        1.73                
5482351727369589880           15        3.26                
