Sim_N                         Day       AVG_SF_per_Day      
1756807857896394304           1         4.71                
1756807857896394304           2         2.94                
1756807857896394304           3         2.55                
1756807857896394304           4         0.39                
1756807857896394304           5         0.80                
1756807857896394304           6         1.45                
1756807857896394304           7         1.46                
1756807857896394304           8         0.81                
1756807857896394304           9         0.93                
1756807857896394304           10        0.83                
1756807857896394304           11        0.76                
1756807857896394304           12        0.83                
1756807857896394304           13        1.37                
1756807857896394304           14        1.48                
1756807857896394304           15        2.24                
