Sim_N                         Day       AVG_SF_per_Day      
4745370908504627795           1         4.72                
4745370908504627795           2         2.30                
4745370908504627795           3         1.23                
4745370908504627795           4         0.87                
4745370908504627795           5         0.95                
4745370908504627795           6         0.97                
4745370908504627795           7         0.68                
4745370908504627795           8         1.20                
4745370908504627795           9         0.81                
4745370908504627795           10        1.22                
4745370908504627795           11        0.83                
4745370908504627795           12        0.95                
4745370908504627795           13        1.95                
4745370908504627795           14        1.08                
4745370908504627795           15        2.99                
