Sim_N                         Day       AVG_SF_per_Day      
139901552988175042            1         4.60                
139901552988175042            2         1.25                
139901552988175042            3         1.17                
139901552988175042            4         1.53                
139901552988175042            5         0.65                
139901552988175042            6         1.06                
139901552988175042            7         0.77                
139901552988175042            8         0.76                
139901552988175042            9         1.34                
139901552988175042            10        1.36                
139901552988175042            11        0.93                
139901552988175042            12        0.98                
139901552988175042            13        0.76                
139901552988175042            14        0.79                
139901552988175042            15        3.84                
