Sim_N                         Day       AVG_SF_per_Day      
4237948658725389571           1         4.92                
4237948658725389571           2         3.08                
4237948658725389571           3         1.33                
4237948658725389571           4         0.98                
4237948658725389571           5         0.74                
4237948658725389571           6         1.12                
4237948658725389571           7         1.07                
4237948658725389571           8         1.68                
4237948658725389571           9         1.16                
4237948658725389571           10        1.07                
4237948658725389571           11        1.14                
4237948658725389571           12        1.41                
4237948658725389571           13        1.19                
4237948658725389571           14        0.69                
4237948658725389571           15        3.10                
