Sim_N                         Day       AVG_SF_per_Day      
8894635155677583500           1         4.29                
8894635155677583500           2         1.03                
8894635155677583500           3         0.88                
8894635155677583500           4         1.27                
8894635155677583500           5         0.86                
8894635155677583500           6         0.87                
8894635155677583500           7         1.29                
8894635155677583500           8         0.91                
8894635155677583500           9         1.87                
8894635155677583500           10        0.76                
8894635155677583500           11        0.78                
8894635155677583500           12        0.67                
8894635155677583500           13        0.81                
8894635155677583500           14        1.24                
8894635155677583500           15        2.68                
