Sim_N                         Day       AVG_SF_per_Day      
6673896043723075384           1         4.29                
6673896043723075384           2         1.80                
6673896043723075384           3         1.20                
6673896043723075384           4         0.91                
6673896043723075384           5         1.00                
6673896043723075384           6         1.00                
6673896043723075384           7         1.25                
6673896043723075384           8         1.45                
6673896043723075384           9         0.74                
6673896043723075384           10        1.11                
6673896043723075384           11        0.97                
6673896043723075384           12        1.94                
6673896043723075384           13        0.94                
6673896043723075384           14        1.00                
6673896043723075384           15        2.95                
