Sim_N                         Day       AVG_SF_per_Day      
2330418722512566297           1         4.30                
2330418722512566297           2         1.44                
2330418722512566297           3         0.85                
2330418722512566297           4         1.36                
2330418722512566297           5         1.29                
2330418722512566297           6         1.18                
2330418722512566297           7         0.91                
2330418722512566297           8         2.33                
2330418722512566297           9         2.31                
2330418722512566297           10        1.46                
2330418722512566297           11        0.76                
2330418722512566297           12        1.62                
2330418722512566297           13        0.90                
2330418722512566297           14        0.89                
2330418722512566297           15        3.62                
