Sim_N                         Day       AVG_SF_per_Day      
860413689676976612            1         4.06                
860413689676976612            2         0.97                
860413689676976612            3         1.34                
860413689676976612            4         1.95                
860413689676976612            5         0.83                
860413689676976612            6         1.16                
860413689676976612            7         0.95                
860413689676976612            8         1.59                
860413689676976612            9         1.28                
860413689676976612            10        0.95                
860413689676976612            11        1.65                
860413689676976612            12        1.18                
860413689676976612            13        1.66                
860413689676976612            14        0.91                
860413689676976612            15        3.31                
