Sim_N                         Day       AVG_SF_per_Day      
8299760956102008521           1         4.45                
8299760956102008521           2         3.76                
8299760956102008521           3         1.00                
8299760956102008521           4         1.23                
8299760956102008521           5         1.59                
8299760956102008521           6         0.88                
8299760956102008521           7         1.03                
8299760956102008521           8         0.95                
8299760956102008521           9         1.03                
8299760956102008521           10        1.21                
8299760956102008521           11        1.26                
8299760956102008521           12        1.33                
8299760956102008521           13        0.99                
8299760956102008521           14        1.03                
8299760956102008521           15        2.80                
