Sim_N                         Day       AVG_SF_per_Day      
717079222314456997            1         3.65                
717079222314456997            2         1.18                
717079222314456997            3         1.17                
717079222314456997            4         0.81                
717079222314456997            5         0.80                
717079222314456997            6         0.98                
717079222314456997            7         0.55                
717079222314456997            8         0.83                
717079222314456997            9         1.45                
717079222314456997            10        0.84                
717079222314456997            11        1.00                
717079222314456997            12        1.31                
717079222314456997            13        0.88                
717079222314456997            14        0.94                
717079222314456997            15        3.34                
