Sim_N                         Day       AVG_SF_per_Day      
5718326565663655282           1         4.47                
5718326565663655282           2         1.04                
5718326565663655282           3         0.89                
5718326565663655282           4         0.83                
5718326565663655282           5         1.19                
5718326565663655282           6         1.27                
5718326565663655282           7         1.46                
5718326565663655282           8         1.47                
5718326565663655282           9         0.97                
5718326565663655282           10        1.80                
5718326565663655282           11        4.04                
5718326565663655282           12        3.01                
5718326565663655282           13        1.33                
5718326565663655282           14        2.38                
5718326565663655282           15        2.96                
