Sim_N                         Day       AVG_SF_per_Day      
1743272008713380304           1         2.55                
1743272008713380304           2         1.27                
1743272008713380304           3         0.77                
1743272008713380304           4         1.59                
1743272008713380304           5         1.08                
1743272008713380304           6         1.27                
1743272008713380304           7         1.11                
1743272008713380304           8         1.64                
1743272008713380304           9         1.06                
1743272008713380304           10        1.07                
1743272008713380304           11        1.28                
1743272008713380304           12        0.87                
1743272008713380304           13        1.72                
1743272008713380304           14        0.96                
1743272008713380304           15        2.31                
