Sim_N                         Day       AVG_SF_per_Day      
8852917480889819677           1         4.80                
8852917480889819677           2         2.26                
8852917480889819677           3         0.88                
8852917480889819677           4         0.81                
8852917480889819677           5         1.14                
8852917480889819677           6         0.55                
8852917480889819677           7         1.51                
8852917480889819677           8         1.06                
8852917480889819677           9         0.91                
8852917480889819677           10        0.89                
8852917480889819677           11        0.73                
8852917480889819677           12        0.64                
8852917480889819677           13        1.60                
8852917480889819677           14        1.34                
8852917480889819677           15        2.92                
