Sim_N                         Day       AVG_SF_per_Day      
1564263312019589323           1         3.84                
1564263312019589323           2         2.37                
1564263312019589323           3         1.49                
1564263312019589323           4         3.52                
1564263312019589323           5         1.08                
1564263312019589323           6         0.74                
1564263312019589323           7         0.76                
1564263312019589323           8         0.76                
1564263312019589323           9         1.40                
1564263312019589323           10        0.59                
1564263312019589323           11        0.82                
1564263312019589323           12        1.04                
1564263312019589323           13        0.85                
1564263312019589323           14        1.06                
1564263312019589323           15        2.71                
