Sim_N                         Day       AVG_SF_per_Day      
4742451337266385805           1         2.62                
4742451337266385805           2         0.66                
4742451337266385805           3         1.19                
4742451337266385805           4         1.16                
4742451337266385805           5         0.91                
4742451337266385805           6         0.69                
4742451337266385805           7         1.16                
4742451337266385805           8         1.05                
4742451337266385805           9         1.40                
4742451337266385805           10        1.09                
4742451337266385805           11        1.25                
4742451337266385805           12        0.79                
4742451337266385805           13        0.74                
4742451337266385805           14        0.90                
4742451337266385805           15        2.76                
