Sim_N                         Day       AVG_SF_per_Day      
4431083051219266059           1         3.87                
4431083051219266059           2         1.06                
4431083051219266059           3         0.77                
4431083051219266059           4         1.00                
4431083051219266059           5         1.39                
4431083051219266059           6         1.09                
4431083051219266059           7         0.97                
4431083051219266059           8         0.58                
4431083051219266059           9         1.90                
4431083051219266059           10        0.78                
4431083051219266059           11        1.03                
4431083051219266059           12        0.82                
4431083051219266059           13        1.23                
4431083051219266059           14        0.91                
4431083051219266059           15        2.55                
