Sim_N                         Day       AVG_SF_per_Day      
2180423056711403236           1         3.15                
2180423056711403236           2         1.39                
2180423056711403236           3         0.97                
2180423056711403236           4         0.89                
2180423056711403236           5         1.26                
2180423056711403236           6         0.53                
2180423056711403236           7         0.67                
2180423056711403236           8         0.90                
2180423056711403236           9         1.11                
2180423056711403236           10        1.13                
2180423056711403236           11        1.04                
2180423056711403236           12        1.01                
2180423056711403236           13        0.75                
2180423056711403236           14        0.97                
2180423056711403236           15        3.23                
