Sim_N                         Day       AVG_SF_per_Day      
3139866360323795777           1         4.17                
3139866360323795777           2         1.89                
3139866360323795777           3         1.20                
3139866360323795777           4         1.31                
3139866360323795777           5         0.99                
3139866360323795777           6         1.48                
3139866360323795777           7         0.91                
3139866360323795777           8         1.19                
3139866360323795777           9         1.29                
3139866360323795777           10        0.81                
3139866360323795777           11        0.77                
3139866360323795777           12        1.17                
3139866360323795777           13        1.40                
3139866360323795777           14        1.07                
3139866360323795777           15        2.67                
