Sim_N                         Day       AVG_SF_per_Day      
6377096554242451100           1         2.01                
6377096554242451100           2         0.87                
6377096554242451100           3         0.67                
6377096554242451100           4         0.78                
6377096554242451100           5         1.12                
6377096554242451100           6         1.35                
6377096554242451100           7         1.00                
6377096554242451100           8         0.96                
6377096554242451100           9         1.17                
6377096554242451100           10        1.29                
6377096554242451100           11        1.36                
6377096554242451100           12        1.06                
6377096554242451100           13        1.65                
6377096554242451100           14        1.18                
6377096554242451100           15        3.20                
