Sim_N                         Day       AVG_SF_per_Day      
5288087362567241139           1         3.23                
5288087362567241139           2         0.92                
5288087362567241139           3         0.93                
5288087362567241139           4         1.82                
5288087362567241139           5         0.89                
5288087362567241139           6         1.40                
5288087362567241139           7         1.78                
5288087362567241139           8         1.09                
5288087362567241139           9         1.08                
5288087362567241139           10        1.36                
5288087362567241139           11        0.76                
5288087362567241139           12        1.22                
5288087362567241139           13        1.37                
5288087362567241139           14        1.35                
5288087362567241139           15        3.35                
