Sim_N                         Day       AVG_SF_per_Day      
8503021757940253010           1         2.90                
8503021757940253010           2         1.04                
8503021757940253010           3         1.06                
8503021757940253010           4         0.88                
8503021757940253010           5         0.74                
8503021757940253010           6         0.90                
8503021757940253010           7         1.01                
8503021757940253010           8         1.44                
8503021757940253010           9         1.93                
8503021757940253010           10        0.87                
8503021757940253010           11        0.95                
8503021757940253010           12        0.97                
8503021757940253010           13        0.91                
8503021757940253010           14        2.19                
8503021757940253010           15        3.70                
