Sim_N                         Day       AVG_SF_per_Day      
8487239713474429365           1         4.61                
8487239713474429365           2         0.92                
8487239713474429365           3         0.81                
8487239713474429365           4         0.95                
8487239713474429365           5         0.76                
8487239713474429365           6         0.63                
8487239713474429365           7         0.86                
8487239713474429365           8         0.88                
8487239713474429365           9         0.80                
8487239713474429365           10        1.27                
8487239713474429365           11        0.74                
8487239713474429365           12        1.22                
8487239713474429365           13        1.04                
8487239713474429365           14        1.75                
8487239713474429365           15        2.51                
