Sim_N                         Day       AVG_SF_per_Day      
5919662988123088486           1         2.11                
5919662988123088486           2         0.59                
5919662988123088486           3         1.14                
5919662988123088486           4         1.23                
5919662988123088486           5         1.26                
5919662988123088486           6         0.84                
5919662988123088486           7         1.05                
5919662988123088486           8         1.39                
5919662988123088486           9         0.88                
5919662988123088486           10        0.77                
5919662988123088486           11        2.39                
5919662988123088486           12        0.98                
5919662988123088486           13        2.19                
5919662988123088486           14        1.22                
5919662988123088486           15        3.37                
