Sim_N                         Day       AVG_SF_per_Day      
6335115141520691086           1         2.09                
6335115141520691086           2         0.79                
6335115141520691086           3         1.13                
6335115141520691086           4         0.84                
6335115141520691086           5         0.96                
6335115141520691086           6         0.88                
6335115141520691086           7         1.10                
6335115141520691086           8         1.43                
6335115141520691086           9         0.83                
6335115141520691086           10        1.25                
6335115141520691086           11        0.81                
6335115141520691086           12        1.08                
6335115141520691086           13        0.61                
6335115141520691086           14        1.36                
6335115141520691086           15        2.43                
