Sim_N                         Day       AVG_SF_per_Day      
5220650566087844770           1         2.97                
5220650566087844770           2         0.74                
5220650566087844770           3         1.09                
5220650566087844770           4         0.86                
5220650566087844770           5         1.35                
5220650566087844770           6         1.31                
5220650566087844770           7         1.52                
5220650566087844770           8         2.17                
5220650566087844770           9         1.33                
5220650566087844770           10        0.70                
5220650566087844770           11        0.84                
5220650566087844770           12        0.99                
5220650566087844770           13        1.30                
5220650566087844770           14        0.72                
5220650566087844770           15        3.31                
