Sim_N                         Day       AVG_SF_per_Day      
8510843541390582339           1         3.52                
8510843541390582339           2         0.66                
8510843541390582339           3         0.79                
8510843541390582339           4         0.92                
8510843541390582339           5         0.72                
8510843541390582339           6         0.84                
8510843541390582339           7         1.48                
8510843541390582339           8         1.03                
8510843541390582339           9         1.68                
8510843541390582339           10        1.11                
8510843541390582339           11        1.09                
8510843541390582339           12        1.81                
8510843541390582339           13        2.22                
8510843541390582339           14        1.05                
8510843541390582339           15        3.27                
