Sim_N                         Day       AVG_SF_per_Day      
1144513104176160111           1         3.24                
1144513104176160111           2         1.24                
1144513104176160111           3         0.87                
1144513104176160111           4         0.79                
1144513104176160111           5         0.79                
1144513104176160111           6         0.93                
1144513104176160111           7         1.99                
1144513104176160111           8         1.30                
1144513104176160111           9         1.01                
1144513104176160111           10        1.03                
1144513104176160111           11        0.89                
1144513104176160111           12        1.32                
1144513104176160111           13        0.88                
1144513104176160111           14        1.72                
1144513104176160111           15        2.78                
