Sim_N                         Day       AVG_SF_per_Day      
3149965096935278937           1         3.45                
3149965096935278937           2         1.39                
3149965096935278937           3         1.92                
3149965096935278937           4         1.34                
3149965096935278937           5         1.09                
3149965096935278937           6         1.00                
3149965096935278937           7         1.38                
3149965096935278937           8         1.24                
3149965096935278937           9         1.39                
3149965096935278937           10        0.80                
3149965096935278937           11        1.21                
3149965096935278937           12        0.96                
3149965096935278937           13        0.71                
3149965096935278937           14        0.95                
3149965096935278937           15        3.25                
