Sim_N                         Day       AVG_SF_per_Day      
5669488809486292492           1         2.80                
5669488809486292492           2         1.81                
5669488809486292492           3         0.90                
5669488809486292492           4         1.15                
5669488809486292492           5         1.02                
5669488809486292492           6         0.83                
5669488809486292492           7         0.59                
5669488809486292492           8         0.87                
5669488809486292492           9         0.55                
5669488809486292492           10        1.06                
5669488809486292492           11        0.94                
5669488809486292492           12        1.69                
5669488809486292492           13        0.95                
5669488809486292492           14        1.18                
5669488809486292492           15        3.24                
