Sim_N                         Day       AVG_SF_per_Day      
8600853305946969231           1         2.65                
8600853305946969231           2         2.00                
8600853305946969231           3         2.54                
8600853305946969231           4         0.91                
8600853305946969231           5         1.37                
8600853305946969231           6         1.44                
8600853305946969231           7         1.21                
8600853305946969231           8         1.22                
8600853305946969231           9         2.45                
8600853305946969231           10        1.23                
8600853305946969231           11        0.92                
8600853305946969231           12        0.74                
8600853305946969231           13        1.17                
8600853305946969231           14        1.14                
8600853305946969231           15        2.64                
