Sim_N                         Day       AVG_SF_per_Day      
2264549953084640853           1         4.56                
2264549953084640853           2         1.62                
2264549953084640853           3         1.00                
2264549953084640853           4         0.59                
2264549953084640853           5         0.54                
2264549953084640853           6         0.76                
2264549953084640853           7         1.04                
2264549953084640853           8         0.83                
2264549953084640853           9         0.93                
2264549953084640853           10        0.84                
2264549953084640853           11        1.15                
2264549953084640853           12        1.17                
2264549953084640853           13        1.15                
2264549953084640853           14        2.02                
2264549953084640853           15        3.91                
