Sim_N                         Day       AVG_SF_per_Day      
1982889888040849776           1         2.52                
1982889888040849776           2         0.64                
1982889888040849776           3         0.62                
1982889888040849776           4         1.35                
1982889888040849776           5         1.79                
1982889888040849776           6         1.18                
1982889888040849776           7         1.46                
1982889888040849776           8         0.81                
1982889888040849776           9         0.71                
1982889888040849776           10        1.54                
1982889888040849776           11        1.25                
1982889888040849776           12        1.04                
1982889888040849776           13        0.77                
1982889888040849776           14        0.88                
1982889888040849776           15        3.20                
