Sim_N                         Day       AVG_SF_per_Day      
1562864813980504989           1         4.32                
1562864813980504989           2         0.98                
1562864813980504989           3         0.79                
1562864813980504989           4         1.37                
1562864813980504989           5         0.97                
1562864813980504989           6         1.32                
1562864813980504989           7         1.17                
1562864813980504989           8         1.00                
1562864813980504989           9         0.96                
1562864813980504989           10        0.71                
1562864813980504989           11        0.79                
1562864813980504989           12        0.73                
1562864813980504989           13        0.86                
1562864813980504989           14        0.96                
1562864813980504989           15        3.24                
