Sim_N                         Day       AVG_SF_per_Day      
5413166699079043438           1         3.02                
5413166699079043438           2         0.66                
5413166699079043438           3         0.89                
5413166699079043438           4         1.13                
5413166699079043438           5         1.32                
5413166699079043438           6         0.98                
5413166699079043438           7         1.43                
5413166699079043438           8         1.08                
5413166699079043438           9         1.04                
5413166699079043438           10        1.15                
5413166699079043438           11        1.12                
5413166699079043438           12        1.38                
5413166699079043438           13        0.96                
5413166699079043438           14        1.20                
5413166699079043438           15        2.83                
