Sim_N                         Day       AVG_SF_per_Day      
787131408116279342            1         3.96                
787131408116279342            2         1.09                
787131408116279342            3         1.07                
787131408116279342            4         1.16                
787131408116279342            5         0.89                
787131408116279342            6         1.14                
787131408116279342            7         0.99                
787131408116279342            8         0.89                
787131408116279342            9         1.17                
787131408116279342            10        1.11                
787131408116279342            11        1.28                
787131408116279342            12        1.49                
787131408116279342            13        3.37                
787131408116279342            14        1.29                
787131408116279342            15        2.65                
