Sim_N                         Day       AVG_SF_per_Day      
809002664198801392            1         3.92                
809002664198801392            2         1.20                
809002664198801392            3         1.97                
809002664198801392            4         0.99                
809002664198801392            5         0.93                
809002664198801392            6         1.12                
809002664198801392            7         1.33                
809002664198801392            8         1.17                
809002664198801392            9         0.65                
809002664198801392            10        0.95                
809002664198801392            11        0.77                
809002664198801392            12        0.78                
809002664198801392            13        0.76                
809002664198801392            14        0.53                
809002664198801392            15        3.44                
