Sim_N                         Day       AVG_SF_per_Day      
4616234140701777070           1         2.75                
4616234140701777070           2         0.68                
4616234140701777070           3         1.23                
4616234140701777070           4         1.29                
4616234140701777070           5         0.67                
4616234140701777070           6         1.48                
4616234140701777070           7         1.00                
4616234140701777070           8         0.70                
4616234140701777070           9         0.64                
4616234140701777070           10        0.51                
4616234140701777070           11        1.76                
4616234140701777070           12        1.05                
4616234140701777070           13        0.98                
4616234140701777070           14        0.75                
4616234140701777070           15        2.38                
