Sim_N                         Day       AVG_SF_per_Day      
550851450303507810            1         2.20                
550851450303507810            2         0.90                
550851450303507810            3         1.07                
550851450303507810            4         0.59                
550851450303507810            5         1.10                
550851450303507810            6         0.82                
550851450303507810            7         1.05                
550851450303507810            8         1.56                
550851450303507810            9         1.49                
550851450303507810            10        1.12                
550851450303507810            11        1.29                
550851450303507810            12        1.74                
550851450303507810            13        1.24                
550851450303507810            14        1.11                
550851450303507810            15        3.20                
