Sim_N                         Day       AVG_SF_per_Day      
5963700544640631766           1         4.13                
5963700544640631766           2         1.13                
5963700544640631766           3         1.18                
5963700544640631766           4         1.45                
5963700544640631766           5         1.13                
5963700544640631766           6         0.65                
5963700544640631766           7         0.98                
5963700544640631766           8         1.53                
5963700544640631766           9         1.54                
5963700544640631766           10        0.58                
5963700544640631766           11        1.63                
5963700544640631766           12        0.69                
5963700544640631766           13        0.72                
5963700544640631766           14        1.13                
5963700544640631766           15        3.72                
