Sim_N                         Day       AVG_SF_per_Day      
3235274170567581476           1         4.28                
3235274170567581476           2         0.80                
3235274170567581476           3         0.58                
3235274170567581476           4         1.17                
3235274170567581476           5         2.04                
3235274170567581476           6         2.49                
3235274170567581476           7         2.07                
3235274170567581476           8         1.32                
3235274170567581476           9         0.79                
3235274170567581476           10        0.70                
3235274170567581476           11        0.98                
3235274170567581476           12        0.95                
3235274170567581476           13        1.76                
3235274170567581476           14        0.89                
3235274170567581476           15        3.43                
