Sim_N                         Day       AVG_SF_per_Day      
1839840286216798491           1         4.94                
1839840286216798491           2         3.95                
1839840286216798491           3         2.20                
1839840286216798491           4         1.15                
1839840286216798491           5         1.32                
1839840286216798491           6         1.33                
1839840286216798491           7         0.57                
1839840286216798491           8         1.32                
1839840286216798491           9         1.10                
1839840286216798491           10        1.04                
1839840286216798491           11        0.97                
1839840286216798491           12        0.67                
1839840286216798491           13        1.99                
1839840286216798491           14        0.68                
1839840286216798491           15        3.29                
