Sim_N                         Day       AVG_SF_per_Day      
6628995297638714731           1         3.80                
6628995297638714731           2         0.97                
6628995297638714731           3         0.80                
6628995297638714731           4         0.67                
6628995297638714731           5         0.77                
6628995297638714731           6         1.32                
6628995297638714731           7         0.60                
6628995297638714731           8         1.56                
6628995297638714731           9         1.11                
6628995297638714731           10        1.29                
6628995297638714731           11        1.59                
6628995297638714731           12        1.23                
6628995297638714731           13        0.69                
6628995297638714731           14        0.86                
6628995297638714731           15        3.79                
