Sim_N                         Day       AVG_SF_per_Day      
946583535274209426            1         3.92                
946583535274209426            2         1.23                
946583535274209426            3         0.95                
946583535274209426            4         0.93                
946583535274209426            5         1.64                
946583535274209426            6         1.13                
946583535274209426            7         0.99                
946583535274209426            8         0.77                
946583535274209426            9         0.72                
946583535274209426            10        3.50                
946583535274209426            11        2.36                
946583535274209426            12        0.79                
946583535274209426            13        0.74                
946583535274209426            14        1.46                
946583535274209426            15        3.70                
