Sim_N                         Day       AVG_SF_per_Day      
7379395422890865259           1         3.02                
7379395422890865259           2         0.96                
7379395422890865259           3         0.87                
7379395422890865259           4         1.13                
7379395422890865259           5         1.08                
7379395422890865259           6         0.94                
7379395422890865259           7         1.81                
7379395422890865259           8         2.02                
7379395422890865259           9         1.00                
7379395422890865259           10        1.53                
7379395422890865259           11        1.71                
7379395422890865259           12        1.14                
7379395422890865259           13        1.24                
7379395422890865259           14        2.70                
7379395422890865259           15        3.21                
