Sim_N                         Day       AVG_SF_per_Day      
408393446278829481            1         4.37                
408393446278829481            2         2.38                
408393446278829481            3         0.92                
408393446278829481            4         1.02                
408393446278829481            5         0.84                
408393446278829481            6         1.15                
408393446278829481            7         1.17                
408393446278829481            8         4.00                
408393446278829481            9         1.24                
408393446278829481            10        1.58                
408393446278829481            11        0.90                
408393446278829481            12        0.89                
408393446278829481            13        1.50                
408393446278829481            14        1.30                
408393446278829481            15        1.75                
