Sim_N                         Day       AVG_SF_per_Day      
1719686859399099326           1         3.83                
1719686859399099326           2         1.75                
1719686859399099326           3         1.38                
1719686859399099326           4         1.33                
1719686859399099326           5         2.23                
1719686859399099326           6         1.55                
1719686859399099326           7         0.98                
1719686859399099326           8         2.04                
1719686859399099326           9         1.32                
1719686859399099326           10        1.60                
1719686859399099326           11        0.88                
1719686859399099326           12        0.70                
1719686859399099326           13        0.78                
1719686859399099326           14        1.43                
1719686859399099326           15        2.12                
