Sim_N                         Day       AVG_SF_per_Day      
4826612680704447012           1         2.54                
4826612680704447012           2         0.94                
4826612680704447012           3         1.08                
4826612680704447012           4         1.27                
4826612680704447012           5         3.11                
4826612680704447012           6         1.08                
4826612680704447012           7         1.04                
4826612680704447012           8         1.07                
4826612680704447012           9         0.94                
4826612680704447012           10        0.94                
4826612680704447012           11        1.54                
4826612680704447012           12        0.82                
4826612680704447012           13        1.25                
4826612680704447012           14        0.98                
4826612680704447012           15        2.40                
