Sim_N                         Day       AVG_SF_per_Day      
5762697809064488987           1         4.88                
5762697809064488987           2         2.26                
5762697809064488987           3         1.07                
5762697809064488987           4         0.84                
5762697809064488987           5         1.09                
5762697809064488987           6         1.02                
5762697809064488987           7         1.11                
5762697809064488987           8         0.85                
5762697809064488987           9         1.08                
5762697809064488987           10        1.60                
5762697809064488987           11        2.10                
5762697809064488987           12        1.19                
5762697809064488987           13        1.58                
5762697809064488987           14        1.24                
5762697809064488987           15        3.47                
