Sim_N                         Day       AVG_SF_per_Day      
8326625946357994383           1         3.72                
8326625946357994383           2         0.70                
8326625946357994383           3         0.72                
8326625946357994383           4         1.07                
8326625946357994383           5         0.98                
8326625946357994383           6         0.91                
8326625946357994383           7         0.89                
8326625946357994383           8         1.06                
8326625946357994383           9         1.89                
8326625946357994383           10        1.30                
8326625946357994383           11        1.00                
8326625946357994383           12        1.45                
8326625946357994383           13        2.76                
8326625946357994383           14        1.12                
8326625946357994383           15        3.14                
