Sim_N                         Day       AVG_SF_per_Day      
5843557381823494107           1         4.04                
5843557381823494107           2         1.32                
5843557381823494107           3         1.25                
5843557381823494107           4         0.93                
5843557381823494107           5         0.91                
5843557381823494107           6         1.11                
5843557381823494107           7         1.20                
5843557381823494107           8         1.21                
5843557381823494107           9         1.62                
5843557381823494107           10        1.38                
5843557381823494107           11        1.39                
5843557381823494107           12        1.10                
5843557381823494107           13        0.88                
5843557381823494107           14        0.96                
5843557381823494107           15        3.07                
