Sim_N                         Day       AVG_SF_per_Day      
3052652862568611003           1         3.44                
3052652862568611003           2         1.12                
3052652862568611003           3         0.68                
3052652862568611003           4         1.29                
3052652862568611003           5         0.68                
3052652862568611003           6         1.26                
3052652862568611003           7         1.09                
3052652862568611003           8         0.96                
3052652862568611003           9         1.24                
3052652862568611003           10        0.85                
3052652862568611003           11        1.26                
3052652862568611003           12        0.88                
3052652862568611003           13        0.80                
3052652862568611003           14        2.04                
3052652862568611003           15        2.67                
