Sim_N                         Day       AVG_SF_per_Day      
4064297614174168266           1         2.70                
4064297614174168266           2         1.03                
4064297614174168266           3         1.14                
4064297614174168266           4         0.67                
4064297614174168266           5         0.78                
4064297614174168266           6         0.99                
4064297614174168266           7         3.15                
4064297614174168266           8         1.13                
4064297614174168266           9         1.44                
4064297614174168266           10        0.97                
4064297614174168266           11        1.28                
4064297614174168266           12        1.11                
4064297614174168266           13        0.71                
4064297614174168266           14        0.74                
4064297614174168266           15        3.07                
