Sim_N                         Day       AVG_SF_per_Day      
2185135373294950531           1         3.47                
2185135373294950531           2         1.07                
2185135373294950531           3         0.89                
2185135373294950531           4         1.19                
2185135373294950531           5         1.08                
2185135373294950531           6         0.69                
2185135373294950531           7         0.91                
2185135373294950531           8         0.92                
2185135373294950531           9         0.74                
2185135373294950531           10        0.69                
2185135373294950531           11        1.07                
2185135373294950531           12        0.85                
2185135373294950531           13        0.71                
2185135373294950531           14        0.80                
2185135373294950531           15        3.00                
