Sim_N                         Day       AVG_SF_per_Day      
5967904622694125674           1         3.92                
5967904622694125674           2         2.07                
5967904622694125674           3         0.85                
5967904622694125674           4         1.02                
5967904622694125674           5         0.64                
5967904622694125674           6         1.04                
5967904622694125674           7         0.83                
5967904622694125674           8         0.93                
5967904622694125674           9         1.20                
5967904622694125674           10        1.22                
5967904622694125674           11        1.28                
5967904622694125674           12        0.83                
5967904622694125674           13        0.90                
5967904622694125674           14        0.99                
5967904622694125674           15        3.15                
