Sim_N                         Day       AVG_SF_per_Day      
2241996117911155909           1         3.86                
2241996117911155909           2         3.89                
2241996117911155909           3         0.95                
2241996117911155909           4         1.25                
2241996117911155909           5         0.85                
2241996117911155909           6         1.36                
2241996117911155909           7         0.69                
2241996117911155909           8         1.64                
2241996117911155909           9         0.99                
2241996117911155909           10        1.14                
2241996117911155909           11        1.22                
2241996117911155909           12        0.77                
2241996117911155909           13        0.94                
2241996117911155909           14        0.68                
2241996117911155909           15        3.35                
