Sim_N                         Day       AVG_SF_per_Day      
8253436826577563600           1         4.55                
8253436826577563600           2         2.45                
8253436826577563600           3         1.47                
8253436826577563600           4         1.47                
8253436826577563600           5         1.22                
8253436826577563600           6         2.16                
8253436826577563600           7         1.03                
8253436826577563600           8         1.45                
8253436826577563600           9         1.51                
8253436826577563600           10        1.09                
8253436826577563600           11        0.97                
8253436826577563600           12        1.23                
8253436826577563600           13        1.23                
8253436826577563600           14        0.83                
8253436826577563600           15        2.46                
