Sim_N                         Day       AVG_SF_per_Day      
1985237045923145714           1         2.64                
1985237045923145714           2         0.71                
1985237045923145714           3         1.15                
1985237045923145714           4         0.72                
1985237045923145714           5         0.76                
1985237045923145714           6         1.03                
1985237045923145714           7         0.77                
1985237045923145714           8         0.73                
1985237045923145714           9         1.21                
1985237045923145714           10        0.92                
1985237045923145714           11        1.05                
1985237045923145714           12        1.58                
1985237045923145714           13        1.07                
1985237045923145714           14        0.95                
1985237045923145714           15        3.25                
