Sim_N                         Day       AVG_SF_per_Day      
6688657013799124225           1         3.16                
6688657013799124225           2         0.63                
6688657013799124225           3         1.98                
6688657013799124225           4         1.28                
6688657013799124225           5         1.24                
6688657013799124225           6         2.22                
6688657013799124225           7         0.69                
6688657013799124225           8         0.83                
6688657013799124225           9         1.63                
6688657013799124225           10        2.35                
6688657013799124225           11        1.39                
6688657013799124225           12        0.95                
6688657013799124225           13        0.67                
6688657013799124225           14        1.57                
6688657013799124225           15        3.40                
