Sim_N                         Day       AVG_SF_per_Day      
7614740663731851810           1         4.36                
7614740663731851810           2         1.21                
7614740663731851810           3         0.78                
7614740663731851810           4         0.47                
7614740663731851810           5         0.85                
7614740663731851810           6         0.96                
7614740663731851810           7         1.31                
7614740663731851810           8         0.67                
7614740663731851810           9         0.79                
7614740663731851810           10        0.82                
7614740663731851810           11        0.83                
7614740663731851810           12        0.93                
7614740663731851810           13        0.88                
7614740663731851810           14        1.78                
7614740663731851810           15        3.56                
