Sim_N                         Day       AVG_SF_per_Day      
9112675046558726511           1         3.69                
9112675046558726511           2         2.14                
9112675046558726511           3         1.06                
9112675046558726511           4         0.76                
9112675046558726511           5         0.86                
9112675046558726511           6         1.32                
9112675046558726511           7         0.95                
9112675046558726511           8         1.30                
9112675046558726511           9         0.87                
9112675046558726511           10        0.78                
9112675046558726511           11        0.76                
9112675046558726511           12        0.60                
9112675046558726511           13        0.86                
9112675046558726511           14        0.74                
9112675046558726511           15        3.00                
