Sim_N                         Day       AVG_SF_per_Day      
1551237776431318573           1         4.70                
1551237776431318573           2         2.15                
1551237776431318573           3         1.51                
1551237776431318573           4         0.73                
1551237776431318573           5         0.77                
1551237776431318573           6         0.70                
1551237776431318573           7         0.64                
1551237776431318573           8         1.00                
1551237776431318573           9         1.06                
1551237776431318573           10        1.24                
1551237776431318573           11        2.30                
1551237776431318573           12        2.44                
1551237776431318573           13        1.30                
1551237776431318573           14        1.31                
1551237776431318573           15        2.35                
