Sim_N                         Day       AVG_SF_per_Day      
1137512496272398682           1         2.77                
1137512496272398682           2         1.76                
1137512496272398682           3         0.90                
1137512496272398682           4         0.63                
1137512496272398682           5         0.87                
1137512496272398682           6         1.12                
1137512496272398682           7         0.96                
1137512496272398682           8         1.51                
1137512496272398682           9         0.70                
1137512496272398682           10        0.76                
1137512496272398682           11        0.65                
1137512496272398682           12        0.80                
1137512496272398682           13        1.10                
1137512496272398682           14        0.93                
1137512496272398682           15        3.64                
