Sim_N                         Day       AVG_SF_per_Day      
985637267379962962            1         2.69                
985637267379962962            2         1.48                
985637267379962962            3         1.12                
985637267379962962            4         0.79                
985637267379962962            5         0.96                
985637267379962962            6         1.29                
985637267379962962            7         0.75                
985637267379962962            8         1.24                
985637267379962962            9         0.81                
985637267379962962            10        1.68                
985637267379962962            11        1.84                
985637267379962962            12        1.13                
985637267379962962            13        1.00                
985637267379962962            14        1.10                
985637267379962962            15        3.44                
