Sim_N                         Day       AVG_SF_per_Day      
4111860368703992226           1         4.16                
4111860368703992226           2         1.39                
4111860368703992226           3         0.63                
4111860368703992226           4         1.71                
4111860368703992226           5         1.37                
4111860368703992226           6         1.22                
4111860368703992226           7         0.91                
4111860368703992226           8         1.06                
4111860368703992226           9         1.16                
4111860368703992226           10        0.73                
4111860368703992226           11        1.17                
4111860368703992226           12        1.18                
4111860368703992226           13        0.80                
4111860368703992226           14        1.20                
4111860368703992226           15        2.64                
