Sim_N                         Day       AVG_SF_per_Day      
4732542341970763197           1         3.52                
4732542341970763197           2         0.92                
4732542341970763197           3         0.90                
4732542341970763197           4         0.78                
4732542341970763197           5         0.94                
4732542341970763197           6         1.19                
4732542341970763197           7         1.07                
4732542341970763197           8         1.15                
4732542341970763197           9         0.79                
4732542341970763197           10        0.90                
4732542341970763197           11        1.12                
4732542341970763197           12        1.57                
4732542341970763197           13        0.62                
4732542341970763197           14        0.86                
4732542341970763197           15        2.16                
