Sim_N                         Day       AVG_SF_per_Day      
4633835234898134498           1         3.69                
4633835234898134498           2         0.95                
4633835234898134498           3         1.97                
4633835234898134498           4         0.93                
4633835234898134498           5         0.57                
4633835234898134498           6         2.21                
4633835234898134498           7         0.96                
4633835234898134498           8         1.07                
4633835234898134498           9         0.70                
4633835234898134498           10        0.59                
4633835234898134498           11        1.37                
4633835234898134498           12        0.74                
4633835234898134498           13        0.90                
4633835234898134498           14        1.55                
4633835234898134498           15        3.24                
