Sim_N                         Day       AVG_SF_per_Day      
1630338152779084635           1         4.41                
1630338152779084635           2         1.55                
1630338152779084635           3         1.21                
1630338152779084635           4         1.42                
1630338152779084635           5         0.91                
1630338152779084635           6         0.78                
1630338152779084635           7         0.99                
1630338152779084635           8         0.92                
1630338152779084635           9         0.79                
1630338152779084635           10        2.07                
1630338152779084635           11        2.01                
1630338152779084635           12        0.98                
1630338152779084635           13        1.40                
1630338152779084635           14        1.05                
1630338152779084635           15        3.34                
