Sim_N                         Day       AVG_SF_per_Day      
8193124989701764003           1         2.21                
8193124989701764003           2         1.45                
8193124989701764003           3         0.76                
8193124989701764003           4         1.19                
8193124989701764003           5         0.98                
8193124989701764003           6         1.31                
8193124989701764003           7         1.02                
8193124989701764003           8         0.73                
8193124989701764003           9         0.95                
8193124989701764003           10        0.57                
8193124989701764003           11        1.15                
8193124989701764003           12        0.91                
8193124989701764003           13        1.21                
8193124989701764003           14        1.32                
8193124989701764003           15        3.33                
