Sim_N                         Day       AVG_SF_per_Day      
6396946618077194201           1         3.73                
6396946618077194201           2         2.06                
6396946618077194201           3         2.31                
6396946618077194201           4         1.24                
6396946618077194201           5         1.02                
6396946618077194201           6         0.53                
6396946618077194201           7         1.02                
6396946618077194201           8         0.99                
6396946618077194201           9         0.73                
6396946618077194201           10        0.80                
6396946618077194201           11        1.76                
6396946618077194201           12        0.61                
6396946618077194201           13        0.92                
6396946618077194201           14        0.95                
6396946618077194201           15        2.66                
