Sim_N                         Day       AVG_SF_per_Day      
6356103278242627917           1         3.49                
6356103278242627917           2         0.91                
6356103278242627917           3         0.90                
6356103278242627917           4         0.78                
6356103278242627917           5         0.81                
6356103278242627917           6         1.05                
6356103278242627917           7         0.91                
6356103278242627917           8         0.98                
6356103278242627917           9         0.87                
6356103278242627917           10        0.50                
6356103278242627917           11        0.62                
6356103278242627917           12        1.29                
6356103278242627917           13        0.90                
6356103278242627917           14        1.29                
6356103278242627917           15        3.84                
