Sim_N                         Day       AVG_SF_per_Day      
5651349738028474357           1         3.95                
5651349738028474357           2         1.20                
5651349738028474357           3         0.90                
5651349738028474357           4         0.83                
5651349738028474357           5         1.75                
5651349738028474357           6         1.01                
5651349738028474357           7         0.92                
5651349738028474357           8         1.62                
5651349738028474357           9         1.39                
5651349738028474357           10        1.20                
5651349738028474357           11        1.41                
5651349738028474357           12        1.11                
5651349738028474357           13        1.07                
5651349738028474357           14        1.03                
5651349738028474357           15        3.59                
