Sim_N                         Day       AVG_SF_per_Day      
6451700699925746686           1         4.16                
6451700699925746686           2         0.97                
6451700699925746686           3         0.68                
6451700699925746686           4         0.72                
6451700699925746686           5         1.07                
6451700699925746686           6         0.93                
6451700699925746686           7         0.94                
6451700699925746686           8         0.90                
6451700699925746686           9         0.59                
6451700699925746686           10        1.54                
6451700699925746686           11        0.65                
6451700699925746686           12        1.11                
6451700699925746686           13        1.27                
6451700699925746686           14        1.14                
6451700699925746686           15        3.20                
