Sim_N                         Day       AVG_SF_per_Day      
4433085980919906416           1         2.46                
4433085980919906416           2         0.79                
4433085980919906416           3         1.10                
4433085980919906416           4         1.15                
4433085980919906416           5         0.93                
4433085980919906416           6         1.06                
4433085980919906416           7         0.73                
4433085980919906416           8         1.23                
4433085980919906416           9         1.12                
4433085980919906416           10        0.83                
4433085980919906416           11        0.64                
4433085980919906416           12        0.88                
4433085980919906416           13        1.26                
4433085980919906416           14        1.13                
4433085980919906416           15        2.90                
