Sim_N                         Day       AVG_SF_per_Day      
5443502819130460233           1         3.33                
5443502819130460233           2         0.85                
5443502819130460233           3         0.84                
5443502819130460233           4         1.50                
5443502819130460233           5         0.72                
5443502819130460233           6         1.08                
5443502819130460233           7         1.14                
5443502819130460233           8         0.88                
5443502819130460233           9         0.86                
5443502819130460233           10        1.02                
5443502819130460233           11        1.75                
5443502819130460233           12        1.09                
5443502819130460233           13        1.97                
5443502819130460233           14        1.34                
5443502819130460233           15        3.05                
