Sim_N                         Day       AVG_SF_per_Day      
6133276962897252081           1         2.36                
6133276962897252081           2         1.03                
6133276962897252081           3         1.20                
6133276962897252081           4         0.59                
6133276962897252081           5         0.81                
6133276962897252081           6         0.69                
6133276962897252081           7         0.88                
6133276962897252081           8         1.12                
6133276962897252081           9         1.06                
6133276962897252081           10        1.16                
6133276962897252081           11        0.64                
6133276962897252081           12        0.96                
6133276962897252081           13        0.83                
6133276962897252081           14        1.02                
6133276962897252081           15        2.63                
