Sim_N                         Day       AVG_SF_per_Day      
3199256942309201361           1         3.49                
3199256942309201361           2         0.77                
3199256942309201361           3         0.85                
3199256942309201361           4         1.02                
3199256942309201361           5         1.09                
3199256942309201361           6         1.11                
3199256942309201361           7         1.50                
3199256942309201361           8         1.02                
3199256942309201361           9         0.94                
3199256942309201361           10        1.17                
3199256942309201361           11        0.65                
3199256942309201361           12        1.70                
3199256942309201361           13        1.58                
3199256942309201361           14        0.91                
3199256942309201361           15        2.58                
