Sim_N                         Day       AVG_SF_per_Day      
8369346622804429303           1         3.99                
8369346622804429303           2         1.13                
8369346622804429303           3         1.31                
8369346622804429303           4         1.32                
8369346622804429303           5         0.59                
8369346622804429303           6         1.06                
8369346622804429303           7         1.25                
8369346622804429303           8         1.07                
8369346622804429303           9         2.23                
8369346622804429303           10        0.75                
8369346622804429303           11        0.71                
8369346622804429303           12        1.67                
8369346622804429303           13        0.85                
8369346622804429303           14        2.13                
8369346622804429303           15        2.70                
