Sim_N                         Day       AVG_SF_per_Day      
4915910852289310416           1         2.67                
4915910852289310416           2         1.11                
4915910852289310416           3         1.28                
4915910852289310416           4         0.52                
4915910852289310416           5         1.62                
4915910852289310416           6         1.18                
4915910852289310416           7         1.06                
4915910852289310416           8         0.89                
4915910852289310416           9         0.88                
4915910852289310416           10        0.94                
4915910852289310416           11        0.62                
4915910852289310416           12        0.98                
4915910852289310416           13        0.95                
4915910852289310416           14        1.23                
4915910852289310416           15        3.15                
