Sim_N                         Day       AVG_SF_per_Day      
6910719521335130516           1         4.17                
6910719521335130516           2         1.07                
6910719521335130516           3         0.71                
6910719521335130516           4         1.08                
6910719521335130516           5         1.39                
6910719521335130516           6         1.45                
6910719521335130516           7         0.87                
6910719521335130516           8         0.86                
6910719521335130516           9         1.30                
6910719521335130516           10        1.96                
6910719521335130516           11        1.38                
6910719521335130516           12        1.38                
6910719521335130516           13        1.65                
6910719521335130516           14        0.63                
6910719521335130516           15        2.69                
