Sim_N                         Day       AVG_SF_per_Day      
3307344165882663473           1         3.17                
3307344165882663473           2         1.39                
3307344165882663473           3         1.15                
3307344165882663473           4         0.70                
3307344165882663473           5         0.65                
3307344165882663473           6         0.83                
3307344165882663473           7         1.45                
3307344165882663473           8         1.10                
3307344165882663473           9         0.54                
3307344165882663473           10        0.91                
3307344165882663473           11        0.85                
3307344165882663473           12        0.90                
3307344165882663473           13        1.36                
3307344165882663473           14        3.84                
3307344165882663473           15        4.27                
