Sim_N                         Day       AVG_SF_per_Day      
370889622185009629            1         3.05                
370889622185009629            2         1.66                
370889622185009629            3         1.20                
370889622185009629            4         0.60                
370889622185009629            5         1.58                
370889622185009629            6         0.98                
370889622185009629            7         0.65                
370889622185009629            8         0.90                
370889622185009629            9         0.97                
370889622185009629            10        0.74                
370889622185009629            11        0.84                
370889622185009629            12        0.79                
370889622185009629            13        0.94                
370889622185009629            14        1.16                
370889622185009629            15        3.33                
