Sim_N                         Day       AVG_SF_per_Day      
2425421574337096622           1         1.96                
2425421574337096622           2         1.27                
2425421574337096622           3         0.89                
2425421574337096622           4         0.91                
2425421574337096622           5         2.12                
2425421574337096622           6         3.38                
2425421574337096622           7         1.10                
2425421574337096622           8         0.80                
2425421574337096622           9         0.91                
2425421574337096622           10        0.98                
2425421574337096622           11        0.95                
2425421574337096622           12        1.02                
2425421574337096622           13        1.30                
2425421574337096622           14        1.74                
2425421574337096622           15        2.38                
