Sim_N                         Day       AVG_SF_per_Day      
7538970124842220193           1         3.01                
7538970124842220193           2         0.94                
7538970124842220193           3         0.84                
7538970124842220193           4         0.58                
7538970124842220193           5         0.69                
7538970124842220193           6         1.38                
7538970124842220193           7         0.89                
7538970124842220193           8         1.09                
7538970124842220193           9         1.47                
7538970124842220193           10        1.32                
7538970124842220193           11        1.27                
7538970124842220193           12        1.09                
7538970124842220193           13        1.07                
7538970124842220193           14        1.13                
7538970124842220193           15        3.55                
