Sim_N                         Day       AVG_SF_per_Day      
1715059074132551299           1         3.86                
1715059074132551299           2         0.92                
1715059074132551299           3         1.16                
1715059074132551299           4         1.03                
1715059074132551299           5         1.00                
1715059074132551299           6         0.91                
1715059074132551299           7         1.34                
1715059074132551299           8         3.00                
1715059074132551299           9         0.74                
1715059074132551299           10        1.61                
1715059074132551299           11        1.36                
1715059074132551299           12        0.77                
1715059074132551299           13        1.38                
1715059074132551299           14        0.98                
1715059074132551299           15        2.43                
