Sim_N                         Day       AVG_SF_per_Day      
1202991669854195880           1         3.50                
1202991669854195880           2         2.57                
1202991669854195880           3         0.68                
1202991669854195880           4         0.63                
1202991669854195880           5         1.38                
1202991669854195880           6         1.54                
1202991669854195880           7         2.34                
1202991669854195880           8         2.13                
1202991669854195880           9         2.72                
1202991669854195880           10        0.86                
1202991669854195880           11        0.88                
1202991669854195880           12        0.64                
1202991669854195880           13        2.15                
1202991669854195880           14        2.56                
1202991669854195880           15        3.19                
