Sim_N                         Day       AVG_SF_per_Day      
6752577379259938484           1         3.17                
6752577379259938484           2         1.13                
6752577379259938484           3         1.17                
6752577379259938484           4         1.50                
6752577379259938484           5         0.81                
6752577379259938484           6         1.93                
6752577379259938484           7         1.13                
6752577379259938484           8         1.02                
6752577379259938484           9         1.29                
6752577379259938484           10        1.10                
6752577379259938484           11        0.67                
6752577379259938484           12        1.18                
6752577379259938484           13        1.41                
6752577379259938484           14        1.05                
6752577379259938484           15        3.07                
