Sim_N                         Day       AVG_SF_per_Day      
8891118256613309382           1         3.86                
8891118256613309382           2         0.93                
8891118256613309382           3         1.64                
8891118256613309382           4         1.39                
8891118256613309382           5         1.27                
8891118256613309382           6         1.46                
8891118256613309382           7         1.41                
8891118256613309382           8         1.22                
8891118256613309382           9         1.48                
8891118256613309382           10        0.93                
8891118256613309382           11        0.91                
8891118256613309382           12        0.84                
8891118256613309382           13        1.53                
8891118256613309382           14        1.37                
8891118256613309382           15        3.47                
