Sim_N                         Day       AVG_SF_per_Day      
5085197889641232654           1         2.75                
5085197889641232654           2         1.09                
5085197889641232654           3         0.86                
5085197889641232654           4         1.46                
5085197889641232654           5         0.79                
5085197889641232654           6         1.55                
5085197889641232654           7         1.39                
5085197889641232654           8         2.82                
5085197889641232654           9         0.97                
5085197889641232654           10        0.69                
5085197889641232654           11        1.20                
5085197889641232654           12        0.84                
5085197889641232654           13        1.13                
5085197889641232654           14        0.83                
5085197889641232654           15        2.61                
