Sim_N                         Day       AVG_SF_per_Day      
8350657192444989613           1         4.57                
8350657192444989613           2         1.96                
8350657192444989613           3         1.02                
8350657192444989613           4         0.63                
8350657192444989613           5         0.66                
8350657192444989613           6         1.76                
8350657192444989613           7         0.93                
8350657192444989613           8         0.49                
8350657192444989613           9         0.79                
8350657192444989613           10        0.70                
8350657192444989613           11        1.07                
8350657192444989613           12        0.78                
8350657192444989613           13        0.96                
8350657192444989613           14        0.99                
8350657192444989613           15        2.64                
