Sim_N                         Day       AVG_SF_per_Day      
1136529335605661379           1         3.79                
1136529335605661379           2         1.20                
1136529335605661379           3         1.06                
1136529335605661379           4         0.99                
1136529335605661379           5         2.30                
1136529335605661379           6         0.79                
1136529335605661379           7         0.99                
1136529335605661379           8         1.07                
1136529335605661379           9         1.18                
1136529335605661379           10        0.83                
1136529335605661379           11        1.21                
1136529335605661379           12        1.20                
1136529335605661379           13        0.87                
1136529335605661379           14        0.84                
1136529335605661379           15        3.46                
