Sim_N                         Day       AVG_SF_per_Day      
52485798744453352             1         3.96                
52485798744453352             2         1.33                
52485798744453352             3         0.88                
52485798744453352             4         0.61                
52485798744453352             5         1.82                
52485798744453352             6         0.82                
52485798744453352             7         1.28                
52485798744453352             8         0.63                
52485798744453352             9         0.91                
52485798744453352             10        0.89                
52485798744453352             11        1.30                
52485798744453352             12        1.12                
52485798744453352             13        1.24                
52485798744453352             14        1.13                
52485798744453352             15        2.40                
