Sim_N                         Day       AVG_SF_per_Day      
6733481270606861390           1         3.35                
6733481270606861390           2         0.79                
6733481270606861390           3         0.76                
6733481270606861390           4         1.49                
6733481270606861390           5         1.49                
6733481270606861390           6         1.16                
6733481270606861390           7         1.03                
6733481270606861390           8         1.39                
6733481270606861390           9         2.02                
6733481270606861390           10        1.34                
6733481270606861390           11        0.85                
6733481270606861390           12        0.99                
6733481270606861390           13        0.97                
6733481270606861390           14        1.02                
6733481270606861390           15        3.15                
