Sim_N                         Day       AVG_SF_per_Day      
5216365589771515752           1         2.90                
5216365589771515752           2         0.71                
5216365589771515752           3         0.51                
5216365589771515752           4         0.79                
5216365589771515752           5         1.12                
5216365589771515752           6         1.21                
5216365589771515752           7         1.53                
5216365589771515752           8         1.07                
5216365589771515752           9         0.88                
5216365589771515752           10        0.77                
5216365589771515752           11        0.89                
5216365589771515752           12        0.96                
5216365589771515752           13        1.39                
5216365589771515752           14        1.36                
5216365589771515752           15        2.62                
