Sim_N                         Day       AVG_SF_per_Day      
2190856220296319398           1         4.96                
2190856220296319398           2         5.00                
2190856220296319398           3         4.79                
2190856220296319398           4         4.26                
2190856220296319398           5         4.40                
2190856220296319398           6         4.55                
2190856220296319398           7         3.79                
2190856220296319398           8         2.59                
2190856220296319398           9         3.62                
2190856220296319398           10        2.90                
2190856220296319398           11        4.47                
2190856220296319398           12        3.89                
2190856220296319398           13        3.04                
2190856220296319398           14        1.67                
2190856220296319398           15        3.65                
