Sim_N                         Day       AVG_SF_per_Day      
8669036402807446599           1         4.52                
8669036402807446599           2         3.24                
8669036402807446599           3         3.49                
8669036402807446599           4         4.12                
8669036402807446599           5         4.26                
8669036402807446599           6         2.76                
8669036402807446599           7         1.94                
8669036402807446599           8         2.35                
8669036402807446599           9         1.92                
8669036402807446599           10        1.68                
8669036402807446599           11        1.77                
8669036402807446599           12        3.70                
8669036402807446599           13        3.48                
8669036402807446599           14        3.54                
8669036402807446599           15        3.77                
