Sim_N                         Day       AVG_SF_per_Day      
4254509993698622372           1         4.68                
4254509993698622372           2         3.20                
4254509993698622372           3         1.19                
4254509993698622372           4         1.93                
4254509993698622372           5         2.37                
4254509993698622372           6         1.69                
4254509993698622372           7         2.00                
4254509993698622372           8         2.80                
4254509993698622372           9         2.20                
4254509993698622372           10        1.77                
4254509993698622372           11        2.92                
4254509993698622372           12        3.62                
4254509993698622372           13        3.82                
4254509993698622372           14        4.45                
4254509993698622372           15        4.78                
