Sim_N                         Day       AVG_SF_per_Day      
5911900924687901313           1         4.83                
5911900924687901313           2         4.13                
5911900924687901313           3         4.80                
5911900924687901313           4         4.99                
5911900924687901313           5         4.92                
5911900924687901313           6         3.82                
5911900924687901313           7         3.87                
5911900924687901313           8         4.36                
5911900924687901313           9         4.65                
5911900924687901313           10        3.88                
5911900924687901313           11        3.34                
5911900924687901313           12        4.87                
5911900924687901313           13        4.97                
5911900924687901313           14        4.26                
5911900924687901313           15        4.62                
