Sim_N                         Day       AVG_SF_per_Day      
586633125365000192            1         4.38                
586633125365000192            2         4.29                
586633125365000192            3         4.43                
586633125365000192            4         2.16                
586633125365000192            5         1.67                
586633125365000192            6         1.96                
586633125365000192            7         1.67                
586633125365000192            8         1.23                
586633125365000192            9         1.18                
586633125365000192            10        1.08                
586633125365000192            11        2.04                
586633125365000192            12        1.26                
586633125365000192            13        1.80                
586633125365000192            14        1.29                
586633125365000192            15        2.86                
