Sim_N                         Day       AVG_SF_per_Day      
2589214194208920259           1         5.00                
2589214194208920259           2         4.37                
2589214194208920259           3         3.81                
2589214194208920259           4         4.36                
2589214194208920259           5         2.56                
2589214194208920259           6         1.39                
2589214194208920259           7         1.54                
2589214194208920259           8         1.54                
2589214194208920259           9         1.12                
2589214194208920259           10        1.70                
2589214194208920259           11        2.91                
2589214194208920259           12        3.68                
2589214194208920259           13        4.91                
2589214194208920259           14        4.87                
2589214194208920259           15        4.35                
