Sim_N                         Day       AVG_SF_per_Day      
1780339654249615644           1         5.00                
1780339654249615644           2         4.39                
1780339654249615644           3         3.68                
1780339654249615644           4         4.11                
1780339654249615644           5         4.15                
1780339654249615644           6         3.60                
1780339654249615644           7         3.96                
1780339654249615644           8         2.38                
1780339654249615644           9         3.08                
1780339654249615644           10        2.91                
1780339654249615644           11        3.78                
1780339654249615644           12        4.15                
1780339654249615644           13        3.11                
1780339654249615644           14        1.40                
1780339654249615644           15        2.98                
