Sim_N                         Day       AVG_SF_per_Day      
6601130557127821115           1         4.51                
6601130557127821115           2         4.22                
6601130557127821115           3         2.92                
6601130557127821115           4         2.76                
6601130557127821115           5         3.45                
6601130557127821115           6         3.92                
6601130557127821115           7         2.42                
6601130557127821115           8         1.64                
6601130557127821115           9         2.60                
6601130557127821115           10        4.95                
6601130557127821115           11        4.44                
6601130557127821115           12        4.90                
6601130557127821115           13        4.49                
6601130557127821115           14        4.83                
6601130557127821115           15        3.81                
