Sim_N                         Day       AVG_SF_per_Day      
6403440952047672148           1         4.92                
6403440952047672148           2         4.50                
6403440952047672148           3         3.09                
6403440952047672148           4         1.27                
6403440952047672148           5         1.53                
6403440952047672148           6         2.74                
6403440952047672148           7         2.74                
6403440952047672148           8         1.32                
6403440952047672148           9         1.27                
6403440952047672148           10        2.34                
6403440952047672148           11        1.82                
6403440952047672148           12        1.65                
6403440952047672148           13        1.66                
6403440952047672148           14        1.59                
6403440952047672148           15        3.01                
