Sim_N                         Day       AVG_SF_per_Day      
1137539935363581657           1         4.99                
1137539935363581657           2         4.99                
1137539935363581657           3         3.97                
1137539935363581657           4         2.20                
1137539935363581657           5         2.26                
1137539935363581657           6         3.77                
1137539935363581657           7         2.99                
1137539935363581657           8         1.72                
1137539935363581657           9         2.75                
1137539935363581657           10        2.79                
1137539935363581657           11        3.08                
1137539935363581657           12        3.57                
1137539935363581657           13        2.12                
1137539935363581657           14        4.23                
1137539935363581657           15        4.26                
