Sim_N                         Day       AVG_SF_per_Day      
3343510271946406330           1         4.97                
3343510271946406330           2         4.95                
3343510271946406330           3         3.57                
3343510271946406330           4         1.91                
3343510271946406330           5         1.73                
3343510271946406330           6         3.63                
3343510271946406330           7         4.78                
3343510271946406330           8         4.28                
3343510271946406330           9         2.86                
3343510271946406330           10        1.41                
3343510271946406330           11        1.39                
3343510271946406330           12        1.40                
3343510271946406330           13        2.57                
3343510271946406330           14        3.59                
3343510271946406330           15        3.71                
