Sim_N                         Day       AVG_SF_per_Day      
8348008787770661264           1         4.68                
8348008787770661264           2         4.78                
8348008787770661264           3         4.97                
8348008787770661264           4         4.16                
8348008787770661264           5         3.84                
8348008787770661264           6         2.75                
8348008787770661264           7         3.33                
8348008787770661264           8         4.50                
8348008787770661264           9         2.41                
8348008787770661264           10        2.14                
8348008787770661264           11        2.28                
8348008787770661264           12        3.56                
8348008787770661264           13        3.55                
8348008787770661264           14        2.02                
8348008787770661264           15        3.26                
