Sim_N                         Day       AVG_SF_per_Day      
8582294007363617385           1         4.73                
8582294007363617385           2         3.82                
8582294007363617385           3         2.34                
8582294007363617385           4         1.78                
8582294007363617385           5         1.46                
8582294007363617385           6         2.74                
8582294007363617385           7         1.09                
8582294007363617385           8         2.16                
8582294007363617385           9         1.43                
8582294007363617385           10        1.96                
8582294007363617385           11        3.18                
8582294007363617385           12        2.63                
8582294007363617385           13        2.02                
8582294007363617385           14        2.29                
8582294007363617385           15        3.59                
