Sim_N                         Day       AVG_SF_per_Day      
2313907425748893774           1         4.93                
2313907425748893774           2         4.85                
2313907425748893774           3         3.07                
2313907425748893774           4         2.19                
2313907425748893774           5         1.65                
2313907425748893774           6         1.91                
2313907425748893774           7         2.98                
2313907425748893774           8         1.77                
2313907425748893774           9         1.67                
2313907425748893774           10        1.81                
2313907425748893774           11        1.79                
2313907425748893774           12        2.90                
2313907425748893774           13        1.32                
2313907425748893774           14        3.33                
2313907425748893774           15        4.88                
