Sim_N                         Day       AVG_SF_per_Day      
2431540788035183107           1         4.55                
2431540788035183107           2         3.61                
2431540788035183107           3         2.98                
2431540788035183107           4         3.79                
2431540788035183107           5         4.92                
2431540788035183107           6         4.53                
2431540788035183107           7         4.31                
2431540788035183107           8         2.14                
2431540788035183107           9         2.35                
2431540788035183107           10        2.00                
2431540788035183107           11        1.67                
2431540788035183107           12        1.44                
2431540788035183107           13        2.28                
2431540788035183107           14        3.13                
2431540788035183107           15        3.25                
