Sim_N                         Day       AVG_SF_per_Day      
3202635196129421504           1         4.84                
3202635196129421504           2         4.30                
3202635196129421504           3         1.68                
3202635196129421504           4         2.31                
3202635196129421504           5         3.89                
3202635196129421504           6         2.97                
3202635196129421504           7         1.97                
3202635196129421504           8         2.56                
3202635196129421504           9         2.02                
3202635196129421504           10        2.07                
3202635196129421504           11        2.38                
3202635196129421504           12        1.41                
3202635196129421504           13        1.89                
3202635196129421504           14        1.84                
3202635196129421504           15        3.20                
