Sim_N                         Day       AVG_SF_per_Day      
3099411474401373491           1         4.79                
3099411474401373491           2         3.23                
3099411474401373491           3         1.76                
3099411474401373491           4         2.85                
3099411474401373491           5         1.31                
3099411474401373491           6         2.25                
3099411474401373491           7         2.75                
3099411474401373491           8         1.41                
3099411474401373491           9         1.58                
3099411474401373491           10        2.44                
3099411474401373491           11        1.19                
3099411474401373491           12        1.08                
3099411474401373491           13        2.95                
3099411474401373491           14        2.52                
3099411474401373491           15        0.53                
