Sim_N                         Day       AVG_SF_per_Day      
4840840273865779284           1         4.01                
4840840273865779284           2         1.68                
4840840273865779284           3         1.57                
4840840273865779284           4         1.34                
4840840273865779284           5         2.10                
4840840273865779284           6         2.29                
4840840273865779284           7         1.57                
4840840273865779284           8         4.09                
4840840273865779284           9         4.26                
4840840273865779284           10        1.37                
4840840273865779284           11        1.20                
4840840273865779284           12        1.62                
4840840273865779284           13        1.53                
4840840273865779284           14        2.02                
4840840273865779284           15        0.90                
