Sim_N                         Day       AVG_SF_per_Day      
3990125697696621668           1         4.57                
3990125697696621668           2         2.75                
3990125697696621668           3         3.66                
3990125697696621668           4         2.72                
3990125697696621668           5         3.67                
3990125697696621668           6         2.62                
3990125697696621668           7         2.79                
3990125697696621668           8         2.28                
3990125697696621668           9         3.15                
3990125697696621668           10        3.75                
3990125697696621668           11        3.44                
3990125697696621668           12        1.48                
3990125697696621668           13        1.85                
3990125697696621668           14        2.07                
3990125697696621668           15        3.18                
