Sim_N                         Day       AVG_SF_per_Day      
4623551657150481840           1         4.96                
4623551657150481840           2         4.67                
4623551657150481840           3         4.97                
4623551657150481840           4         4.80                
4623551657150481840           5         4.51                
4623551657150481840           6         3.65                
4623551657150481840           7         4.48                
4623551657150481840           8         3.51                
4623551657150481840           9         1.30                
4623551657150481840           10        1.97                
4623551657150481840           11        1.34                
4623551657150481840           12        1.25                
4623551657150481840           13        2.10                
4623551657150481840           14        2.37                
4623551657150481840           15        0.98                
