Sim_N                         Day       AVG_SF_per_Day      
7017446909854961736           1         4.90                
7017446909854961736           2         4.40                
7017446909854961736           3         4.54                
7017446909854961736           4         4.97                
7017446909854961736           5         4.87                
7017446909854961736           6         4.97                
7017446909854961736           7         4.90                
7017446909854961736           8         4.55                
7017446909854961736           9         4.71                
7017446909854961736           10        4.81                
7017446909854961736           11        4.83                
7017446909854961736           12        3.91                
7017446909854961736           13        1.53                
7017446909854961736           14        1.29                
7017446909854961736           15        0.87                
