Sim_N                         Day       AVG_SF_per_Day      
4061417568333281100           1         4.76                
4061417568333281100           2         2.95                
4061417568333281100           3         1.94                
4061417568333281100           4         1.62                
4061417568333281100           5         1.43                
4061417568333281100           6         2.55                
4061417568333281100           7         3.85                
4061417568333281100           8         4.29                
4061417568333281100           9         4.10                
4061417568333281100           10        4.99                
4061417568333281100           11        4.92                
4061417568333281100           12        4.52                
4061417568333281100           13        4.44                
4061417568333281100           14        4.31                
4061417568333281100           15        1.23                
