Sim_N                         Day       AVG_SF_per_Day      
5309626432718583872           1         4.38                
5309626432718583872           2         1.50                
5309626432718583872           3         1.22                
5309626432718583872           4         1.51                
5309626432718583872           5         4.15                
5309626432718583872           6         4.58                
5309626432718583872           7         4.49                
5309626432718583872           8         3.79                
5309626432718583872           9         4.48                
5309626432718583872           10        4.88                
5309626432718583872           11        4.08                
5309626432718583872           12        3.03                
5309626432718583872           13        2.22                
5309626432718583872           14        3.08                
5309626432718583872           15        1.46                
