Sim_N                         Day       AVG_SF_per_Day      
4535329724000915945           1         4.31                
4535329724000915945           2         3.11                
4535329724000915945           3         2.15                
4535329724000915945           4         2.47                
4535329724000915945           5         3.58                
4535329724000915945           6         4.59                
4535329724000915945           7         4.99                
4535329724000915945           8         4.55                
4535329724000915945           9         2.20                
4535329724000915945           10        2.43                
4535329724000915945           11        2.20                
4535329724000915945           12        1.69                
4535329724000915945           13        3.50                
4535329724000915945           14        2.76                
4535329724000915945           15        2.62                
