Sim_N                         Day       AVG_SF_per_Day      
126642521580183563            1         4.00                
126642521580183563            2         1.89                
126642521580183563            3         3.95                
126642521580183563            4         1.89                
126642521580183563            5         1.93                
126642521580183563            6         2.91                
126642521580183563            7         2.70                
126642521580183563            8         3.45                
126642521580183563            9         3.65                
126642521580183563            10        3.80                
126642521580183563            11        3.25                
126642521580183563            12        3.85                
126642521580183563            13        4.28                
126642521580183563            14        4.86                
126642521580183563            15        4.50                
