Sim_N                         Day       AVG_SF_per_Day      
3136936824050226643           1         4.71                
3136936824050226643           2         4.76                
3136936824050226643           3         4.77                
3136936824050226643           4         4.84                
3136936824050226643           5         4.22                
3136936824050226643           6         4.40                
3136936824050226643           7         4.55                
3136936824050226643           8         4.86                
3136936824050226643           9         2.68                
3136936824050226643           10        1.69                
3136936824050226643           11        1.79                
3136936824050226643           12        1.52                
3136936824050226643           13        2.70                
3136936824050226643           14        4.95                
3136936824050226643           15        4.93                
