Sim_N                         Day       AVG_SF_per_Day      
9192574542630969354           1         4.54                
9192574542630969354           2         4.37                
9192574542630969354           3         3.17                
9192574542630969354           4         2.41                
9192574542630969354           5         1.77                
9192574542630969354           6         2.71                
9192574542630969354           7         3.16                
9192574542630969354           8         3.57                
9192574542630969354           9         4.56                
9192574542630969354           10        4.92                
9192574542630969354           11        4.97                
9192574542630969354           12        3.84                
9192574542630969354           13        3.38                
9192574542630969354           14        1.26                
9192574542630969354           15        1.45                
