Sim_N                         Day       AVG_SF_per_Day      
167705463986662668            1         4.40                
167705463986662668            2         3.71                
167705463986662668            3         3.91                
167705463986662668            4         2.68                
167705463986662668            5         1.55                
167705463986662668            6         2.41                
167705463986662668            7         2.76                
167705463986662668            8         3.85                
167705463986662668            9         2.23                
167705463986662668            10        3.33                
167705463986662668            11        3.03                
167705463986662668            12        1.88                
167705463986662668            13        1.59                
167705463986662668            14        1.64                
167705463986662668            15        1.26                
