Sim_N                         Day       AVG_SF_per_Day      
944438666892109722            1         4.99                
944438666892109722            2         3.89                
944438666892109722            3         4.20                
944438666892109722            4         4.89                
944438666892109722            5         4.95                
944438666892109722            6         4.27                
944438666892109722            7         1.14                
944438666892109722            8         0.72                
944438666892109722            9         1.90                
944438666892109722            10        2.63                
944438666892109722            11        1.18                
944438666892109722            12        2.55                
944438666892109722            13        4.14                
944438666892109722            14        4.70                
944438666892109722            15        2.80                
