Sim_N                         Day       AVG_SF_per_Day      
3533124977891171667           1         4.91                
3533124977891171667           2         4.34                
3533124977891171667           3         4.78                
3533124977891171667           4         2.56                
3533124977891171667           5         1.65                
3533124977891171667           6         1.71                
3533124977891171667           7         1.19                
3533124977891171667           8         1.11                
3533124977891171667           9         1.36                
3533124977891171667           10        2.37                
3533124977891171667           11        1.64                
3533124977891171667           12        1.82                
3533124977891171667           13        2.42                
3533124977891171667           14        3.41                
3533124977891171667           15        1.72                
