Sim_N                         Day       Time      New_Patients        Waiting        Assigned  Discharged     Beds_Avail_EOH 
6702080778153522532           1         0:00      1                   0              1         0              14             
6702080778153522532           1         1:00      3                   0              3         1              12             
6702080778153522532           1         2:00      0                   0              3         0              12             
6702080778153522532           1         3:00      2                   0              5         0              10             
6702080778153522532           1         4:00      5                   0              7         3              8              
6702080778153522532           1         5:00      4                   0              7         4              8              
6702080778153522532           1         6:00      4                   0              6         4              9              
6702080778153522532           1         7:00      1                   0              7         0              8              
6702080778153522532           1         8:00      2                   0              8         1              7              
6702080778153522532           1         9:00      5                   0              9         4              6              
6702080778153522532           1         10:00     0                   0              7         2              8              
6702080778153522532           1         11:00     2                   0              6         3              9              
6702080778153522532           1         12:00     0                   0              6         0              9              
6702080778153522532           1         13:00     4                   0              9         1              6              
6702080778153522532           1         14:00     3                   0              9         3              6              
6702080778153522532           1         15:00     2                   0              10        1              5              
6702080778153522532           1         16:00     4                   0              12        2              3              
6702080778153522532           1         17:00     4                   0              12        4              3              
6702080778153522532           1         18:00     3                   0              14        1              1              
6702080778153522532           1         19:00     3                   0              13        4              2              
6702080778153522532           1         20:00     5                   2              15        1              0              
6702080778153522532           1         21:00     1                   1              15        2              0              
6702080778153522532           1         22:00     1                   0              12        5              3              
6702080778153522532           1         23:00     4                   0              14        2              1              
6702080778153522532           2         0:00      2                   0              13        3              2              
6702080778153522532           2         1:00      3                   0              11        5              4              
6702080778153522532           2         2:00      0                   0              11        0              4              
6702080778153522532           2         3:00      3                   0              11        3              4              
6702080778153522532           2         4:00      0                   0              7         4              8              
6702080778153522532           2         5:00      3                   0              8         2              7              
6702080778153522532           2         6:00      3                   0              10        1              5              
6702080778153522532           2         7:00      4                   0              12        2              3              
6702080778153522532           2         8:00      1                   0              13        0              2              
6702080778153522532           2         9:00      2                   0              14        1              1              
6702080778153522532           2         10:00     0                   0              13        1              2              
6702080778153522532           2         11:00     3                   0              10        6              5              
6702080778153522532           2         12:00     2                   0              11        1              4              
6702080778153522532           2         13:00     5                   0              13        2              2              
6702080778153522532           2         14:00     1                   0              11        3              4              
6702080778153522532           2         15:00     4                   0              13        2              2              
6702080778153522532           2         16:00     3                   1              15        0              0              
6702080778153522532           2         17:00     0                   0              15        1              0              
6702080778153522532           2         18:00     2                   1              15        1              0              
6702080778153522532           2         19:00     0                   0              13        3              2              
6702080778153522532           2         20:00     4                   1              15        1              0              
6702080778153522532           2         21:00     5                   1              15        4              0              
6702080778153522532           2         22:00     4                   1              15        4              0              
6702080778153522532           2         23:00     3                   1              15        3              0              
6702080778153522532           3         0:00      0                   0              13        3              2              
6702080778153522532           3         1:00      3                   0              15        0              0              
6702080778153522532           3         2:00      5                   3              15        2              0              
6702080778153522532           3         3:00      3                   2              15        4              0              
6702080778153522532           3         4:00      5                   1              15        4              0              
6702080778153522532           3         5:00      3                   0              14        5              1              
6702080778153522532           3         6:00      5                   1              15        3              0              
6702080778153522532           3         7:00      1                   0              14        3              1              
6702080778153522532           3         8:00      1                   0              12        3              3              
6702080778153522532           3         9:00      5                   0              14        3              1              
6702080778153522532           3         10:00     0                   0              12        2              3              
6702080778153522532           3         11:00     2                   0              12        2              3              
6702080778153522532           3         12:00     5                   0              14        2              1              
6702080778153522532           3         13:00     2                   0              14        2              1              
6702080778153522532           3         14:00     2                   0              14        2              1              
6702080778153522532           3         15:00     4                   0              13        5              2              
6702080778153522532           3         16:00     0                   0              12        1              3              
6702080778153522532           3         17:00     4                   0              15        1              0              
6702080778153522532           3         18:00     3                   2              15        1              0              
6702080778153522532           3         19:00     3                   0              15        5              0              
6702080778153522532           3         20:00     2                   0              14        3              1              
6702080778153522532           3         21:00     0                   0              8         6              7              
6702080778153522532           3         22:00     1                   0              7         2              8              
6702080778153522532           3         23:00     3                   0              9         1              6              
6702080778153522532           4         0:00      2                   0              10        1              5              
6702080778153522532           4         1:00      5                   0              12        3              3              
6702080778153522532           4         2:00      4                   0              13        3              2              
6702080778153522532           4         3:00      2                   0              14        1              1              
6702080778153522532           4         4:00      2                   0              13        3              2              
6702080778153522532           4         5:00      3                   0              14        2              1              
6702080778153522532           4         6:00      5                   3              15        1              0              
6702080778153522532           4         7:00      0                   2              15        1              0              
6702080778153522532           4         8:00      5                   5              15        1              0              
6702080778153522532           4         9:00      2                   4              15        3              0              
6702080778153522532           4         10:00     0                   4              15        0              0              
6702080778153522532           4         11:00     4                   3              15        4              0              
6702080778153522532           4         12:00     2                   0              15        5              0              
6702080778153522532           4         13:00     1                   0              12        4              3              
6702080778153522532           4         14:00     0                   0              10        2              5              
6702080778153522532           4         15:00     3                   0              11        2              4              
6702080778153522532           4         16:00     3                   0              14        0              1              
6702080778153522532           4         17:00     5                   0              13        5              2              
6702080778153522532           4         18:00     2                   0              12        3              3              
6702080778153522532           4         19:00     3                   0              12        3              3              
6702080778153522532           4         20:00     4                   0              15        1              0              
6702080778153522532           4         21:00     5                   0              15        4              0              
6702080778153522532           4         22:00     5                   0              15        5              0              
6702080778153522532           4         23:00     5                   2              15        3              0              
6702080778153522532           5         0:00      0                   1              15        1              0              
6702080778153522532           5         1:00      3                   2              15        2              0              
6702080778153522532           5         2:00      3                   4              15        1              0              
6702080778153522532           5         3:00      1                   2              15        3              0              
6702080778153522532           5         4:00      1                   0              15        3              0              
6702080778153522532           5         5:00      0                   0              11        4              4              
6702080778153522532           5         6:00      1                   0              9         3              6              
6702080778153522532           5         7:00      0                   0              9         0              6              
6702080778153522532           5         8:00      4                   0              13        0              2              
6702080778153522532           5         9:00      5                   0              12        6              3              
6702080778153522532           5         10:00     5                   0              13        4              2              
6702080778153522532           5         11:00     5                   0              15        2              0              
6702080778153522532           5         12:00     1                   0              13        3              2              
6702080778153522532           5         13:00     4                   0              15        2              0              
6702080778153522532           5         14:00     5                   1              15        4              0              
6702080778153522532           5         15:00     0                   0              15        1              0              
6702080778153522532           5         16:00     0                   0              13        2              2              
6702080778153522532           5         17:00     1                   0              13        1              2              
6702080778153522532           5         18:00     5                   1              15        2              0              
6702080778153522532           5         19:00     4                   2              15        3              0              
6702080778153522532           5         20:00     4                   4              15        2              0              
6702080778153522532           5         21:00     3                   4              15        3              0              
6702080778153522532           5         22:00     1                   3              15        2              0              
6702080778153522532           5         23:00     0                   0              15        3              0              
6702080778153522532           6         0:00      1                   0              12        4              3              
6702080778153522532           6         1:00      3                   0              13        2              2              
6702080778153522532           6         2:00      2                   0              13        2              2              
6702080778153522532           6         3:00      3                   0              15        1              0              
6702080778153522532           6         4:00      5                   3              15        2              0              
6702080778153522532           6         5:00      5                   6              15        2              0              
6702080778153522532           6         6:00      3                   7              15        1              0              
6702080778153522532           6         7:00      0                   6              15        1              0              
6702080778153522532           6         8:00      3                   6              15        3              0              
6702080778153522532           6         9:00      5                   6              15        5              0              
6702080778153522532           6         10:00     5                   7              15        4              0              
6702080778153522532           6         11:00     5                   7              15        5              0              
6702080778153522532           6         12:00     1                   4              15        4              0              
6702080778153522532           6         13:00     3                   3              15        4              0              
6702080778153522532           6         14:00     1                   0              15        4              0              
6702080778153522532           6         15:00     1                   0              11        5              4              
6702080778153522532           6         16:00     4                   0              12        3              3              
6702080778153522532           6         17:00     0                   0              11        1              4              
6702080778153522532           6         18:00     4                   0              10        5              5              
6702080778153522532           6         19:00     3                   0              10        3              5              
6702080778153522532           6         20:00     4                   0              12        2              3              
6702080778153522532           6         21:00     2                   0              9         5              6              
6702080778153522532           6         22:00     4                   0              10        3              5              
6702080778153522532           6         23:00     0                   0              7         3              8              
6702080778153522532           7         0:00      5                   0              9         3              6              
6702080778153522532           7         1:00      2                   0              9         2              6              
6702080778153522532           7         2:00      1                   0              9         1              6              
6702080778153522532           7         3:00      3                   0              8         4              7              
6702080778153522532           7         4:00      5                   0              12        1              3              
6702080778153522532           7         5:00      2                   0              11        3              4              
6702080778153522532           7         6:00      2                   0              11        2              4              
6702080778153522532           7         7:00      4                   0              14        1              1              
6702080778153522532           7         8:00      0                   0              13        1              2              
6702080778153522532           7         9:00      4                   0              14        3              1              
6702080778153522532           7         10:00     5                   1              15        3              0              
6702080778153522532           7         11:00     3                   1              15        3              0              
6702080778153522532           7         12:00     4                   0              15        5              0              
6702080778153522532           7         13:00     0                   0              14        1              1              
6702080778153522532           7         14:00     2                   0              14        2              1              
6702080778153522532           7         15:00     5                   2              15        2              0              
6702080778153522532           7         16:00     3                   3              15        2              0              
6702080778153522532           7         17:00     1                   1              15        3              0              
6702080778153522532           7         18:00     3                   0              15        4              0              
6702080778153522532           7         19:00     5                   2              15        3              0              
6702080778153522532           7         20:00     3                   5              15        0              0              
6702080778153522532           7         21:00     4                   3              15        6              0              
6702080778153522532           7         22:00     4                   4              15        3              0              
6702080778153522532           7         23:00     2                   4              15        2              0              
6702080778153522532           8         0:00      2                   3              15        3              0              
6702080778153522532           8         1:00      0                   2              15        1              0              
6702080778153522532           8         2:00      1                   0              15        3              0              
6702080778153522532           8         3:00      1                   0              15        1              0              
6702080778153522532           8         4:00      5                   0              14        6              1              
6702080778153522532           8         5:00      1                   0              11        4              4              
6702080778153522532           8         6:00      5                   0              15        1              0              
6702080778153522532           8         7:00      2                   1              15        1              0              
6702080778153522532           8         8:00      1                   0              15        2              0              
6702080778153522532           8         9:00      4                   1              15        3              0              
6702080778153522532           8         10:00     3                   3              15        1              0              
6702080778153522532           8         11:00     3                   4              15        1              0              
6702080778153522532           8         12:00     1                   4              15        1              0              
6702080778153522532           8         13:00     2                   2              15        4              0              
6702080778153522532           8         14:00     0                   1              15        1              0              
6702080778153522532           8         15:00     2                   1              15        1              0              
6702080778153522532           8         16:00     2                   1              15        2              0              
6702080778153522532           8         17:00     3                   0              15        4              0              
6702080778153522532           8         18:00     4                   0              12        7              3              
6702080778153522532           8         19:00     2                   0              12        2              3              
6702080778153522532           8         20:00     4                   0              15        1              0              
6702080778153522532           8         21:00     5                   2              15        2              0              
6702080778153522532           8         22:00     0                   0              13        4              2              
6702080778153522532           8         23:00     4                   0              12        5              3              
6702080778153522532           9         0:00      1                   0              9         4              6              
6702080778153522532           9         1:00      3                   0              9         3              6              
6702080778153522532           9         2:00      0                   0              8         1              7              
6702080778153522532           9         3:00      4                   0              9         2              6              
6702080778153522532           9         4:00      5                   0              13        1              2              
6702080778153522532           9         5:00      5                   0              13        4              2              
6702080778153522532           9         6:00      5                   0              15        3              0              
6702080778153522532           9         7:00      0                   0              13        2              2              
6702080778153522532           9         8:00      0                   0              12        1              3              
6702080778153522532           9         9:00      4                   0              11        5              4              
6702080778153522532           9         10:00     2                   0              11        2              4              
6702080778153522532           9         11:00     4                   0              13        1              2              
6702080778153522532           9         12:00     1                   0              11        3              4              
6702080778153522532           9         13:00     4                   0              12        3              3              
6702080778153522532           9         14:00     5                   0              13        4              2              
6702080778153522532           9         15:00     5                   1              15        2              0              
6702080778153522532           9         16:00     2                   0              15        3              0              
6702080778153522532           9         17:00     3                   0              12        6              3              
6702080778153522532           9         18:00     5                   1              15        1              0              
6702080778153522532           9         19:00     2                   0              15        3              0              
6702080778153522532           9         20:00     1                   0              14        2              1              
6702080778153522532           9         21:00     2                   0              13        3              2              
6702080778153522532           9         22:00     3                   0              10        6              5              
6702080778153522532           9         23:00     2                   0              10        2              5              
6702080778153522532           10        0:00      5                   0              12        3              3              
6702080778153522532           10        1:00      4                   0              11        5              4              
6702080778153522532           10        2:00      1                   0              11        1              4              
6702080778153522532           10        3:00      2                   0              12        1              3              
6702080778153522532           10        4:00      2                   0              11        3              4              
6702080778153522532           10        5:00      4                   0              13        1              2              
6702080778153522532           10        6:00      3                   0              13        3              2              
6702080778153522532           10        7:00      2                   0              9         5              6              
6702080778153522532           10        8:00      0                   0              8         1              7              
6702080778153522532           10        9:00      0                   0              6         2              9              
6702080778153522532           10        10:00     3                   0              9         0              6              
6702080778153522532           10        11:00     5                   0              11        2              4              
6702080778153522532           10        12:00     5                   0              15        0              0              
6702080778153522532           10        13:00     3                   0              14        4              1              
6702080778153522532           10        14:00     3                   1              15        1              0              
6702080778153522532           10        15:00     3                   4              15        0              0              
6702080778153522532           10        16:00     3                   7              15        0              0              
6702080778153522532           10        17:00     0                   6              15        1              0              
6702080778153522532           10        18:00     5                   9              15        2              0              
6702080778153522532           10        19:00     3                   9              15        3              0              
6702080778153522532           10        20:00     4                   12             15        1              0              
6702080778153522532           10        21:00     5                   14             15        2              0              
6702080778153522532           10        22:00     3                   13             15        4              0              
6702080778153522532           10        23:00     0                   7              15        6              0              
6702080778153522532           11        0:00      2                   5              15        4              0              
6702080778153522532           11        1:00      0                   2              15        3              0              
6702080778153522532           11        2:00      5                   4              15        3              0              
6702080778153522532           11        3:00      3                   3              15        4              0              
6702080778153522532           11        4:00      3                   4              15        2              0              
6702080778153522532           11        5:00      1                   2              15        3              0              
6702080778153522532           11        6:00      1                   1              15        2              0              
6702080778153522532           11        7:00      0                   0              13        3              2              
6702080778153522532           11        8:00      1                   0              12        2              3              
6702080778153522532           11        9:00      3                   0              13        2              2              
6702080778153522532           11        10:00     3                   0              14        2              1              
6702080778153522532           11        11:00     4                   1              15        2              0              
6702080778153522532           11        12:00     4                   0              15        5              0              
6702080778153522532           11        13:00     3                   0              14        4              1              
6702080778153522532           11        14:00     2                   1              15        0              0              
6702080778153522532           11        15:00     3                   0              15        3              0              
6702080778153522532           11        16:00     5                   2              15        3              0              
6702080778153522532           11        17:00     4                   5              15        1              0              
6702080778153522532           11        18:00     5                   7              15        3              0              
6702080778153522532           11        19:00     5                   7              15        4              0              
6702080778153522532           11        20:00     5                   10             15        1              0              
6702080778153522532           11        21:00     5                   14             15        0              0              
6702080778153522532           11        22:00     0                   11             15        3              0              
6702080778153522532           11        23:00     3                   12             15        2              0              
6702080778153522532           12        0:00      4                   15             15        1              0              
6702080778153522532           12        1:00      0                   11             15        4              0              
6702080778153522532           12        2:00      2                   13             15        0              0              
6702080778153522532           12        3:00      1                   11             15        3              0              
6702080778153522532           12        4:00      3                   11             15        2              0              
6702080778153522532           12        5:00      0                   4              15        4              0              
6702080778153522532           12        6:00      1                   1              15        2              0              
6702080778153522532           12        7:00      5                   1              15        5              0              
6702080778153522532           12        8:00      2                   0              12        6              3              
6702080778153522532           12        9:00      4                   0              13        3              2              
6702080778153522532           12        10:00     5                   1              15        2              0              
6702080778153522532           12        11:00     0                   0              11        5              4              
6702080778153522532           12        12:00     5                   0              14        2              1              
6702080778153522532           12        13:00     4                   0              14        4              1              
6702080778153522532           12        14:00     1                   0              13        2              2              
6702080778153522532           12        15:00     5                   3              15        0              0              
6702080778153522532           12        16:00     3                   5              15        1              0              
6702080778153522532           12        17:00     4                   8              15        1              0              
6702080778153522532           12        18:00     1                   6              15        3              0              
6702080778153522532           12        19:00     2                   6              15        2              0              
6702080778153522532           12        20:00     5                   7              15        3              0              
6702080778153522532           12        21:00     0                   5              15        2              0              
6702080778153522532           12        22:00     5                   5              15        5              0              
6702080778153522532           12        23:00     3                   2              15        6              0              
6702080778153522532           13        0:00      5                   6              15        1              0              
6702080778153522532           13        1:00      0                   2              15        4              0              
6702080778153522532           13        2:00      2                   2              15        2              0              
6702080778153522532           13        3:00      2                   0              13        6              2              
6702080778153522532           13        4:00      3                   0              11        5              4              
6702080778153522532           13        5:00      4                   0              14        0              1              
6702080778153522532           13        6:00      5                   2              15        2              0              
6702080778153522532           13        7:00      2                   3              15        1              0              
6702080778153522532           13        8:00      0                   1              15        2              0              
6702080778153522532           13        9:00      5                   2              15        4              0              
6702080778153522532           13        10:00     0                   0              15        2              0              
6702080778153522532           13        11:00     3                   2              15        1              0              
6702080778153522532           13        12:00     4                   4              15        2              0              
6702080778153522532           13        13:00     4                   7              15        1              0              
6702080778153522532           13        14:00     0                   2              15        5              0              
6702080778153522532           13        15:00     3                   3              15        2              0              
6702080778153522532           13        16:00     2                   0              12        8              3              
6702080778153522532           13        17:00     5                   0              12        3              3              
6702080778153522532           13        18:00     0                   0              7         5              8              
6702080778153522532           13        19:00     2                   0              9         0              6              
6702080778153522532           13        20:00     0                   0              8         1              7              
6702080778153522532           13        21:00     2                   0              8         2              7              
6702080778153522532           13        22:00     4                   0              11        1              4              
6702080778153522532           13        23:00     3                   0              12        2              3              
6702080778153522532           14        0:00      4                   0              12        4              3              
6702080778153522532           14        1:00      3                   0              12        3              3              
6702080778153522532           14        2:00      3                   0              12        3              3              
6702080778153522532           14        3:00      1                   0              13        0              2              
6702080778153522532           14        4:00      4                   0              14        3              1              
6702080778153522532           14        5:00      2                   0              14        2              1              
6702080778153522532           14        6:00      2                   0              13        3              2              
6702080778153522532           14        7:00      5                   2              15        1              0              
6702080778153522532           14        8:00      1                   2              15        1              0              
6702080778153522532           14        9:00      0                   0              14        3              1              
6702080778153522532           14        10:00     1                   0              12        2              3              
6702080778153522532           14        11:00     2                   0              14        0              1              
6702080778153522532           14        12:00     2                   0              15        1              0              
6702080778153522532           14        13:00     5                   1              15        4              0              
6702080778153522532           14        14:00     0                   0              9         7              6              
6702080778153522532           14        15:00     0                   0              8         1              7              
6702080778153522532           14        16:00     5                   0              11        2              4              
6702080778153522532           14        17:00     1                   0              10        2              5              
6702080778153522532           14        18:00     1                   0              8         3              7              
6702080778153522532           14        19:00     2                   0              8         2              7              
6702080778153522532           14        20:00     3                   0              6         5              9              
6702080778153522532           14        21:00     0                   0              5         1              10             
6702080778153522532           14        22:00     3                   0              7         1              8              
6702080778153522532           14        23:00     5                   0              8         4              7              
6702080778153522532           15        0:00      1                   0              8         1              7              
6702080778153522532           15        1:00      1                   0              7         1              8              
6702080778153522532           15        2:00      3                   0              9         1              6              
6702080778153522532           15        3:00      3                   0              10        2              5              
6702080778153522532           15        4:00      5                   0              14        1              1              
6702080778153522532           15        5:00      0                   0              10        4              5              
6702080778153522532           15        6:00      5                   0              14        1              1              
6702080778153522532           15        7:00      2                   0              14        2              1              
6702080778153522532           15        8:00      0                   0              11        3              4              
6702080778153522532           15        9:00      5                   1              15        0              0              
6702080778153522532           15        10:00     5                   3              15        3              0              
6702080778153522532           15        11:00     4                   3              15        4              0              
6702080778153522532           15        12:00     4                   4              15        2              0              
6702080778153522532           15        13:00     3                   7              15        0              0              
6702080778153522532           15        14:00     0                   3              15        4              0              
6702080778153522532           15        15:00     0                   0              13        5              2              
6702080778153522532           15        16:00     5                   1              15        1              0              
6702080778153522532           15        17:00     1                   0              14        3              1              
6702080778153522532           15        18:00     0                   0              11        3              4              
6702080778153522532           15        19:00     4                   0              14        1              1              
6702080778153522532           15        20:00     3                   2              15        0              0              
6702080778153522532           15        21:00     0                   1              15        1              0              
6702080778153522532           15        22:00     2                   0              15        3              0              
6702080778153522532           15        23:00     5                   0              15        3              0              
