Sim_N                         Day       Time      New_Patients        Waiting        Assigned  Discharged     Beds_Avail_EOH 
4512232834216850130           1         0:00      0                   0              0         0              15             
4512232834216850130           1         1:00      5                   0              5         0              10             
4512232834216850130           1         2:00      3                   0              7         1              8              
4512232834216850130           1         3:00      5                   0              9         2              6              
4512232834216850130           1         4:00      3                   0              10        2              5              
4512232834216850130           1         5:00      0                   0              9         1              6              
4512232834216850130           1         6:00      1                   0              6         4              9              
4512232834216850130           1         7:00      2                   0              7         1              8              
4512232834216850130           1         8:00      5                   0              11        1              4              
4512232834216850130           1         9:00      2                   0              11        2              4              
4512232834216850130           1         10:00     4                   0              12        3              3              
4512232834216850130           1         11:00     3                   0              13        2              2              
4512232834216850130           1         12:00     0                   0              9         4              6              
4512232834216850130           1         13:00     4                   0              10        2              5              
4512232834216850130           1         14:00     2                   0              10        2              5              
4512232834216850130           1         15:00     2                   0              9         3              6              
4512232834216850130           1         16:00     1                   0              8         2              7              
4512232834216850130           1         17:00     2                   0              7         3              8              
4512232834216850130           1         18:00     0                   0              6         1              9              
4512232834216850130           1         19:00     0                   0              5         1              10             
4512232834216850130           1         20:00     2                   0              6         1              9              
4512232834216850130           1         21:00     2                   0              4         3              11             
4512232834216850130           1         22:00     5                   0              9         0              6              
4512232834216850130           1         23:00     4                   0              7         6              8              
4512232834216850130           2         0:00      5                   0              9         2              6              
4512232834216850130           2         1:00      3                   0              10        2              5              
4512232834216850130           2         2:00      2                   0              12        0              3              
4512232834216850130           2         3:00      2                   0              11        3              4              
4512232834216850130           2         4:00      1                   0              10        2              5              
4512232834216850130           2         5:00      5                   0              13        2              2              
4512232834216850130           2         6:00      3                   1              15        0              0              
4512232834216850130           2         7:00      3                   2              15        1              0              
4512232834216850130           2         8:00      3                   4              15        1              0              
4512232834216850130           2         9:00      1                   2              15        3              0              
4512232834216850130           2         10:00     2                   0              13        6              2              
4512232834216850130           2         11:00     2                   0              11        4              4              
4512232834216850130           2         12:00     5                   0              15        1              0              
4512232834216850130           2         13:00     5                   0              15        5              0              
4512232834216850130           2         14:00     0                   0              14        1              1              
4512232834216850130           2         15:00     5                   1              15        2              0              
4512232834216850130           2         16:00     3                   2              15        2              0              
4512232834216850130           2         17:00     2                   0              15        4              0              
4512232834216850130           2         18:00     2                   0              14        3              1              
4512232834216850130           2         19:00     2                   0              13        3              2              
4512232834216850130           2         20:00     1                   0              10        4              5              
4512232834216850130           2         21:00     1                   0              9         2              6              
4512232834216850130           2         22:00     5                   0              13        1              2              
4512232834216850130           2         23:00     3                   0              15        1              0              
4512232834216850130           3         0:00      1                   0              14        2              1              
4512232834216850130           3         1:00      0                   0              13        1              2              
4512232834216850130           3         2:00      3                   0              12        4              3              
4512232834216850130           3         3:00      4                   0              14        2              1              
4512232834216850130           3         4:00      3                   0              11        6              4              
4512232834216850130           3         5:00      2                   0              10        3              5              
4512232834216850130           3         6:00      1                   0              9         2              6              
4512232834216850130           3         7:00      4                   0              13        0              2              
4512232834216850130           3         8:00      4                   0              15        2              0              
4512232834216850130           3         9:00      2                   0              15        2              0              
4512232834216850130           3         10:00     0                   0              13        2              2              
4512232834216850130           3         11:00     1                   0              12        2              3              
4512232834216850130           3         12:00     0                   0              9         3              6              
4512232834216850130           3         13:00     0                   0              8         1              7              
4512232834216850130           3         14:00     1                   0              9         0              6              
4512232834216850130           3         15:00     5                   0              11        2              4              
4512232834216850130           3         16:00     3                   0              12        2              3              
4512232834216850130           3         17:00     5                   0              12        5              3              
4512232834216850130           3         18:00     1                   0              13        0              2              
4512232834216850130           3         19:00     2                   0              12        3              3              
4512232834216850130           3         20:00     5                   0              13        4              2              
4512232834216850130           3         21:00     1                   0              12        2              3              
4512232834216850130           3         22:00     4                   0              13        2              2              
4512232834216850130           3         23:00     2                   0              14        1              1              
4512232834216850130           4         0:00      0                   0              11        3              4              
4512232834216850130           4         1:00      0                   0              8         3              7              
4512232834216850130           4         2:00      2                   0              8         2              7              
4512232834216850130           4         3:00      3                   0              9         2              6              
4512232834216850130           4         4:00      3                   0              10        2              5              
4512232834216850130           4         5:00      3                   0              10        3              5              
4512232834216850130           4         6:00      3                   0              13        0              2              
4512232834216850130           4         7:00      3                   0              14        2              1              
4512232834216850130           4         8:00      1                   0              14        1              1              
4512232834216850130           4         9:00      3                   1              15        1              0              
4512232834216850130           4         10:00     2                   0              12        6              3              
4512232834216850130           4         11:00     0                   0              9         3              6              
4512232834216850130           4         12:00     5                   0              13        1              2              
4512232834216850130           4         13:00     5                   0              15        3              0              
4512232834216850130           4         14:00     0                   0              14        1              1              
4512232834216850130           4         15:00     3                   0              15        2              0              
4512232834216850130           4         16:00     5                   2              15        3              0              
4512232834216850130           4         17:00     5                   0              15        6              0              
4512232834216850130           4         18:00     4                   3              15        1              0              
4512232834216850130           4         19:00     4                   7              15        0              0              
4512232834216850130           4         20:00     2                   7              15        2              0              
4512232834216850130           4         21:00     4                   9              15        2              0              
4512232834216850130           4         22:00     4                   9              15        4              0              
4512232834216850130           4         23:00     2                   10             15        1              0              
4512232834216850130           5         0:00      3                   10             15        3              0              
4512232834216850130           5         1:00      3                   11             15        2              0              
4512232834216850130           5         2:00      2                   11             15        2              0              
4512232834216850130           5         3:00      2                   13             15        0              0              
4512232834216850130           5         4:00      2                   14             15        1              0              
4512232834216850130           5         5:00      3                   11             15        6              0              
4512232834216850130           5         6:00      4                   5              15        8              0              
4512232834216850130           5         7:00      4                   0              15        7              0              
4512232834216850130           5         8:00      5                   0              15        5              0              
4512232834216850130           5         9:00      2                   0              14        3              1              
4512232834216850130           5         10:00     1                   0              13        2              2              
4512232834216850130           5         11:00     0                   0              12        1              3              
4512232834216850130           5         12:00     2                   0              10        4              5              
4512232834216850130           5         13:00     0                   0              10        0              5              
4512232834216850130           5         14:00     0                   0              10        0              5              
4512232834216850130           5         15:00     2                   0              10        2              5              
4512232834216850130           5         16:00     5                   0              11        4              4              
4512232834216850130           5         17:00     2                   0              8         5              7              
4512232834216850130           5         18:00     5                   0              11        1              4              
4512232834216850130           5         19:00     3                   0              12        2              3              
4512232834216850130           5         20:00     0                   0              12        0              3              
4512232834216850130           5         21:00     3                   0              11        4              4              
4512232834216850130           5         22:00     4                   0              14        1              1              
4512232834216850130           5         23:00     2                   0              11        4              4              
4512232834216850130           6         0:00      2                   0              12        1              3              
4512232834216850130           6         1:00      2                   0              14        0              1              
4512232834216850130           6         2:00      0                   0              12        2              3              
4512232834216850130           6         3:00      2                   0              12        2              3              
4512232834216850130           6         4:00      0                   0              9         3              6              
4512232834216850130           6         5:00      1                   0              9         1              6              
4512232834216850130           6         6:00      0                   0              9         0              6              
4512232834216850130           6         7:00      3                   0              11        1              4              
4512232834216850130           6         8:00      3                   0              11        2              4              
4512232834216850130           6         9:00      3                   0              11        3              4              
4512232834216850130           6         10:00     0                   0              9         2              6              
4512232834216850130           6         11:00     0                   0              6         3              9              
4512232834216850130           6         12:00     0                   0              5         1              10             
4512232834216850130           6         13:00     0                   0              5         0              10             
4512232834216850130           6         14:00     2                   0              6         1              9              
4512232834216850130           6         15:00     5                   0              11        0              4              
4512232834216850130           6         16:00     3                   0              13        1              2              
4512232834216850130           6         17:00     2                   0              14        1              1              
4512232834216850130           6         18:00     3                   0              12        5              3              
4512232834216850130           6         19:00     2                   0              13        1              2              
4512232834216850130           6         20:00     1                   0              11        3              4              
4512232834216850130           6         21:00     4                   0              13        2              2              
4512232834216850130           6         22:00     2                   0              12        3              3              
4512232834216850130           6         23:00     2                   0              11        2              4              
4512232834216850130           7         0:00      1                   0              9         3              6              
4512232834216850130           7         1:00      2                   0              11        0              4              
4512232834216850130           7         2:00      0                   0              9         2              6              
4512232834216850130           7         3:00      5                   0              13        1              2              
4512232834216850130           7         4:00      4                   0              15        2              0              
4512232834216850130           7         5:00      4                   0              15        4              0              
4512232834216850130           7         6:00      4                   3              15        1              0              
4512232834216850130           7         7:00      4                   3              15        3              0              
4512232834216850130           7         8:00      2                   3              15        2              0              
4512232834216850130           7         9:00      5                   6              15        2              0              
4512232834216850130           7         10:00     3                   8              15        1              0              
4512232834216850130           7         11:00     0                   7              15        1              0              
4512232834216850130           7         12:00     5                   10             15        2              0              
4512232834216850130           7         13:00     5                   12             15        3              0              
4512232834216850130           7         14:00     4                   9              15        6              0              
4512232834216850130           7         15:00     2                   8              15        3              0              
4512232834216850130           7         16:00     2                   7              15        3              0              
4512232834216850130           7         17:00     0                   4              15        3              0              
4512232834216850130           7         18:00     2                   0              15        6              0              
4512232834216850130           7         19:00     0                   0              13        2              2              
4512232834216850130           7         20:00     1                   0              12        2              3              
4512232834216850130           7         21:00     0                   0              9         3              6              
4512232834216850130           7         22:00     3                   0              11        1              4              
4512232834216850130           7         23:00     4                   0              13        1              2              
4512232834216850130           8         0:00      2                   0              13        2              2              
4512232834216850130           8         1:00      1                   0              11        3              4              
4512232834216850130           8         2:00      1                   0              9         3              6              
4512232834216850130           8         3:00      1                   0              10        0              5              
4512232834216850130           8         4:00      4                   0              11        3              4              
4512232834216850130           8         5:00      3                   0              14        0              1              
4512232834216850130           8         6:00      3                   0              12        5              3              
4512232834216850130           8         7:00      1                   0              10        3              5              
4512232834216850130           8         8:00      5                   0              12        3              3              
4512232834216850130           8         9:00      1                   0              10        3              5              
4512232834216850130           8         10:00     4                   0              13        1              2              
4512232834216850130           8         11:00     3                   0              14        2              1              
4512232834216850130           8         12:00     0                   0              7         7              8              
4512232834216850130           8         13:00     4                   0              11        0              4              
4512232834216850130           8         14:00     5                   0              15        0              0              
4512232834216850130           8         15:00     2                   0              12        5              3              
4512232834216850130           8         16:00     3                   0              12        3              3              
4512232834216850130           8         17:00     2                   0              12        2              3              
4512232834216850130           8         18:00     0                   0              9         3              6              
4512232834216850130           8         19:00     3                   0              10        2              5              
4512232834216850130           8         20:00     1                   0              8         3              7              
4512232834216850130           8         21:00     5                   0              12        1              3              
4512232834216850130           8         22:00     2                   0              11        2              4              
4512232834216850130           8         23:00     1                   0              7         5              8              
4512232834216850130           9         0:00      1                   0              5         3              10             
4512232834216850130           9         1:00      3                   0              7         1              8              
4512232834216850130           9         2:00      2                   0              7         2              8              
4512232834216850130           9         3:00      0                   0              6         1              9              
4512232834216850130           9         4:00      4                   0              7         2              8              
4512232834216850130           9         5:00      5                   0              10        1              5              
4512232834216850130           9         6:00      3                   0              12        1              3              
4512232834216850130           9         7:00      5                   0              12        4              3              
4512232834216850130           9         8:00      4                   0              14        2              1              
4512232834216850130           9         9:00      3                   1              15        1              0              
4512232834216850130           9         10:00     5                   1              15        5              0              
4512232834216850130           9         11:00     5                   5              15        1              0              
4512232834216850130           9         12:00     5                   9              15        1              0              
4512232834216850130           9         13:00     1                   7              15        3              0              
4512232834216850130           9         14:00     1                   7              15        1              0              
4512232834216850130           9         15:00     1                   7              15        1              0              
4512232834216850130           9         16:00     5                   11             15        1              0              
4512232834216850130           9         17:00     3                   12             15        2              0              
4512232834216850130           9         18:00     3                   12             15        3              0              
4512232834216850130           9         19:00     3                   12             15        3              0              
4512232834216850130           9         20:00     3                   11             15        4              0              
4512232834216850130           9         21:00     5                   14             15        2              0              
4512232834216850130           9         22:00     3                   11             15        5              0              
4512232834216850130           9         23:00     1                   4              15        7              0              
4512232834216850130           10        0:00      1                   0              15        3              0              
4512232834216850130           10        1:00      5                   5              15        0              0              
4512232834216850130           10        2:00      0                   1              15        4              0              
4512232834216850130           10        3:00      3                   2              15        1              0              
4512232834216850130           10        4:00      0                   0              13        4              2              
4512232834216850130           10        5:00      0                   0              11        2              4              
4512232834216850130           10        6:00      2                   0              10        3              5              
4512232834216850130           10        7:00      1                   0              11        0              4              
4512232834216850130           10        8:00      0                   0              9         2              6              
4512232834216850130           10        9:00      5                   0              11        2              4              
4512232834216850130           10        10:00     0                   0              8         3              7              
4512232834216850130           10        11:00     0                   0              6         2              9              
4512232834216850130           10        12:00     1                   0              6         1              9              
4512232834216850130           10        13:00     1                   0              6         1              9              
4512232834216850130           10        14:00     5                   0              10        1              5              
4512232834216850130           10        15:00     3                   0              12        1              3              
4512232834216850130           10        16:00     3                   0              13        1              2              
4512232834216850130           10        17:00     3                   0              14        2              1              
4512232834216850130           10        18:00     5                   0              15        4              0              
4512232834216850130           10        19:00     5                   1              15        3              0              
4512232834216850130           10        20:00     4                   0              14        5              1              
4512232834216850130           10        21:00     4                   0              15        3              0              
4512232834216850130           10        22:00     1                   0              12        4              3              
4512232834216850130           10        23:00     0                   0              9         3              6              
4512232834216850130           11        0:00      5                   0              11        3              4              
4512232834216850130           11        1:00      5                   0              14        2              1              
4512232834216850130           11        2:00      5                   0              13        6              2              
4512232834216850130           11        3:00      4                   0              14        3              1              
4512232834216850130           11        4:00      0                   0              10        4              5              
4512232834216850130           11        5:00      2                   0              9         3              6              
4512232834216850130           11        6:00      4                   0              11        2              4              
4512232834216850130           11        7:00      1                   0              9         3              6              
4512232834216850130           11        8:00      1                   0              8         2              7              
4512232834216850130           11        9:00      4                   0              10        2              5              
4512232834216850130           11        10:00     0                   0              9         1              6              
4512232834216850130           11        11:00     4                   0              9         4              6              
4512232834216850130           11        12:00     1                   0              8         2              7              
4512232834216850130           11        13:00     2                   0              7         3              8              
4512232834216850130           11        14:00     3                   0              8         2              7              
4512232834216850130           11        15:00     2                   0              9         1              6              
4512232834216850130           11        16:00     4                   0              12        1              3              
4512232834216850130           11        17:00     0                   0              8         4              7              
4512232834216850130           11        18:00     3                   0              10        1              5              
4512232834216850130           11        19:00     0                   0              8         2              7              
4512232834216850130           11        20:00     4                   0              8         4              7              
4512232834216850130           11        21:00     3                   0              9         2              6              
4512232834216850130           11        22:00     3                   0              8         3              7              
4512232834216850130           11        23:00     2                   0              5         5              10             
4512232834216850130           12        0:00      0                   0              4         1              11             
4512232834216850130           12        1:00      0                   0              4         0              11             
4512232834216850130           12        2:00      5                   0              8         1              7              
4512232834216850130           12        3:00      2                   0              9         1              6              
4512232834216850130           12        4:00      1                   0              8         2              7              
4512232834216850130           12        5:00      3                   0              9         2              6              
4512232834216850130           12        6:00      0                   0              8         1              7              
4512232834216850130           12        7:00      5                   0              11        2              4              
4512232834216850130           12        8:00      4                   0              13        2              2              
4512232834216850130           12        9:00      1                   0              12        2              3              
4512232834216850130           12        10:00     2                   0              13        1              2              
4512232834216850130           12        11:00     1                   0              10        4              5              
4512232834216850130           12        12:00     0                   0              10        0              5              
4512232834216850130           12        13:00     3                   0              13        0              2              
4512232834216850130           12        14:00     4                   0              13        4              2              
4512232834216850130           12        15:00     5                   0              14        4              1              
4512232834216850130           12        16:00     1                   0              13        2              2              
4512232834216850130           12        17:00     5                   0              14        4              1              
4512232834216850130           12        18:00     1                   0              12        3              3              
4512232834216850130           12        19:00     2                   0              13        0              2              
4512232834216850130           12        20:00     5                   1              15        2              0              
4512232834216850130           12        21:00     4                   2              15        3              0              
4512232834216850130           12        22:00     5                   5              15        2              0              
4512232834216850130           12        23:00     0                   2              15        3              0              
4512232834216850130           13        0:00      1                   0              15        3              0              
4512232834216850130           13        1:00      3                   0              15        3              0              
4512232834216850130           13        2:00      5                   0              15        5              0              
4512232834216850130           13        3:00      4                   1              15        3              0              
4512232834216850130           13        4:00      3                   4              15        0              0              
4512232834216850130           13        5:00      3                   7              15        0              0              
4512232834216850130           13        6:00      4                   10             15        1              0              
4512232834216850130           13        7:00      0                   8              15        2              0              
4512232834216850130           13        8:00      0                   8              15        0              0              
4512232834216850130           13        9:00      1                   8              15        1              0              
4512232834216850130           13        10:00     3                   9              15        2              0              
4512232834216850130           13        11:00     2                   5              15        6              0              
4512232834216850130           13        12:00     4                   7              15        2              0              
4512232834216850130           13        13:00     3                   7              15        3              0              
4512232834216850130           13        14:00     4                   8              15        3              0              
4512232834216850130           13        15:00     3                   7              15        4              0              
4512232834216850130           13        16:00     1                   2              15        4              0              
4512232834216850130           13        17:00     3                   2              15        2              0              
4512232834216850130           13        18:00     2                   3              15        1              0              
4512232834216850130           13        19:00     2                   2              15        2              0              
4512232834216850130           13        20:00     5                   4              15        3              0              
4512232834216850130           13        21:00     5                   7              15        2              0              
4512232834216850130           13        22:00     4                   7              15        3              0              
4512232834216850130           13        23:00     4                   11             15        0              0              
4512232834216850130           14        0:00      3                   10             15        3              0              
4512232834216850130           14        1:00      5                   13             15        2              0              
4512232834216850130           14        2:00      3                   13             15        3              0              
4512232834216850130           14        3:00      2                   13             15        2              0              
4512232834216850130           14        4:00      3                   15             15        1              0              
4512232834216850130           14        5:00      2                   14             15        2              0              
4512232834216850130           14        6:00      2                   14             15        2              0              
4512232834216850130           14        7:00      4                   16             15        1              0              
4512232834216850130           14        8:00      0                   13             15        1              0              
4512232834216850130           14        9:00      3                   9              15        5              0              
4512232834216850130           14        10:00     2                   8              15        3              0              
4512232834216850130           14        11:00     3                   3              15        6              0              
4512232834216850130           14        12:00     2                   0              14        5              1              
4512232834216850130           14        13:00     0                   0              12        2              3              
4512232834216850130           14        14:00     0                   0              9         3              6              
4512232834216850130           14        15:00     2                   0              10        1              5              
4512232834216850130           14        16:00     5                   0              12        3              3              
4512232834216850130           14        17:00     4                   0              13        3              2              
4512232834216850130           14        18:00     1                   0              12        2              3              
4512232834216850130           14        19:00     1                   0              13        0              2              
4512232834216850130           14        20:00     5                   2              15        1              0              
4512232834216850130           14        21:00     3                   2              15        3              0              
4512232834216850130           14        22:00     1                   0              15        3              0              
4512232834216850130           14        23:00     2                   0              15        2              0              
4512232834216850130           15        0:00      5                   3              15        2              0              
4512232834216850130           15        1:00      3                   5              15        1              0              
4512232834216850130           15        2:00      3                   7              15        1              0              
4512232834216850130           15        3:00      5                   11             15        1              0              
4512232834216850130           15        4:00      3                   13             15        1              0              
4512232834216850130           15        5:00      1                   10             15        4              0              
4512232834216850130           15        6:00      2                   10             15        2              0              
4512232834216850130           15        7:00      5                   12             15        3              0              
4512232834216850130           15        8:00      4                   10             15        5              0              
4512232834216850130           15        9:00      1                   5              15        6              0              
4512232834216850130           15        10:00     4                   6              15        3              0              
4512232834216850130           15        11:00     3                   6              15        2              0              
4512232834216850130           15        12:00     0                   0              14        7              1              
4512232834216850130           15        13:00     4                   2              15        0              0              
4512232834216850130           15        14:00     0                   1              15        1              0              
4512232834216850130           15        15:00     5                   4              15        2              0              
4512232834216850130           15        16:00     4                   7              15        1              0              
4512232834216850130           15        17:00     5                   10             15        1              0              
4512232834216850130           15        18:00     3                   11             15        2              0              
4512232834216850130           15        19:00     0                   8              15        3              0              
4512232834216850130           15        20:00     1                   8              15        1              0              
4512232834216850130           15        21:00     4                   7              15        5              0              
4512232834216850130           15        22:00     4                   9              15        2              0              
4512232834216850130           15        23:00     5                   9              15        4              0              
