Sim_N                         Day       AVG_SF_per_Day      
7681317403238721568           1         4.98                
7681317403238721568           2         4.56                
7681317403238721568           3         4.97                
7681317403238721568           4         4.95                
7681317403238721568           5         4.93                
7681317403238721568           6         4.99                
7681317403238721568           7         5.00                
7681317403238721568           8         4.92                
7681317403238721568           9         4.88                
7681317403238721568           10        4.90                
7681317403238721568           11        4.97                
7681317403238721568           12        4.71                
7681317403238721568           13        4.40                
7681317403238721568           14        5.00                
7681317403238721568           15        4.87                
