Sim_N                         Day       AVG_SF_per_Day      
7523522014672562972           1         5.00                
7523522014672562972           2         4.12                
7523522014672562972           3         4.18                
7523522014672562972           4         4.94                
7523522014672562972           5         5.00                
7523522014672562972           6         5.00                
7523522014672562972           7         4.99                
7523522014672562972           8         4.71                
7523522014672562972           9         5.00                
7523522014672562972           10        5.00                
7523522014672562972           11        4.57                
7523522014672562972           12        5.00                
7523522014672562972           13        4.85                
7523522014672562972           14        5.00                
7523522014672562972           15        5.00                
