Sim_N                         Day       AVG_SF_per_Day      
8292408689428557749           1         4.88                
8292408689428557749           2         4.90                
8292408689428557749           3         4.96                
8292408689428557749           4         4.99                
8292408689428557749           5         5.00                
8292408689428557749           6         4.77                
8292408689428557749           7         4.99                
8292408689428557749           8         4.91                
8292408689428557749           9         4.74                
8292408689428557749           10        4.97                
8292408689428557749           11        4.71                
8292408689428557749           12        4.84                
8292408689428557749           13        4.96                
8292408689428557749           14        5.00                
8292408689428557749           15        5.00                
