Sim_N                         Day       AVG_SF_per_Day      
6678888530223425391           1         4.82                
6678888530223425391           2         5.00                
6678888530223425391           3         4.93                
6678888530223425391           4         5.00                
6678888530223425391           5         4.97                
6678888530223425391           6         4.86                
6678888530223425391           7         5.00                
6678888530223425391           8         4.95                
6678888530223425391           9         4.90                
6678888530223425391           10        4.99                
6678888530223425391           11        4.97                
6678888530223425391           12        5.00                
6678888530223425391           13        4.45                
6678888530223425391           14        4.97                
6678888530223425391           15        5.00                
