Sim_N                         Day       AVG_SF_per_Day      
6082070353569981902           1         5.00                
6082070353569981902           2         5.00                
6082070353569981902           3         4.99                
6082070353569981902           4         5.00                
6082070353569981902           5         4.99                
6082070353569981902           6         4.93                
6082070353569981902           7         5.00                
6082070353569981902           8         4.99                
6082070353569981902           9         4.94                
6082070353569981902           10        4.97                
6082070353569981902           11        5.00                
6082070353569981902           12        5.00                
6082070353569981902           13        4.97                
6082070353569981902           14        4.99                
6082070353569981902           15        4.87                
