Sim_N                         Day       AVG_SF_per_Day      
2411388881927679246           1         4.80                
2411388881927679246           2         4.87                
2411388881927679246           3         4.66                
2411388881927679246           4         4.81                
2411388881927679246           5         4.49                
2411388881927679246           6         4.96                
2411388881927679246           7         5.00                
2411388881927679246           8         5.00                
2411388881927679246           9         4.98                
2411388881927679246           10        5.00                
2411388881927679246           11        4.98                
2411388881927679246           12        4.84                
2411388881927679246           13        4.93                
2411388881927679246           14        4.93                
2411388881927679246           15        4.96                
