Sim_N                         Day       AVG_SF_per_Day      
2100494274449120467           1         4.79                
2100494274449120467           2         4.96                
2100494274449120467           3         4.96                
2100494274449120467           4         4.95                
2100494274449120467           5         4.85                
2100494274449120467           6         4.87                
2100494274449120467           7         4.97                
2100494274449120467           8         4.97                
2100494274449120467           9         5.00                
2100494274449120467           10        5.00                
2100494274449120467           11        4.99                
2100494274449120467           12        5.00                
2100494274449120467           13        4.98                
2100494274449120467           14        4.88                
2100494274449120467           15        5.00                
