Sim_N                         Day       AVG_SF_per_Day      
8861570598401269163           1         5.00                
8861570598401269163           2         4.99                
8861570598401269163           3         4.82                
8861570598401269163           4         5.00                
8861570598401269163           5         4.64                
8861570598401269163           6         5.00                
8861570598401269163           7         4.97                
8861570598401269163           8         5.00                
8861570598401269163           9         4.88                
8861570598401269163           10        4.91                
8861570598401269163           11        5.00                
8861570598401269163           12        5.00                
8861570598401269163           13        4.94                
8861570598401269163           14        4.84                
8861570598401269163           15        5.00                
