Sim_N                         Day       AVG_SF_per_Day      
5235409192268654498           1         5.00                
5235409192268654498           2         5.00                
5235409192268654498           3         4.98                
5235409192268654498           4         5.00                
5235409192268654498           5         4.95                
5235409192268654498           6         4.99                
5235409192268654498           7         4.81                
5235409192268654498           8         4.95                
5235409192268654498           9         5.00                
5235409192268654498           10        5.00                
5235409192268654498           11        5.00                
5235409192268654498           12        4.78                
5235409192268654498           13        3.97                
5235409192268654498           14        4.85                
5235409192268654498           15        5.00                
