Sim_N                         Day       AVG_SF_per_Day      
941130199275515455            1         4.99                
941130199275515455            2         5.00                
941130199275515455            3         5.00                
941130199275515455            4         4.98                
941130199275515455            5         4.96                
941130199275515455            6         4.83                
941130199275515455            7         4.99                
941130199275515455            8         4.99                
941130199275515455            9         4.20                
941130199275515455            10        3.78                
941130199275515455            11        4.73                
941130199275515455            12        5.00                
941130199275515455            13        4.91                
941130199275515455            14        5.00                
941130199275515455            15        5.00                
