Sim_N                         Day       AVG_SF_per_Day      
7347842602518037271           1         5.00                
7347842602518037271           2         4.99                
7347842602518037271           3         5.00                
7347842602518037271           4         4.89                
7347842602518037271           5         5.00                
7347842602518037271           6         5.00                
7347842602518037271           7         5.00                
7347842602518037271           8         4.82                
7347842602518037271           9         4.93                
7347842602518037271           10        4.93                
7347842602518037271           11        5.00                
7347842602518037271           12        5.00                
7347842602518037271           13        5.00                
7347842602518037271           14        4.38                
7347842602518037271           15        4.73                
