Sim_N                         Day       AVG_SF_per_Day      
9194002208815287221           1         5.00                
9194002208815287221           2         5.00                
9194002208815287221           3         4.96                
9194002208815287221           4         4.99                
9194002208815287221           5         5.00                
9194002208815287221           6         4.98                
9194002208815287221           7         4.96                
9194002208815287221           8         4.98                
9194002208815287221           9         4.99                
9194002208815287221           10        5.00                
9194002208815287221           11        5.00                
9194002208815287221           12        5.00                
9194002208815287221           13        4.97                
9194002208815287221           14        4.95                
9194002208815287221           15        5.00                
