Sim_N                         Day       Time      New_Patients        Waiting        Assigned  Discharged     Beds_Avail_EOH 
465747928677067698            1         0:00      5                   0              5         0              3              
465747928677067698            1         1:00      0                   0              1         4              7              
465747928677067698            1         2:00      3                   0              3         1              5              
465747928677067698            1         3:00      4                   0              6         1              2              
465747928677067698            1         4:00      4                   0              8         2              0              
465747928677067698            1         5:00      5                   4              8         0              0              
465747928677067698            1         6:00      2                   6              8         0              0              
465747928677067698            1         7:00      0                   4              8         2              0              
465747928677067698            1         8:00      5                   9              8         0              0              
465747928677067698            1         9:00      5                   13             8         0              0              
465747928677067698            1         10:00     0                   12             8         1              0              
465747928677067698            1         11:00     5                   17             8         0              0              
465747928677067698            1         12:00     3                   18             8         2              0              
465747928677067698            1         13:00     2                   19             8         1              0              
465747928677067698            1         14:00     3                   20             8         2              0              
465747928677067698            1         15:00     4                   23             8         1              0              
465747928677067698            1         16:00     4                   24             8         3              0              
465747928677067698            1         17:00     2                   22             8         2              0              
465747928677067698            1         18:00     0                   20             8         1              0              
465747928677067698            1         19:00     3                   20             8         2              0              
465747928677067698            1         20:00     5                   21             8         1              0              
465747928677067698            1         21:00     2                   18             8         2              0              
465747928677067698            1         22:00     5                   20             8         0              0              
465747928677067698            1         23:00     5                   21             8         2              0              
465747928677067698            2         0:00      5                   21             8         2              0              
465747928677067698            2         1:00      3                   21             8         1              0              
465747928677067698            2         2:00      2                   18             8         5              0              
465747928677067698            2         3:00      5                   20             8         0              0              
465747928677067698            2         4:00      4                   17             8         4              0              
465747928677067698            2         5:00      1                   17             8         1              0              
465747928677067698            2         6:00      3                   17             8         3              0              
465747928677067698            2         7:00      1                   17             8         1              0              
465747928677067698            2         8:00      3                   15             8         1              0              
465747928677067698            2         9:00      5                   18             8         1              0              
465747928677067698            2         10:00     0                   15             8         1              0              
465747928677067698            2         11:00     4                   13             8         1              0              
465747928677067698            2         12:00     3                   13             8         1              0              
465747928677067698            2         13:00     5                   16             8         2              0              
465747928677067698            2         14:00     1                   16             8         1              0              
465747928677067698            2         15:00     1                   11             8         4              0              
465747928677067698            2         16:00     1                   10             8         2              0              
465747928677067698            2         17:00     5                   11             8         1              0              
465747928677067698            2         18:00     2                   12             8         1              0              
465747928677067698            2         19:00     5                   15             8         2              0              
465747928677067698            2         20:00     2                   16             8         1              0              
465747928677067698            2         21:00     1                   13             8         1              0              
465747928677067698            2         22:00     3                   14             8         0              0              
465747928677067698            2         23:00     1                   10             8         3              0              
465747928677067698            3         0:00      1                   7              8         3              0              
465747928677067698            3         1:00      0                   6              8         0              0              
465747928677067698            3         2:00      1                   7              8         0              0              
465747928677067698            3         3:00      3                   10             8         0              0              
465747928677067698            3         4:00      2                   11             8         1              0              
465747928677067698            3         5:00      2                   10             8         3              0              
465747928677067698            3         6:00      0                   5              8         2              0              
465747928677067698            3         7:00      3                   4              8         2              0              
465747928677067698            3         8:00      0                   3              8         1              0              
465747928677067698            3         9:00      2                   5              8         0              0              
465747928677067698            3         10:00     2                   5              8         2              0              
465747928677067698            3         11:00     4                   7              8         2              0              
465747928677067698            3         12:00     4                   9              8         2              0              
465747928677067698            3         13:00     5                   11             8         1              0              
465747928677067698            3         14:00     4                   14             8         1              0              
465747928677067698            3         15:00     0                   11             8         1              0              
465747928677067698            3         16:00     4                   15             8         0              0              
465747928677067698            3         17:00     3                   17             8         1              0              
465747928677067698            3         18:00     2                   18             8         1              0              
465747928677067698            3         19:00     2                   18             8         2              0              
465747928677067698            3         20:00     0                   16             8         2              0              
465747928677067698            3         21:00     5                   15             8         5              0              
465747928677067698            3         22:00     0                   14             8         0              0              
465747928677067698            3         23:00     0                   12             8         2              0              
465747928677067698            4         0:00      3                   9              8         2              0              
465747928677067698            4         1:00      1                   6              8         2              0              
465747928677067698            4         2:00      2                   6              8         1              0              
465747928677067698            4         3:00      3                   6              8         1              0              
465747928677067698            4         4:00      2                   6              8         1              0              
465747928677067698            4         5:00      4                   8              8         1              0              
465747928677067698            4         6:00      1                   8              8         1              0              
465747928677067698            4         7:00      1                   9              8         0              0              
465747928677067698            4         8:00      5                   14             8         0              0              
465747928677067698            4         9:00      3                   16             8         1              0              
465747928677067698            4         10:00     3                   14             8         5              0              
465747928677067698            4         11:00     1                   13             8         2              0              
465747928677067698            4         12:00     3                   15             8         1              0              
465747928677067698            4         13:00     1                   15             8         1              0              
465747928677067698            4         14:00     5                   18             8         0              0              
465747928677067698            4         15:00     2                   17             8         2              0              
465747928677067698            4         16:00     5                   17             8         4              0              
465747928677067698            4         17:00     1                   14             8         2              0              
465747928677067698            4         18:00     3                   13             8         1              0              
465747928677067698            4         19:00     1                   12             8         1              0              
465747928677067698            4         20:00     5                   14             8         1              0              
465747928677067698            4         21:00     5                   16             8         1              0              
465747928677067698            4         22:00     3                   17             8         2              0              
465747928677067698            4         23:00     0                   17             8         0              0              
465747928677067698            5         0:00      2                   19             8         0              0              
465747928677067698            5         1:00      0                   15             8         1              0              
465747928677067698            5         2:00      4                   16             8         2              0              
465747928677067698            5         3:00      4                   15             8         3              0              
465747928677067698            5         4:00      4                   17             8         2              0              
465747928677067698            5         5:00      1                   15             8         2              0              
465747928677067698            5         6:00      5                   19             8         0              0              
465747928677067698            5         7:00      0                   17             8         2              0              
465747928677067698            5         8:00      3                   15             8         3              0              
465747928677067698            5         9:00      3                   14             8         2              0              
465747928677067698            5         10:00     4                   12             8         1              0              
465747928677067698            5         11:00     4                   14             8         2              0              
465747928677067698            5         12:00     1                   13             8         1              0              
465747928677067698            5         13:00     1                   12             8         2              0              
465747928677067698            5         14:00     0                   11             8         0              0              
465747928677067698            5         15:00     4                   12             8         2              0              
465747928677067698            5         16:00     3                   12             8         2              0              
465747928677067698            5         17:00     0                   9              8         2              0              
465747928677067698            5         18:00     0                   6              8         1              0              
465747928677067698            5         19:00     1                   5              8         2              0              
465747928677067698            5         20:00     3                   8              8         0              0              
465747928677067698            5         21:00     1                   7              8         2              0              
465747928677067698            5         22:00     2                   7              8         0              0              
465747928677067698            5         23:00     1                   2              8         3              0              
465747928677067698            6         0:00      1                   2              8         1              0              
465747928677067698            6         1:00      5                   7              8         0              0              
465747928677067698            6         2:00      1                   7              8         1              0              
465747928677067698            6         3:00      3                   8              8         2              0              
465747928677067698            6         4:00      4                   10             8         2              0              
465747928677067698            6         5:00      5                   14             8         1              0              
465747928677067698            6         6:00      5                   17             8         2              0              
465747928677067698            6         7:00      2                   17             8         2              0              
465747928677067698            6         8:00      0                   14             8         2              0              
465747928677067698            6         9:00      2                   16             8         0              0              
465747928677067698            6         10:00     1                   16             8         1              0              
465747928677067698            6         11:00     2                   18             8         0              0              
465747928677067698            6         12:00     0                   18             8         0              0              
465747928677067698            6         13:00     4                   17             8         0              0              
465747928677067698            6         14:00     5                   22             8         0              0              
465747928677067698            6         15:00     4                   26             8         0              0              
465747928677067698            6         16:00     3                   26             8         2              0              
465747928677067698            6         17:00     1                   20             8         1              0              
465747928677067698            6         18:00     2                   16             8         4              0              
465747928677067698            6         19:00     0                   11             8         5              0              
465747928677067698            6         20:00     5                   11             8         5              0              
465747928677067698            6         21:00     5                   15             8         0              0              
465747928677067698            6         22:00     0                   11             8         3              0              
465747928677067698            6         23:00     1                   9              8         1              0              
465747928677067698            7         0:00      2                   9              8         2              0              
465747928677067698            7         1:00      2                   8              8         1              0              
465747928677067698            7         2:00      3                   5              8         3              0              
465747928677067698            7         3:00      1                   3              8         3              0              
465747928677067698            7         4:00      0                   3              8         0              0              
465747928677067698            7         5:00      3                   3              8         2              0              
465747928677067698            7         6:00      3                   6              8         0              0              
465747928677067698            7         7:00      3                   9              8         0              0              
465747928677067698            7         8:00      1                   8              8         2              0              
465747928677067698            7         9:00      5                   10             8         0              0              
465747928677067698            7         10:00     0                   8              8         2              0              
465747928677067698            7         11:00     2                   10             8         0              0              
465747928677067698            7         12:00     4                   12             8         1              0              
465747928677067698            7         13:00     2                   13             8         1              0              
465747928677067698            7         14:00     5                   15             8         2              0              
465747928677067698            7         15:00     3                   17             8         1              0              
465747928677067698            7         16:00     2                   17             8         2              0              
465747928677067698            7         17:00     5                   21             8         1              0              
465747928677067698            7         18:00     4                   21             8         1              0              
465747928677067698            7         19:00     5                   20             8         4              0              
465747928677067698            7         20:00     3                   18             8         3              0              
465747928677067698            7         21:00     4                   18             8         3              0              
465747928677067698            7         22:00     5                   20             8         1              0              
465747928677067698            7         23:00     4                   21             8         1              0              
465747928677067698            8         0:00      5                   24             8         1              0              
465747928677067698            8         1:00      3                   24             8         1              0              
465747928677067698            8         2:00      4                   24             8         2              0              
465747928677067698            8         3:00      0                   22             8         0              0              
465747928677067698            8         4:00      4                   24             8         1              0              
465747928677067698            8         5:00      0                   20             8         0              0              
465747928677067698            8         6:00      0                   17             8         0              0              
465747928677067698            8         7:00      5                   21             8         1              0              
465747928677067698            8         8:00      5                   26             8         0              0              
465747928677067698            8         9:00      3                   25             8         1              0              
465747928677067698            8         10:00     3                   25             8         3              0              
465747928677067698            8         11:00     1                   22             8         2              0              
465747928677067698            8         12:00     5                   19             8         3              0              
465747928677067698            8         13:00     4                   18             8         1              0              
465747928677067698            8         14:00     4                   19             8         2              0              
465747928677067698            8         15:00     1                   15             8         3              0              
465747928677067698            8         16:00     1                   12             8         3              0              
465747928677067698            8         17:00     2                   10             8         3              0              
465747928677067698            8         18:00     0                   9              8         1              0              
465747928677067698            8         19:00     1                   8              8         0              0              
465747928677067698            8         20:00     4                   8              8         0              0              
465747928677067698            8         21:00     1                   7              8         0              0              
465747928677067698            8         22:00     3                   9              8         1              0              
465747928677067698            8         23:00     1                   8              8         2              0              
465747928677067698            9         0:00      4                   10             8         2              0              
465747928677067698            9         1:00      2                   10             8         1              0              
465747928677067698            9         2:00      4                   13             8         1              0              
465747928677067698            9         3:00      4                   14             8         2              0              
465747928677067698            9         4:00      5                   18             8         1              0              
465747928677067698            9         5:00      1                   16             8         3              0              
465747928677067698            9         6:00      1                   16             8         1              0              
465747928677067698            9         7:00      1                   16             8         1              0              
465747928677067698            9         8:00      1                   14             8         1              0              
465747928677067698            9         9:00      1                   12             8         0              0              
465747928677067698            9         10:00     2                   11             8         2              0              
465747928677067698            9         11:00     1                   11             8         1              0              
465747928677067698            9         12:00     3                   12             8         0              0              
465747928677067698            9         13:00     1                   10             8         1              0              
465747928677067698            9         14:00     4                   13             8         1              0              
465747928677067698            9         15:00     3                   13             8         0              0              
465747928677067698            9         16:00     4                   15             8         0              0              
465747928677067698            9         17:00     1                   9              8         7              0              
465747928677067698            9         18:00     0                   6              8         3              0              
465747928677067698            9         19:00     5                   9              8         2              0              
465747928677067698            9         20:00     4                   11             8         2              0              
465747928677067698            9         21:00     5                   11             8         3              0              
465747928677067698            9         22:00     3                   13             8         1              0              
465747928677067698            9         23:00     3                   15             8         1              0              
465747928677067698            10        0:00      4                   16             8         1              0              
465747928677067698            10        1:00      0                   13             8         1              0              
465747928677067698            10        2:00      4                   14             8         3              0              
465747928677067698            10        3:00      2                   14             8         2              0              
465747928677067698            10        4:00      1                   15             8         0              0              
465747928677067698            10        5:00      1                   15             8         1              0              
465747928677067698            10        6:00      4                   19             8         0              0              
465747928677067698            10        7:00      4                   19             8         1              0              
465747928677067698            10        8:00      1                   18             8         1              0              
465747928677067698            10        9:00      1                   17             8         0              0              
465747928677067698            10        10:00     4                   19             8         0              0              
465747928677067698            10        11:00     0                   16             8         1              0              
465747928677067698            10        12:00     0                   11             8         3              0              
465747928677067698            10        13:00     1                   10             8         2              0              
465747928677067698            10        14:00     2                   8              8         3              0              
465747928677067698            10        15:00     5                   9              8         3              0              
465747928677067698            10        16:00     2                   9              8         1              0              
465747928677067698            10        17:00     3                   10             8         2              0              
465747928677067698            10        18:00     1                   7              8         1              0              
465747928677067698            10        19:00     2                   6              8         1              0              
465747928677067698            10        20:00     5                   5              8         6              0              
465747928677067698            10        21:00     0                   2              8         3              0              
465747928677067698            10        22:00     5                   6              8         1              0              
465747928677067698            10        23:00     5                   10             8         1              0              
465747928677067698            11        0:00      3                   12             8         1              0              
465747928677067698            11        1:00      0                   9              8         3              0              
465747928677067698            11        2:00      1                   10             8         0              0              
465747928677067698            11        3:00      4                   13             8         0              0              
465747928677067698            11        4:00      5                   17             8         1              0              
465747928677067698            11        5:00      0                   16             8         1              0              
465747928677067698            11        6:00      1                   13             8         4              0              
465747928677067698            11        7:00      0                   11             8         2              0              
465747928677067698            11        8:00      2                   12             8         1              0              
465747928677067698            11        9:00      5                   16             8         1              0              
465747928677067698            11        10:00     4                   15             8         1              0              
465747928677067698            11        11:00     4                   12             8         1              0              
465747928677067698            11        12:00     3                   14             8         1              0              
465747928677067698            11        13:00     2                   15             8         1              0              
465747928677067698            11        14:00     4                   13             8         5              0              
465747928677067698            11        15:00     2                   11             8         2              0              
465747928677067698            11        16:00     2                   13             8         0              0              
465747928677067698            11        17:00     4                   13             8         3              0              
465747928677067698            11        18:00     0                   12             8         1              0              
465747928677067698            11        19:00     1                   10             8         3              0              
465747928677067698            11        20:00     5                   13             8         1              0              
465747928677067698            11        21:00     5                   15             8         2              0              
465747928677067698            11        22:00     4                   12             8         3              0              
465747928677067698            11        23:00     3                   11             8         2              0              
465747928677067698            12        0:00      3                   12             8         1              0              
465747928677067698            12        1:00      4                   14             8         2              0              
465747928677067698            12        2:00      3                   17             8         0              0              
465747928677067698            12        3:00      4                   20             8         1              0              
465747928677067698            12        4:00      0                   19             8         1              0              
465747928677067698            12        5:00      3                   21             8         1              0              
465747928677067698            12        6:00      3                   23             8         1              0              
465747928677067698            12        7:00      3                   24             8         2              0              
465747928677067698            12        8:00      4                   25             8         1              0              
465747928677067698            12        9:00      2                   25             8         0              0              
465747928677067698            12        10:00     3                   24             8         1              0              
465747928677067698            12        11:00     0                   18             8         3              0              
465747928677067698            12        12:00     5                   21             8         1              0              
465747928677067698            12        13:00     2                   21             8         1              0              
465747928677067698            12        14:00     0                   16             8         2              0              
465747928677067698            12        15:00     2                   14             8         1              0              
465747928677067698            12        16:00     1                   10             8         5              0              
465747928677067698            12        17:00     1                   10             8         0              0              
465747928677067698            12        18:00     1                   6              8         1              0              
465747928677067698            12        19:00     3                   4              8         2              0              
465747928677067698            12        20:00     2                   4              8         0              0              
465747928677067698            12        21:00     5                   7              8         1              0              
465747928677067698            12        22:00     3                   7              8         3              0              
465747928677067698            12        23:00     2                   9              8         0              0              
465747928677067698            13        0:00      3                   11             8         1              0              
465747928677067698            13        1:00      5                   13             8         2              0              
465747928677067698            13        2:00      5                   17             8         0              0              
465747928677067698            13        3:00      4                   20             8         1              0              
465747928677067698            13        4:00      0                   19             8         1              0              
465747928677067698            13        5:00      5                   22             8         1              0              
465747928677067698            13        6:00      3                   24             8         1              0              
465747928677067698            13        7:00      0                   21             8         3              0              
465747928677067698            13        8:00      0                   16             8         4              0              
465747928677067698            13        9:00      0                   12             8         2              0              
465747928677067698            13        10:00     4                   11             8         3              0              
465747928677067698            13        11:00     4                   11             8         2              0              
465747928677067698            13        12:00     4                   10             8         2              0              
465747928677067698            13        13:00     4                   11             8         2              0              
465747928677067698            13        14:00     4                   9              8         1              0              
465747928677067698            13        15:00     5                   10             8         4              0              
465747928677067698            13        16:00     2                   10             8         2              0              
465747928677067698            13        17:00     2                   10             8         1              0              
465747928677067698            13        18:00     4                   12             8         2              0              
465747928677067698            13        19:00     5                   17             8         0              0              
465747928677067698            13        20:00     3                   20             8         0              0              
465747928677067698            13        21:00     5                   23             8         2              0              
465747928677067698            13        22:00     4                   26             8         0              0              
465747928677067698            13        23:00     4                   27             8         2              0              
465747928677067698            14        0:00      5                   28             8         3              0              
465747928677067698            14        1:00      4                   26             8         3              0              
465747928677067698            14        2:00      0                   21             8         4              0              
465747928677067698            14        3:00      1                   20             8         1              0              
465747928677067698            14        4:00      0                   18             8         0              0              
465747928677067698            14        5:00      3                   20             8         1              0              
465747928677067698            14        6:00      0                   19             8         1              0              
465747928677067698            14        7:00      1                   17             8         0              0              
465747928677067698            14        8:00      2                   14             8         0              0              
465747928677067698            14        9:00      1                   12             8         0              0              
465747928677067698            14        10:00     3                   7              8         2              0              
465747928677067698            14        11:00     2                   8              8         1              0              
465747928677067698            14        12:00     0                   6              8         2              0              
465747928677067698            14        13:00     4                   8              8         2              0              
465747928677067698            14        14:00     4                   10             8         2              0              
465747928677067698            14        15:00     2                   10             8         2              0              
465747928677067698            14        16:00     3                   9              8         3              0              
465747928677067698            14        17:00     4                   9              8         2              0              
465747928677067698            14        18:00     3                   9              8         3              0              
465747928677067698            14        19:00     5                   11             8         2              0              
465747928677067698            14        20:00     4                   13             8         1              0              
465747928677067698            14        21:00     1                   12             8         0              0              
465747928677067698            14        22:00     5                   17             8         0              0              
465747928677067698            14        23:00     4                   19             8         2              0              
465747928677067698            15        0:00      1                   17             8         3              0              
465747928677067698            15        1:00      5                   21             8         0              0              
465747928677067698            15        2:00      3                   19             8         3              0              
465747928677067698            15        3:00      5                   22             8         2              0              
465747928677067698            15        4:00      5                   24             8         3              0              
465747928677067698            15        5:00      3                   23             8         4              0              
465747928677067698            15        6:00      2                   22             8         3              0              
465747928677067698            15        7:00      0                   20             8         0              0              
465747928677067698            15        8:00      4                   16             8         2              0              
465747928677067698            15        9:00      2                   14             8         3              0              
465747928677067698            15        10:00     4                   12             8         2              0              
465747928677067698            15        11:00     5                   12             8         3              0              
465747928677067698            15        12:00     5                   15             8         1              0              
465747928677067698            15        13:00     2                   14             8         0              0              
465747928677067698            15        14:00     1                   14             8         0              0              
465747928677067698            15        15:00     4                   17             8         0              0              
465747928677067698            15        16:00     5                   16             8         3              0              
465747928677067698            15        17:00     0                   14             8         2              0              
465747928677067698            15        18:00     5                   18             8         1              0              
465747928677067698            15        19:00     0                   17             8         1              0              
465747928677067698            15        20:00     1                   15             8         2              0              
465747928677067698            15        21:00     1                   14             8         1              0              
465747928677067698            15        22:00     4                   17             8         0              0              
465747928677067698            15        23:00     2                   14             8         1              0              
