Sim_N                         Day       Time      New_Patients        Waiting        Assigned  Discharged     Beds_Avail_EOH 
7362047228089243404           1         0:00      4                   0              3         0              5              
7362047228089243404           1         1:00      1                   0              4         0              4              
7362047228089243404           1         2:00      2                   0              4         2              4              
7362047228089243404           1         3:00      1                   0              4         1              4              
7362047228089243404           1         4:00      1                   0              5         0              3              
7362047228089243404           1         5:00      3                   0              6         2              2              
7362047228089243404           1         6:00      5                   0              8         3              0              
7362047228089243404           1         7:00      2                   1              8         1              0              
7362047228089243404           1         8:00      3                   2              8         2              0              
7362047228089243404           1         9:00      1                   0              7         4              1              
7362047228089243404           1         10:00     4                   2              8         1              0              
7362047228089243404           1         11:00     0                   1              8         1              0              
7362047228089243404           1         12:00     0                   0              8         1              0              
7362047228089243404           1         13:00     5                   1              8         3              0              
7362047228089243404           1         14:00     4                   4              8         0              0              
7362047228089243404           1         15:00     0                   1              8         3              0              
7362047228089243404           1         16:00     0                   0              6         3              2              
7362047228089243404           1         17:00     1                   0              6         1              2              
7362047228089243404           1         18:00     5                   0              7         4              1              
7362047228089243404           1         19:00     2                   0              6         3              2              
7362047228089243404           1         20:00     4                   0              8         2              0              
7362047228089243404           1         21:00     1                   0              8         1              0              
7362047228089243404           1         22:00     1                   0              8         1              0              
7362047228089243404           1         23:00     5                   1              8         3              0              
7362047228089243404           2         0:00      1                   0              8         2              0              
7362047228089243404           2         1:00      0                   0              7         1              1              
7362047228089243404           2         2:00      0                   0              5         2              3              
7362047228089243404           2         3:00      5                   2              8         0              0              
7362047228089243404           2         4:00      0                   1              8         1              0              
7362047228089243404           2         5:00      4                   1              8         4              0              
7362047228089243404           2         6:00      4                   4              8         1              0              
7362047228089243404           2         7:00      0                   2              8         2              0              
7362047228089243404           2         8:00      2                   3              8         1              0              
7362047228089243404           2         9:00      2                   1              8         3              0              
7362047228089243404           2         10:00     4                   4              8         1              0              
7362047228089243404           2         11:00     1                   2              8         3              0              
7362047228089243404           2         12:00     1                   2              8         1              0              
7362047228089243404           2         13:00     3                   5              8         0              0              
7362047228089243404           2         14:00     0                   3              8         2              0              
7362047228089243404           2         15:00     5                   8              8         0              0              
7362047228089243404           2         16:00     0                   7              8         1              0              
7362047228089243404           2         17:00     2                   7              8         2              0              
7362047228089243404           2         18:00     4                   8              8         3              0              
7362047228089243404           2         19:00     2                   9              8         1              0              
7362047228089243404           2         20:00     0                   7              8         2              0              
7362047228089243404           2         21:00     0                   7              8         0              0              
7362047228089243404           2         22:00     3                   8              8         2              0              
7362047228089243404           2         23:00     1                   7              8         1              0              
7362047228089243404           3         0:00      2                   7              8         2              0              
7362047228089243404           3         1:00      3                   6              8         2              0              
7362047228089243404           3         2:00      2                   6              8         2              0              
7362047228089243404           3         3:00      0                   2              8         2              0              
7362047228089243404           3         4:00      4                   2              8         2              0              
7362047228089243404           3         5:00      0                   2              8         0              0              
7362047228089243404           3         6:00      3                   3              8         1              0              
7362047228089243404           3         7:00      2                   4              8         1              0              
7362047228089243404           3         8:00      4                   8              8         0              0              
7362047228089243404           3         9:00      4                   11             8         1              0              
7362047228089243404           3         10:00     0                   10             8         1              0              
7362047228089243404           3         11:00     3                   12             8         1              0              
7362047228089243404           3         12:00     2                   13             8         1              0              
7362047228089243404           3         13:00     4                   15             8         1              0              
7362047228089243404           3         14:00     2                   16             8         1              0              
7362047228089243404           3         15:00     1                   14             8         3              0              
7362047228089243404           3         16:00     0                   12             8         2              0              
7362047228089243404           3         17:00     5                   13             8         3              0              
7362047228089243404           3         18:00     3                   16             8         0              0              
7362047228089243404           3         19:00     0                   14             8         0              0              
7362047228089243404           3         20:00     0                   10             8         1              0              
7362047228089243404           3         21:00     0                   7              8         0              0              
7362047228089243404           3         22:00     1                   6              8         1              0              
7362047228089243404           3         23:00     2                   7              8         1              0              
7362047228089243404           4         0:00      2                   5              8         0              0              
7362047228089243404           4         1:00      0                   3              8         2              0              
7362047228089243404           4         2:00      3                   3              8         3              0              
7362047228089243404           4         3:00      0                   1              8         2              0              
7362047228089243404           4         4:00      4                   5              8         0              0              
7362047228089243404           4         5:00      1                   4              8         1              0              
7362047228089243404           4         6:00      4                   7              8         1              0              
7362047228089243404           4         7:00      0                   5              8         2              0              
7362047228089243404           4         8:00      2                   4              8         3              0              
7362047228089243404           4         9:00      1                   0              8         5              0              
7362047228089243404           4         10:00     5                   3              8         2              0              
7362047228089243404           4         11:00     0                   1              8         2              0              
7362047228089243404           4         12:00     3                   4              8         0              0              
7362047228089243404           4         13:00     0                   3              8         1              0              
7362047228089243404           4         14:00     4                   7              8         0              0              
7362047228089243404           4         15:00     0                   5              8         2              0              
7362047228089243404           4         16:00     5                   9              8         1              0              
7362047228089243404           4         17:00     3                   10             8         2              0              
7362047228089243404           4         18:00     3                   12             8         1              0              
7362047228089243404           4         19:00     3                   13             8         2              0              
7362047228089243404           4         20:00     2                   13             8         2              0              
7362047228089243404           4         21:00     1                   13             8         1              0              
7362047228089243404           4         22:00     4                   17             8         0              0              
7362047228089243404           4         23:00     1                   15             8         2              0              
7362047228089243404           5         0:00      3                   13             8         3              0              
7362047228089243404           5         1:00      4                   15             8         2              0              
7362047228089243404           5         2:00      0                   13             8         0              0              
7362047228089243404           5         3:00      1                   12             8         2              0              
7362047228089243404           5         4:00      1                   9              8         1              0              
7362047228089243404           5         5:00      1                   7              8         2              0              
7362047228089243404           5         6:00      1                   6              8         1              0              
7362047228089243404           5         7:00      4                   7              8         2              0              
7362047228089243404           5         8:00      1                   7              8         0              0              
7362047228089243404           5         9:00      1                   7              8         1              0              
7362047228089243404           5         10:00     4                   6              8         2              0              
7362047228089243404           5         11:00     4                   10             8         0              0              
7362047228089243404           5         12:00     0                   9              8         1              0              
7362047228089243404           5         13:00     2                   8              8         2              0              
7362047228089243404           5         14:00     2                   10             8         0              0              
7362047228089243404           5         15:00     5                   13             8         2              0              
7362047228089243404           5         16:00     1                   11             8         3              0              
7362047228089243404           5         17:00     4                   12             8         3              0              
7362047228089243404           5         18:00     3                   13             8         2              0              
7362047228089243404           5         19:00     5                   15             8         0              0              
7362047228089243404           5         20:00     4                   16             8         2              0              
7362047228089243404           5         21:00     2                   16             8         2              0              
7362047228089243404           5         22:00     4                   17             8         1              0              
7362047228089243404           5         23:00     4                   19             8         0              0              
7362047228089243404           6         0:00      1                   18             8         2              0              
7362047228089243404           6         1:00      0                   15             8         3              0              
7362047228089243404           6         2:00      3                   12             8         1              0              
7362047228089243404           6         3:00      2                   13             8         1              0              
7362047228089243404           6         4:00      0                   11             8         2              0              
7362047228089243404           6         5:00      0                   9              8         1              0              
7362047228089243404           6         6:00      5                   11             8         1              0              
7362047228089243404           6         7:00      3                   9              8         4              0              
7362047228089243404           6         8:00      2                   3              8         3              0              
7362047228089243404           6         9:00      3                   5              8         1              0              
7362047228089243404           6         10:00     0                   4              8         0              0              
7362047228089243404           6         11:00     1                   3              8         2              0              
7362047228089243404           6         12:00     1                   3              8         1              0              
7362047228089243404           6         13:00     2                   5              8         0              0              
7362047228089243404           6         14:00     0                   4              8         1              0              
7362047228089243404           6         15:00     4                   7              8         1              0              
7362047228089243404           6         16:00     0                   6              8         1              0              
7362047228089243404           6         17:00     1                   6              8         1              0              
7362047228089243404           6         18:00     0                   3              8         2              0              
7362047228089243404           6         19:00     4                   6              8         1              0              
7362047228089243404           6         20:00     2                   5              8         3              0              
7362047228089243404           6         21:00     5                   7              8         2              0              
7362047228089243404           6         22:00     0                   6              8         1              0              
7362047228089243404           6         23:00     5                   7              8         4              0              
7362047228089243404           7         0:00      2                   6              8         2              0              
7362047228089243404           7         1:00      5                   9              8         1              0              
7362047228089243404           7         2:00      4                   11             8         1              0              
7362047228089243404           7         3:00      3                   11             8         3              0              
7362047228089243404           7         4:00      2                   10             8         3              0              
7362047228089243404           7         5:00      2                   9              8         3              0              
7362047228089243404           7         6:00      5                   14             8         0              0              
7362047228089243404           7         7:00      3                   14             8         2              0              
7362047228089243404           7         8:00      2                   13             8         3              0              
7362047228089243404           7         9:00      0                   9              8         2              0              
7362047228089243404           7         10:00     1                   9              8         1              0              
7362047228089243404           7         11:00     0                   8              8         0              0              
7362047228089243404           7         12:00     5                   11             8         1              0              
7362047228089243404           7         13:00     3                   11             8         2              0              
7362047228089243404           7         14:00     3                   9              8         3              0              
7362047228089243404           7         15:00     0                   9              8         0              0              
7362047228089243404           7         16:00     3                   12             8         0              0              
7362047228089243404           7         17:00     2                   14             8         0              0              
7362047228089243404           7         18:00     5                   12             8         3              0              
7362047228089243404           7         19:00     3                   13             8         2              0              
7362047228089243404           7         20:00     5                   15             8         3              0              
7362047228089243404           7         21:00     3                   17             8         1              0              
7362047228089243404           7         22:00     1                   17             8         1              0              
7362047228089243404           7         23:00     0                   16             8         0              0              
7362047228089243404           8         0:00      4                   18             8         1              0              
7362047228089243404           8         1:00      1                   13             8         3              0              
7362047228089243404           8         2:00      3                   16             8         0              0              
7362047228089243404           8         3:00      5                   18             8         2              0              
7362047228089243404           8         4:00      4                   19             8         0              0              
7362047228089243404           8         5:00      3                   20             8         1              0              
7362047228089243404           8         6:00      5                   22             8         1              0              
7362047228089243404           8         7:00      5                   23             8         2              0              
7362047228089243404           8         8:00      5                   24             8         2              0              
7362047228089243404           8         9:00      5                   27             8         1              0              
7362047228089243404           8         10:00     5                   30             8         1              0              
7362047228089243404           8         11:00     2                   30             8         1              0              
7362047228089243404           8         12:00     5                   32             8         2              0              
7362047228089243404           8         13:00     4                   36             8         0              0              
7362047228089243404           8         14:00     2                   36             8         1              0              
7362047228089243404           8         15:00     1                   31             8         2              0              
7362047228089243404           8         16:00     5                   30             8         2              0              
7362047228089243404           8         17:00     2                   30             8         1              0              
7362047228089243404           8         18:00     4                   29             8         2              0              
7362047228089243404           8         19:00     1                   24             8         1              0              
7362047228089243404           8         20:00     5                   27             8         1              0              
7362047228089243404           8         21:00     4                   26             8         0              0              
7362047228089243404           8         22:00     0                   20             8         2              0              
7362047228089243404           8         23:00     2                   20             8         0              0              
7362047228089243404           9         0:00      0                   18             8         0              0              
7362047228089243404           9         1:00      2                   14             8         1              0              
7362047228089243404           9         2:00      2                   14             8         1              0              
7362047228089243404           9         3:00      5                   19             8         0              0              
7362047228089243404           9         4:00      3                   21             8         0              0              
7362047228089243404           9         5:00      2                   20             8         2              0              
7362047228089243404           9         6:00      5                   20             8         3              0              
7362047228089243404           9         7:00      5                   24             8         1              0              
7362047228089243404           9         8:00      3                   23             8         0              0              
7362047228089243404           9         9:00      4                   24             8         1              0              
7362047228089243404           9         10:00     4                   28             8         0              0              
7362047228089243404           9         11:00     0                   26             8         1              0              
7362047228089243404           9         12:00     0                   20             8         5              0              
7362047228089243404           9         13:00     3                   20             8         3              0              
7362047228089243404           9         14:00     2                   21             8         0              0              
7362047228089243404           9         15:00     4                   20             8         1              0              
7362047228089243404           9         16:00     5                   21             8         0              0              
7362047228089243404           9         17:00     4                   21             8         3              0              
7362047228089243404           9         18:00     4                   22             8         1              0              
7362047228089243404           9         19:00     4                   19             8         5              0              
7362047228089243404           9         20:00     5                   18             8         2              0              
7362047228089243404           9         21:00     1                   16             8         2              0              
7362047228089243404           9         22:00     3                   19             8         0              0              
7362047228089243404           9         23:00     2                   21             8         0              0              
7362047228089243404           10        0:00      1                   19             8         3              0              
7362047228089243404           10        1:00      4                   23             8         0              0              
7362047228089243404           10        2:00      3                   19             8         4              0              
7362047228089243404           10        3:00      1                   15             8         2              0              
7362047228089243404           10        4:00      3                   15             8         2              0              
7362047228089243404           10        5:00      1                   11             8         2              0              
7362047228089243404           10        6:00      1                   7              8         1              0              
7362047228089243404           10        7:00      2                   6              8         3              0              
7362047228089243404           10        8:00      0                   4              8         1              0              
7362047228089243404           10        9:00      0                   3              8         0              0              
7362047228089243404           10        10:00     3                   5              8         0              0              
7362047228089243404           10        11:00     3                   3              8         3              0              
7362047228089243404           10        12:00     3                   5              8         1              0              
7362047228089243404           10        13:00     0                   4              8         1              0              
7362047228089243404           10        14:00     2                   6              8         0              0              
7362047228089243404           10        15:00     3                   7              8         1              0              
7362047228089243404           10        16:00     2                   8              8         1              0              
7362047228089243404           10        17:00     1                   8              8         1              0              
7362047228089243404           10        18:00     5                   11             8         2              0              
7362047228089243404           10        19:00     5                   14             8         2              0              
7362047228089243404           10        20:00     0                   12             8         2              0              
7362047228089243404           10        21:00     2                   13             8         1              0              
7362047228089243404           10        22:00     2                   15             8         0              0              
7362047228089243404           10        23:00     1                   12             8         2              0              
7362047228089243404           11        0:00      1                   8              8         3              0              
7362047228089243404           11        1:00      4                   11             8         1              0              
7362047228089243404           11        2:00      3                   10             8         3              0              
7362047228089243404           11        3:00      2                   9              8         2              0              
7362047228089243404           11        4:00      5                   13             8         0              0              
7362047228089243404           11        5:00      0                   11             8         2              0              
7362047228089243404           11        6:00      4                   11             8         2              0              
7362047228089243404           11        7:00      0                   8              8         1              0              
7362047228089243404           11        8:00      2                   8              8         1              0              
7362047228089243404           11        9:00      1                   6              8         3              0              
7362047228089243404           11        10:00     3                   9              8         0              0              
7362047228089243404           11        11:00     2                   10             8         1              0              
7362047228089243404           11        12:00     5                   14             8         1              0              
7362047228089243404           11        13:00     2                   15             8         0              0              
7362047228089243404           11        14:00     0                   13             8         0              0              
7362047228089243404           11        15:00     2                   11             8         4              0              
7362047228089243404           11        16:00     2                   8              8         3              0              
7362047228089243404           11        17:00     2                   8              8         2              0              
7362047228089243404           11        18:00     0                   6              8         2              0              
7362047228089243404           11        19:00     1                   5              8         2              0              
7362047228089243404           11        20:00     5                   9              8         1              0              
7362047228089243404           11        21:00     1                   8              8         2              0              
7362047228089243404           11        22:00     4                   8              8         2              0              
7362047228089243404           11        23:00     3                   9              8         1              0              
7362047228089243404           12        0:00      0                   1              8         6              0              
7362047228089243404           12        1:00      1                   0              8         2              0              
7362047228089243404           12        2:00      0                   0              7         1              1              
7362047228089243404           12        3:00      0                   0              5         2              3              
7362047228089243404           12        4:00      0                   0              4         1              4              
7362047228089243404           12        5:00      2                   0              5         1              3              
7362047228089243404           12        6:00      2                   0              6         1              2              
7362047228089243404           12        7:00      1                   0              5         2              3              
7362047228089243404           12        8:00      3                   0              5         3              3              
7362047228089243404           12        9:00      3                   0              7         1              1              
7362047228089243404           12        10:00     2                   0              7         2              1              
7362047228089243404           12        11:00     5                   2              8         2              0              
7362047228089243404           12        12:00     4                   3              8         3              0              
7362047228089243404           12        13:00     1                   3              8         1              0              
7362047228089243404           12        14:00     1                   2              8         2              0              
7362047228089243404           12        15:00     3                   4              8         0              0              
7362047228089243404           12        16:00     5                   8              8         1              0              
7362047228089243404           12        17:00     5                   9              8         2              0              
7362047228089243404           12        18:00     1                   8              8         2              0              
7362047228089243404           12        19:00     5                   9              8         3              0              
7362047228089243404           12        20:00     4                   11             8         1              0              
7362047228089243404           12        21:00     1                   12             8         0              0              
7362047228089243404           12        22:00     0                   8              8         4              0              
7362047228089243404           12        23:00     4                   12             8         0              0              
7362047228089243404           13        0:00      0                   9              8         2              0              
7362047228089243404           13        1:00      2                   9              8         1              0              
7362047228089243404           13        2:00      5                   12             8         2              0              
7362047228089243404           13        3:00      1                   9              8         2              0              
7362047228089243404           13        4:00      3                   6              8         3              0              
7362047228089243404           13        5:00      2                   6              8         1              0              
7362047228089243404           13        6:00      4                   7              8         3              0              
7362047228089243404           13        7:00      4                   9              8         2              0              
7362047228089243404           13        8:00      3                   5              8         6              0              
7362047228089243404           13        9:00      1                   2              8         4              0              
7362047228089243404           13        10:00     3                   3              8         2              0              
7362047228089243404           13        11:00     5                   5              8         0              0              
7362047228089243404           13        12:00     2                   5              8         2              0              
7362047228089243404           13        13:00     5                   9              8         1              0              
7362047228089243404           13        14:00     2                   8              8         3              0              
7362047228089243404           13        15:00     4                   10             8         2              0              
7362047228089243404           13        16:00     2                   12             8         0              0              
7362047228089243404           13        17:00     0                   12             8         0              0              
7362047228089243404           13        18:00     1                   11             8         2              0              
7362047228089243404           13        19:00     4                   15             8         0              0              
7362047228089243404           13        20:00     4                   19             8         0              0              
7362047228089243404           13        21:00     0                   16             8         3              0              
7362047228089243404           13        22:00     4                   17             8         2              0              
7362047228089243404           13        23:00     5                   22             8         0              0              
7362047228089243404           14        0:00      5                   22             8         2              0              
7362047228089243404           14        1:00      0                   19             8         1              0              
7362047228089243404           14        2:00      4                   19             8         3              0              
7362047228089243404           14        3:00      4                   22             8         1              0              
7362047228089243404           14        4:00      0                   17             8         2              0              
7362047228089243404           14        5:00      5                   20             8         1              0              
7362047228089243404           14        6:00      5                   25             8         0              0              
7362047228089243404           14        7:00      0                   18             8         4              0              
7362047228089243404           14        8:00      1                   14             8         3              0              
7362047228089243404           14        9:00      0                   13             8         1              0              
7362047228089243404           14        10:00     1                   12             8         1              0              
7362047228089243404           14        11:00     4                   12             8         1              0              
7362047228089243404           14        12:00     0                   7              8         1              0              
7362047228089243404           14        13:00     0                   3              8         4              0              
7362047228089243404           14        14:00     0                   3              8         0              0              
7362047228089243404           14        15:00     0                   0              7         1              1              
7362047228089243404           14        16:00     1                   0              8         0              0              
7362047228089243404           14        17:00     3                   0              6         4              2              
7362047228089243404           14        18:00     1                   0              5         1              3              
7362047228089243404           14        19:00     4                   1              8         0              0              
7362047228089243404           14        20:00     0                   0              8         1              0              
7362047228089243404           14        21:00     4                   2              8         2              0              
7362047228089243404           14        22:00     3                   5              8         0              0              
7362047228089243404           14        23:00     5                   9              8         0              0              
7362047228089243404           15        0:00      5                   14             8         0              0              
7362047228089243404           15        1:00      3                   14             8         3              0              
7362047228089243404           15        2:00      3                   14             8         2              0              
7362047228089243404           15        3:00      5                   15             8         3              0              
7362047228089243404           15        4:00      1                   14             8         2              0              
7362047228089243404           15        5:00      5                   19             8         0              0              
7362047228089243404           15        6:00      0                   17             8         2              0              
7362047228089243404           15        7:00      1                   16             8         2              0              
7362047228089243404           15        8:00      5                   18             8         2              0              
7362047228089243404           15        9:00      4                   19             8         2              0              
7362047228089243404           15        10:00     2                   17             8         1              0              
7362047228089243404           15        11:00     0                   13             8         2              0              
7362047228089243404           15        12:00     4                   12             8         0              0              
7362047228089243404           15        13:00     1                   12             8         0              0              
7362047228089243404           15        14:00     3                   14             8         1              0              
7362047228089243404           15        15:00     4                   13             8         3              0              
7362047228089243404           15        16:00     5                   16             8         2              0              
7362047228089243404           15        17:00     4                   15             8         2              0              
7362047228089243404           15        18:00     2                   17             8         0              0              
7362047228089243404           15        19:00     4                   19             8         2              0              
7362047228089243404           15        20:00     4                   20             8         2              0              
7362047228089243404           15        21:00     3                   16             8         5              0              
7362047228089243404           15        22:00     3                   14             8         4              0              
7362047228089243404           15        23:00     0                   11             8         3              0              
