Sim_N                         Day       Time      New_Patients        Waiting        Assigned  Discharged     Beds_Avail_EOH 
6473787911482756466           1         0:00      0                   0              0         0              10             
6473787911482756466           1         1:00      5                   0              5         0              5              
6473787911482756466           1         2:00      5                   0              6         4              4              
6473787911482756466           1         3:00      1                   0              4         3              6              
6473787911482756466           1         4:00      5                   0              8         1              2              
6473787911482756466           1         5:00      1                   0              8         1              2              
6473787911482756466           1         6:00      0                   0              7         1              3              
6473787911482756466           1         7:00      5                   1              10        1              0              
6473787911482756466           1         8:00      0                   1              10        0              0              
6473787911482756466           1         9:00      3                   4              10        0              0              
6473787911482756466           1         10:00     2                   5              10        0              0              
6473787911482756466           1         11:00     5                   8              10        2              0              
6473787911482756466           1         12:00     3                   9              10        2              0              
6473787911482756466           1         13:00     0                   9              10        0              0              
6473787911482756466           1         14:00     0                   5              10        4              0              
6473787911482756466           1         15:00     2                   4              10        3              0              
6473787911482756466           1         16:00     4                   5              10        3              0              
6473787911482756466           1         17:00     3                   4              10        4              0              
6473787911482756466           1         18:00     0                   1              10        3              0              
6473787911482756466           1         19:00     5                   0              9         7              1              
6473787911482756466           1         20:00     0                   0              7         2              3              
6473787911482756466           1         21:00     3                   0              5         4              5              
6473787911482756466           1         22:00     2                   0              7         0              3              
6473787911482756466           1         23:00     5                   0              10        2              0              
6473787911482756466           2         0:00      4                   1              10        3              0              
6473787911482756466           2         1:00      2                   2              10        1              0              
6473787911482756466           2         2:00      4                   4              10        2              0              
6473787911482756466           2         3:00      3                   7              10        0              0              
6473787911482756466           2         4:00      4                   10             10        1              0              
6473787911482756466           2         5:00      1                   9              10        2              0              
6473787911482756466           2         6:00      4                   12             10        0              0              
6473787911482756466           2         7:00      1                   11             10        2              0              
6473787911482756466           2         8:00      2                   10             10        3              0              
6473787911482756466           2         9:00      5                   14             10        1              0              
6473787911482756466           2         10:00     1                   11             10        4              0              
6473787911482756466           2         11:00     2                   12             10        1              0              
6473787911482756466           2         12:00     3                   15             10        0              0              
6473787911482756466           2         13:00     4                   12             10        7              0              
6473787911482756466           2         14:00     1                   11             10        2              0              
6473787911482756466           2         15:00     1                   11             10        1              0              
6473787911482756466           2         16:00     2                   10             10        2              0              
6473787911482756466           2         17:00     5                   12             10        2              0              
6473787911482756466           2         18:00     2                   11             10        3              0              
6473787911482756466           2         19:00     4                   14             10        1              0              
6473787911482756466           2         20:00     4                   16             10        2              0              
6473787911482756466           2         21:00     2                   15             10        2              0              
6473787911482756466           2         22:00     4                   16             10        0              0              
6473787911482756466           2         23:00     0                   12             10        3              0              
6473787911482756466           3         0:00      5                   17             10        0              0              
6473787911482756466           3         1:00      4                   19             10        1              0              
6473787911482756466           3         2:00      1                   18             10        1              0              
6473787911482756466           3         3:00      0                   15             10        3              0              
6473787911482756466           3         4:00      3                   17             10        1              0              
6473787911482756466           3         5:00      1                   16             10        1              0              
6473787911482756466           3         6:00      3                   17             10        1              0              
6473787911482756466           3         7:00      0                   13             10        3              0              
6473787911482756466           3         8:00      0                   9              10        2              0              
6473787911482756466           3         9:00      4                   11             10        1              0              
6473787911482756466           3         10:00     1                   8              10        3              0              
6473787911482756466           3         11:00     2                   8              10        1              0              
6473787911482756466           3         12:00     2                   7              10        2              0              
6473787911482756466           3         13:00     3                   7              10        2              0              
6473787911482756466           3         14:00     2                   6              10        3              0              
6473787911482756466           3         15:00     1                   6              10        1              0              
6473787911482756466           3         16:00     4                   10             10        0              0              
6473787911482756466           3         17:00     5                   14             10        1              0              
6473787911482756466           3         18:00     5                   18             10        1              0              
6473787911482756466           3         19:00     3                   18             10        3              0              
6473787911482756466           3         20:00     2                   20             10        0              0              
6473787911482756466           3         21:00     1                   19             10        2              0              
6473787911482756466           3         22:00     5                   20             10        3              0              
6473787911482756466           3         23:00     1                   18             10        2              0              
6473787911482756466           4         0:00      2                   19             10        1              0              
6473787911482756466           4         1:00      5                   22             10        1              0              
6473787911482756466           4         2:00      5                   24             10        2              0              
6473787911482756466           4         3:00      4                   26             10        2              0              
6473787911482756466           4         4:00      2                   24             10        2              0              
6473787911482756466           4         5:00      5                   27             10        0              0              
6473787911482756466           4         6:00      2                   23             10        2              0              
6473787911482756466           4         7:00      5                   25             10        1              0              
6473787911482756466           4         8:00      3                   27             10        1              0              
6473787911482756466           4         9:00      0                   25             10        2              0              
6473787911482756466           4         10:00     0                   24             10        1              0              
6473787911482756466           4         11:00     4                   26             10        2              0              
6473787911482756466           4         12:00     4                   26             10        2              0              
6473787911482756466           4         13:00     0                   19             10        6              0              
6473787911482756466           4         14:00     5                   18             10        4              0              
6473787911482756466           4         15:00     0                   16             10        1              0              
6473787911482756466           4         16:00     5                   18             10        2              0              
6473787911482756466           4         17:00     1                   18             10        0              0              
6473787911482756466           4         18:00     5                   20             10        2              0              
6473787911482756466           4         19:00     5                   20             10        3              0              
6473787911482756466           4         20:00     4                   17             10        3              0              
6473787911482756466           4         21:00     5                   19             10        3              0              
6473787911482756466           4         22:00     1                   17             10        3              0              
6473787911482756466           4         23:00     5                   15             10        4              0              
6473787911482756466           5         0:00      5                   18             10        2              0              
6473787911482756466           5         1:00      1                   16             10        3              0              
6473787911482756466           5         2:00      4                   19             10        1              0              
6473787911482756466           5         3:00      0                   16             10        2              0              
6473787911482756466           5         4:00      4                   17             10        2              0              
6473787911482756466           5         5:00      5                   15             10        4              0              
6473787911482756466           5         6:00      3                   16             10        0              0              
6473787911482756466           5         7:00      5                   19             10        1              0              
6473787911482756466           5         8:00      2                   19             10        1              0              
6473787911482756466           5         9:00      0                   17             10        2              0              
6473787911482756466           5         10:00     4                   19             10        1              0              
6473787911482756466           5         11:00     4                   20             10        3              0              
6473787911482756466           5         12:00     2                   16             10        2              0              
6473787911482756466           5         13:00     1                   12             10        4              0              
6473787911482756466           5         14:00     0                   11             10        1              0              
6473787911482756466           5         15:00     5                   11             10        2              0              
6473787911482756466           5         16:00     2                   11             10        2              0              
6473787911482756466           5         17:00     1                   11             10        0              0              
6473787911482756466           5         18:00     5                   12             10        2              0              
6473787911482756466           5         19:00     3                   11             10        3              0              
6473787911482756466           5         20:00     0                   9              10        1              0              
6473787911482756466           5         21:00     5                   12             10        2              0              
6473787911482756466           5         22:00     5                   9              10        6              0              
6473787911482756466           5         23:00     0                   7              10        2              0              
6473787911482756466           6         0:00      0                   6              10        1              0              
6473787911482756466           6         1:00      5                   9              10        1              0              
6473787911482756466           6         2:00      2                   10             10        1              0              
6473787911482756466           6         3:00      1                   9              10        2              0              
6473787911482756466           6         4:00      3                   10             10        2              0              
6473787911482756466           6         5:00      1                   7              10        3              0              
6473787911482756466           6         6:00      1                   5              10        2              0              
6473787911482756466           6         7:00      5                   8              10        2              0              
6473787911482756466           6         8:00      1                   7              10        1              0              
6473787911482756466           6         9:00      4                   10             10        1              0              
6473787911482756466           6         10:00     1                   9              10        2              0              
6473787911482756466           6         11:00     0                   7              10        1              0              
6473787911482756466           6         12:00     3                   9              10        1              0              
6473787911482756466           6         13:00     4                   11             10        2              0              
6473787911482756466           6         14:00     4                   14             10        1              0              
6473787911482756466           6         15:00     4                   11             10        6              0              
6473787911482756466           6         16:00     3                   10             10        4              0              
6473787911482756466           6         17:00     2                   11             10        0              0              
6473787911482756466           6         18:00     4                   11             10        3              0              
6473787911482756466           6         19:00     3                   14             10        0              0              
6473787911482756466           6         20:00     4                   14             10        1              0              
6473787911482756466           6         21:00     3                   16             10        1              0              
6473787911482756466           6         22:00     1                   16             10        1              0              
6473787911482756466           6         23:00     3                   17             10        2              0              
6473787911482756466           7         0:00      3                   17             10        2              0              
6473787911482756466           7         1:00      3                   19             10        1              0              
6473787911482756466           7         2:00      2                   18             10        3              0              
6473787911482756466           7         3:00      2                   19             10        1              0              
6473787911482756466           7         4:00      0                   19             10        0              0              
6473787911482756466           7         5:00      2                   17             10        3              0              
6473787911482756466           7         6:00      5                   19             10        3              0              
6473787911482756466           7         7:00      5                   19             10        1              0              
6473787911482756466           7         8:00      5                   22             10        0              0              
6473787911482756466           7         9:00      3                   21             10        3              0              
6473787911482756466           7         10:00     0                   20             10        0              0              
6473787911482756466           7         11:00     1                   17             10        3              0              
6473787911482756466           7         12:00     5                   19             10        1              0              
6473787911482756466           7         13:00     3                   17             10        2              0              
6473787911482756466           7         14:00     5                   20             10        2              0              
6473787911482756466           7         15:00     1                   20             10        0              0              
6473787911482756466           7         16:00     1                   21             10        0              0              
6473787911482756466           7         17:00     4                   25             10        0              0              
6473787911482756466           7         18:00     4                   25             10        4              0              
6473787911482756466           7         19:00     0                   20             10        2              0              
6473787911482756466           7         20:00     3                   21             10        2              0              
6473787911482756466           7         21:00     2                   18             10        2              0              
6473787911482756466           7         22:00     5                   19             10        3              0              
6473787911482756466           7         23:00     2                   20             10        1              0              
6473787911482756466           8         0:00      4                   22             10        1              0              
6473787911482756466           8         1:00      4                   24             10        0              0              
6473787911482756466           8         2:00      4                   24             10        1              0              
6473787911482756466           8         3:00      3                   24             10        3              0              
6473787911482756466           8         4:00      1                   19             10        4              0              
6473787911482756466           8         5:00      2                   18             10        3              0              
6473787911482756466           8         6:00      1                   15             10        0              0              
6473787911482756466           8         7:00      0                   12             10        2              0              
6473787911482756466           8         8:00      0                   9              10        3              0              
6473787911482756466           8         9:00      5                   9              10        3              0              
6473787911482756466           8         10:00     4                   10             10        1              0              
6473787911482756466           8         11:00     2                   5              10        5              0              
6473787911482756466           8         12:00     0                   2              10        3              0              
6473787911482756466           8         13:00     0                   2              10        0              0              
6473787911482756466           8         14:00     4                   1              10        3              0              
6473787911482756466           8         15:00     3                   4              10        0              0              
6473787911482756466           8         16:00     3                   7              10        0              0              
6473787911482756466           8         17:00     3                   10             10        0              0              
6473787911482756466           8         18:00     2                   10             10        2              0              
6473787911482756466           8         19:00     3                   9              10        4              0              
6473787911482756466           8         20:00     2                   8              10        3              0              
6473787911482756466           8         21:00     1                   9              10        0              0              
6473787911482756466           8         22:00     0                   5              10        4              0              
6473787911482756466           8         23:00     2                   4              10        3              0              
6473787911482756466           9         0:00      2                   5              10        1              0              
6473787911482756466           9         1:00      3                   7              10        1              0              
6473787911482756466           9         2:00      4                   10             10        1              0              
6473787911482756466           9         3:00      5                   15             10        0              0              
6473787911482756466           9         4:00      5                   16             10        4              0              
6473787911482756466           9         5:00      4                   18             10        2              0              
6473787911482756466           9         6:00      1                   17             10        1              0              
6473787911482756466           9         7:00      3                   19             10        1              0              
6473787911482756466           9         8:00      3                   21             10        1              0              
6473787911482756466           9         9:00      4                   23             10        0              0              
6473787911482756466           9         10:00     3                   22             10        3              0              
6473787911482756466           9         11:00     5                   22             10        4              0              
6473787911482756466           9         12:00     1                   19             10        3              0              
6473787911482756466           9         13:00     5                   20             10        3              0              
6473787911482756466           9         14:00     0                   16             10        2              0              
6473787911482756466           9         15:00     0                   11             10        3              0              
6473787911482756466           9         16:00     3                   10             10        2              0              
6473787911482756466           9         17:00     1                   5              10        2              0              
6473787911482756466           9         18:00     1                   5              10        1              0              
6473787911482756466           9         19:00     4                   7              10        1              0              
6473787911482756466           9         20:00     5                   8              10        2              0              
6473787911482756466           9         21:00     1                   4              10        4              0              
6473787911482756466           9         22:00     2                   5              10        1              0              
6473787911482756466           9         23:00     1                   6              10        0              0              
6473787911482756466           10        0:00      0                   4              10        2              0              
6473787911482756466           10        1:00      1                   2              10        3              0              
6473787911482756466           10        2:00      1                   1              10        2              0              
6473787911482756466           10        3:00      4                   4              10        1              0              
6473787911482756466           10        4:00      5                   3              10        5              0              
6473787911482756466           10        5:00      0                   0              10        3              0              
6473787911482756466           10        6:00      5                   4              10        1              0              
6473787911482756466           10        7:00      5                   8              10        1              0              
6473787911482756466           10        8:00      0                   6              10        2              0              
6473787911482756466           10        9:00      5                   10             10        1              0              
6473787911482756466           10        10:00     3                   12             10        1              0              
6473787911482756466           10        11:00     2                   14             10        0              0              
6473787911482756466           10        12:00     5                   19             10        0              0              
6473787911482756466           10        13:00     4                   21             10        2              0              
6473787911482756466           10        14:00     4                   22             10        3              0              
6473787911482756466           10        15:00     0                   21             10        1              0              
6473787911482756466           10        16:00     2                   17             10        6              0              
6473787911482756466           10        17:00     4                   19             10        2              0              
6473787911482756466           10        18:00     4                   21             10        2              0              
6473787911482756466           10        19:00     1                   17             10        3              0              
6473787911482756466           10        20:00     4                   19             10        0              0              
6473787911482756466           10        21:00     1                   18             10        2              0              
6473787911482756466           10        22:00     5                   20             10        0              0              
6473787911482756466           10        23:00     4                   23             10        1              0              
6473787911482756466           11        0:00      0                   19             10        1              0              
6473787911482756466           11        1:00      1                   18             10        2              0              
6473787911482756466           11        2:00      0                   14             10        2              0              
6473787911482756466           11        3:00      5                   18             10        1              0              
6473787911482756466           11        4:00      3                   20             10        1              0              
6473787911482756466           11        5:00      2                   17             10        4              0              
6473787911482756466           11        6:00      3                   18             10        0              0              
6473787911482756466           11        7:00      2                   18             10        2              0              
6473787911482756466           11        8:00      5                   19             10        3              0              
6473787911482756466           11        9:00      5                   19             10        2              0              
6473787911482756466           11        10:00     4                   22             10        0              0              
6473787911482756466           11        11:00     0                   20             10        2              0              
6473787911482756466           11        12:00     0                   18             10        2              0              
6473787911482756466           11        13:00     4                   21             10        1              0              
6473787911482756466           11        14:00     3                   24             10        0              0              
6473787911482756466           11        15:00     0                   20             10        3              0              
6473787911482756466           11        16:00     1                   20             10        1              0              
6473787911482756466           11        17:00     3                   18             10        4              0              
6473787911482756466           11        18:00     0                   15             10        1              0              
6473787911482756466           11        19:00     5                   18             10        2              0              
6473787911482756466           11        20:00     0                   17             10        0              0              
6473787911482756466           11        21:00     4                   12             10        2              0              
6473787911482756466           11        22:00     4                   11             10        2              0              
6473787911482756466           11        23:00     3                   13             10        0              0              
6473787911482756466           12        0:00      0                   11             10        2              0              
6473787911482756466           12        1:00      2                   10             10        3              0              
6473787911482756466           12        2:00      2                   8              10        3              0              
6473787911482756466           12        3:00      0                   4              10        4              0              
6473787911482756466           12        4:00      3                   5              10        2              0              
6473787911482756466           12        5:00      5                   9              10        1              0              
6473787911482756466           12        6:00      2                   8              10        2              0              
6473787911482756466           12        7:00      2                   8              10        2              0              
6473787911482756466           12        8:00      0                   7              10        1              0              
6473787911482756466           12        9:00      5                   10             10        1              0              
6473787911482756466           12        10:00     4                   12             10        1              0              
6473787911482756466           12        11:00     5                   16             10        1              0              
6473787911482756466           12        12:00     1                   16             10        1              0              
6473787911482756466           12        13:00     3                   17             10        2              0              
6473787911482756466           12        14:00     0                   17             10        0              0              
6473787911482756466           12        15:00     0                   16             10        1              0              
6473787911482756466           12        16:00     0                   15             10        1              0              
6473787911482756466           12        17:00     4                   16             10        2              0              
6473787911482756466           12        18:00     3                   15             10        2              0              
6473787911482756466           12        19:00     0                   11             10        4              0              
6473787911482756466           12        20:00     1                   7              10        5              0              
6473787911482756466           12        21:00     1                   5              10        3              0              
6473787911482756466           12        22:00     1                   5              10        1              0              
6473787911482756466           12        23:00     0                   2              10        1              0              
6473787911482756466           13        0:00      3                   3              10        1              0              
6473787911482756466           13        1:00      2                   2              10        2              0              
6473787911482756466           13        2:00      3                   3              10        2              0              
6473787911482756466           13        3:00      0                   1              10        2              0              
6473787911482756466           13        4:00      4                   4              10        1              0              
6473787911482756466           13        5:00      0                   3              10        1              0              
6473787911482756466           13        6:00      4                   4              10        2              0              
6473787911482756466           13        7:00      4                   2              10        6              0              
6473787911482756466           13        8:00      3                   3              10        2              0              
6473787911482756466           13        9:00      4                   4              10        3              0              
6473787911482756466           13        10:00     3                   5              10        2              0              
6473787911482756466           13        11:00     5                   7              10        2              0              
6473787911482756466           13        12:00     0                   7              10        0              0              
6473787911482756466           13        13:00     2                   9              10        0              0              
6473787911482756466           13        14:00     4                   12             10        1              0              
6473787911482756466           13        15:00     0                   11             10        1              0              
6473787911482756466           13        16:00     5                   14             10        2              0              
6473787911482756466           13        17:00     3                   15             10        2              0              
6473787911482756466           13        18:00     0                   14             10        1              0              
6473787911482756466           13        19:00     1                   13             10        2              0              
6473787911482756466           13        20:00     5                   18             10        0              0              
6473787911482756466           13        21:00     2                   19             10        1              0              
6473787911482756466           13        22:00     3                   20             10        0              0              
6473787911482756466           13        23:00     2                   19             10        3              0              
6473787911482756466           14        0:00      0                   14             10        3              0              
6473787911482756466           14        1:00      3                   15             10        1              0              
6473787911482756466           14        2:00      3                   18             10        0              0              
6473787911482756466           14        3:00      3                   19             10        2              0              
6473787911482756466           14        4:00      2                   18             10        1              0              
6473787911482756466           14        5:00      5                   17             10        3              0              
6473787911482756466           14        6:00      3                   19             10        0              0              
6473787911482756466           14        7:00      5                   22             10        1              0              
6473787911482756466           14        8:00      4                   22             10        2              0              
6473787911482756466           14        9:00      4                   23             10        2              0              
6473787911482756466           14        10:00     5                   23             10        2              0              
6473787911482756466           14        11:00     0                   20             10        3              0              
6473787911482756466           14        12:00     0                   18             10        2              0              
6473787911482756466           14        13:00     0                   14             10        3              0              
6473787911482756466           14        14:00     0                   12             10        0              0              
6473787911482756466           14        15:00     5                   15             10        1              0              
6473787911482756466           14        16:00     1                   12             10        1              0              
6473787911482756466           14        17:00     2                   8              10        3              0              
6473787911482756466           14        18:00     3                   9              10        2              0              
6473787911482756466           14        19:00     3                   10             10        0              0              
6473787911482756466           14        20:00     0                   9              10        1              0              
6473787911482756466           14        21:00     5                   9              10        3              0              
6473787911482756466           14        22:00     0                   8              10        0              0              
6473787911482756466           14        23:00     1                   6              10        2              0              
6473787911482756466           15        0:00      0                   0              9         7              1              
6473787911482756466           15        1:00      2                   1              10        0              0              
6473787911482756466           15        2:00      5                   4              10        2              0              
6473787911482756466           15        3:00      4                   5              10        3              0              
6473787911482756466           15        4:00      0                   3              10        2              0              
6473787911482756466           15        5:00      1                   3              10        0              0              
6473787911482756466           15        6:00      4                   6              10        1              0              
6473787911482756466           15        7:00      2                   8              10        0              0              
6473787911482756466           15        8:00      2                   10             10        0              0              
6473787911482756466           15        9:00      5                   12             10        3              0              
6473787911482756466           15        10:00     1                   10             10        3              0              
6473787911482756466           15        11:00     3                   12             10        1              0              
6473787911482756466           15        12:00     3                   14             10        1              0              
6473787911482756466           15        13:00     0                   13             10        1              0              
6473787911482756466           15        14:00     3                   13             10        1              0              
6473787911482756466           15        15:00     0                   11             10        2              0              
6473787911482756466           15        16:00     3                   12             10        2              0              
6473787911482756466           15        17:00     5                   15             10        2              0              
6473787911482756466           15        18:00     4                   18             10        1              0              
6473787911482756466           15        19:00     2                   20             10        0              0              
6473787911482756466           15        20:00     4                   21             10        2              0              
6473787911482756466           15        21:00     5                   24             10        1              0              
6473787911482756466           15        22:00     4                   25             10        0              0              
6473787911482756466           15        23:00     2                   22             10        3              0              
