Sim_N                         Day       Time      New_Patients        Waiting        Assigned  Discharged     Beds_Avail_EOH 
3278611251001956271           1         0:00      4                   0              2         1              8              
3278611251001956271           1         1:00      5                   0              7         0              3              
3278611251001956271           1         2:00      1                   0              6         2              4              
3278611251001956271           1         3:00      0                   0              3         3              7              
3278611251001956271           1         4:00      1                   0              3         1              7              
3278611251001956271           1         5:00      5                   0              8         0              2              
3278611251001956271           1         6:00      5                   2              10        1              0              
3278611251001956271           1         7:00      0                   0              7         5              3              
3278611251001956271           1         8:00      3                   0              8         2              2              
3278611251001956271           1         9:00      4                   1              10        1              0              
3278611251001956271           1         10:00     3                   2              10        2              0              
3278611251001956271           1         11:00     2                   2              10        2              0              
3278611251001956271           1         12:00     0                   0              10        2              0              
3278611251001956271           1         13:00     3                   3              10        0              0              
3278611251001956271           1         14:00     2                   3              10        2              0              
3278611251001956271           1         15:00     5                   5              10        2              0              
3278611251001956271           1         16:00     5                   8              10        2              0              
3278611251001956271           1         17:00     4                   11             10        1              0              
3278611251001956271           1         18:00     3                   12             10        2              0              
3278611251001956271           1         19:00     2                   14             10        0              0              
3278611251001956271           1         20:00     2                   14             10        2              0              
3278611251001956271           1         21:00     3                   15             10        2              0              
3278611251001956271           1         22:00     2                   15             10        2              0              
3278611251001956271           1         23:00     4                   17             10        2              0              
3278611251001956271           2         0:00      1                   16             10        2              0              
3278611251001956271           2         1:00      5                   16             10        4              0              
3278611251001956271           2         2:00      1                   15             10        1              0              
3278611251001956271           2         3:00      3                   15             10        3              0              
3278611251001956271           2         4:00      2                   16             10        0              0              
3278611251001956271           2         5:00      0                   15             10        1              0              
3278611251001956271           2         6:00      1                   13             10        0              0              
3278611251001956271           2         7:00      0                   10             10        2              0              
3278611251001956271           2         8:00      2                   10             10        1              0              
3278611251001956271           2         9:00      5                   13             10        2              0              
3278611251001956271           2         10:00     5                   14             10        2              0              
3278611251001956271           2         11:00     2                   10             10        4              0              
3278611251001956271           2         12:00     3                   10             10        3              0              
3278611251001956271           2         13:00     3                   10             10        2              0              
3278611251001956271           2         14:00     1                   10             10        1              0              
3278611251001956271           2         15:00     4                   11             10        2              0              
3278611251001956271           2         16:00     5                   15             10        1              0              
3278611251001956271           2         17:00     4                   15             10        3              0              
3278611251001956271           2         18:00     3                   17             10        1              0              
3278611251001956271           2         19:00     2                   19             10        0              0              
3278611251001956271           2         20:00     0                   15             10        4              0              
3278611251001956271           2         21:00     4                   18             10        1              0              
3278611251001956271           2         22:00     1                   17             10        1              0              
3278611251001956271           2         23:00     3                   17             10        2              0              
3278611251001956271           3         0:00      3                   16             10        3              0              
3278611251001956271           3         1:00      0                   12             10        2              0              
3278611251001956271           3         2:00      3                   12             10        3              0              
3278611251001956271           3         3:00      2                   12             10        1              0              
3278611251001956271           3         4:00      5                   15             10        1              0              
3278611251001956271           3         5:00      5                   14             10        2              0              
3278611251001956271           3         6:00      4                   13             10        4              0              
3278611251001956271           3         7:00      5                   14             10        4              0              
3278611251001956271           3         8:00      0                   11             10        3              0              
3278611251001956271           3         9:00      0                   9              10        2              0              
3278611251001956271           3         10:00     2                   8              10        2              0              
3278611251001956271           3         11:00     1                   9              10        0              0              
3278611251001956271           3         12:00     1                   6              10        2              0              
3278611251001956271           3         13:00     4                   7              10        3              0              
3278611251001956271           3         14:00     3                   7              10        3              0              
3278611251001956271           3         15:00     1                   7              10        0              0              
3278611251001956271           3         16:00     3                   9              10        1              0              
3278611251001956271           3         17:00     4                   10             10        3              0              
3278611251001956271           3         18:00     4                   10             10        4              0              
3278611251001956271           3         19:00     3                   10             10        3              0              
3278611251001956271           3         20:00     5                   10             10        3              0              
3278611251001956271           3         21:00     1                   7              10        4              0              
3278611251001956271           3         22:00     3                   5              10        5              0              
3278611251001956271           3         23:00     1                   4              10        2              0              
3278611251001956271           4         0:00      2                   4              10        2              0              
3278611251001956271           4         1:00      2                   4              10        2              0              
3278611251001956271           4         2:00      2                   6              10        0              0              
3278611251001956271           4         3:00      5                   9              10        1              0              
3278611251001956271           4         4:00      4                   11             10        2              0              
3278611251001956271           4         5:00      2                   10             10        3              0              
3278611251001956271           4         6:00      2                   9              10        3              0              
3278611251001956271           4         7:00      2                   9              10        1              0              
3278611251001956271           4         8:00      1                   7              10        3              0              
3278611251001956271           4         9:00      2                   6              10        2              0              
3278611251001956271           4         10:00     2                   8              10        0              0              
3278611251001956271           4         11:00     2                   10             10        0              0              
3278611251001956271           4         12:00     5                   10             10        4              0              
3278611251001956271           4         13:00     4                   10             10        4              0              
3278611251001956271           4         14:00     3                   12             10        1              0              
3278611251001956271           4         15:00     5                   14             10        3              0              
3278611251001956271           4         16:00     1                   13             10        1              0              
3278611251001956271           4         17:00     1                   10             10        4              0              
3278611251001956271           4         18:00     1                   8              10        2              0              
3278611251001956271           4         19:00     5                   11             10        2              0              
3278611251001956271           4         20:00     5                   12             10        4              0              
3278611251001956271           4         21:00     3                   10             10        4              0              
3278611251001956271           4         22:00     0                   8              10        2              0              
3278611251001956271           4         23:00     5                   12             10        1              0              
3278611251001956271           5         0:00      5                   17             10        0              0              
3278611251001956271           5         1:00      5                   18             10        2              0              
3278611251001956271           5         2:00      0                   17             10        1              0              
3278611251001956271           5         3:00      3                   18             10        1              0              
3278611251001956271           5         4:00      5                   18             10        4              0              
3278611251001956271           5         5:00      0                   16             10        2              0              
3278611251001956271           5         6:00      4                   19             10        1              0              
3278611251001956271           5         7:00      0                   17             10        1              0              
3278611251001956271           5         8:00      2                   16             10        0              0              
3278611251001956271           5         9:00      4                   18             10        1              0              
3278611251001956271           5         10:00     0                   16             10        2              0              
3278611251001956271           5         11:00     2                   15             10        1              0              
3278611251001956271           5         12:00     2                   16             10        1              0              
3278611251001956271           5         13:00     5                   14             10        4              0              
3278611251001956271           5         14:00     4                   17             10        0              0              
3278611251001956271           5         15:00     2                   17             10        2              0              
3278611251001956271           5         16:00     5                   17             10        2              0              
3278611251001956271           5         17:00     0                   15             10        2              0              
3278611251001956271           5         18:00     2                   15             10        1              0              
3278611251001956271           5         19:00     1                   12             10        3              0              
3278611251001956271           5         20:00     1                   12             10        1              0              
3278611251001956271           5         21:00     1                   11             10        2              0              
3278611251001956271           5         22:00     2                   12             10        1              0              
3278611251001956271           5         23:00     2                   10             10        3              0              
3278611251001956271           6         0:00      1                   10             10        1              0              
3278611251001956271           6         1:00      2                   9              10        1              0              
3278611251001956271           6         2:00      4                   8              10        3              0              
3278611251001956271           6         3:00      4                   11             10        1              0              
3278611251001956271           6         4:00      0                   9              10        2              0              
3278611251001956271           6         5:00      1                   9              10        1              0              
3278611251001956271           6         6:00      5                   10             10        3              0              
3278611251001956271           6         7:00      0                   8              10        2              0              
3278611251001956271           6         8:00      0                   6              10        2              0              
3278611251001956271           6         9:00      0                   2              10        4              0              
3278611251001956271           6         10:00     5                   4              10        2              0              
3278611251001956271           6         11:00     1                   1              10        4              0              
3278611251001956271           6         12:00     3                   2              10        2              0              
3278611251001956271           6         13:00     5                   7              10        0              0              
3278611251001956271           6         14:00     1                   7              10        1              0              
3278611251001956271           6         15:00     4                   9              10        2              0              
3278611251001956271           6         16:00     3                   9              10        3              0              
3278611251001956271           6         17:00     0                   4              10        5              0              
3278611251001956271           6         18:00     5                   7              10        1              0              
3278611251001956271           6         19:00     5                   10             10        1              0              
3278611251001956271           6         20:00     3                   12             10        1              0              
3278611251001956271           6         21:00     5                   13             10        4              0              
3278611251001956271           6         22:00     3                   14             10        1              0              
3278611251001956271           6         23:00     3                   15             10        2              0              
3278611251001956271           7         0:00      0                   12             10        3              0              
3278611251001956271           7         1:00      4                   11             10        4              0              
3278611251001956271           7         2:00      3                   14             10        0              0              
3278611251001956271           7         3:00      3                   16             10        1              0              
3278611251001956271           7         4:00      5                   21             10        0              0              
3278611251001956271           7         5:00      1                   19             10        2              0              
3278611251001956271           7         6:00      1                   18             10        2              0              
3278611251001956271           7         7:00      0                   16             10        1              0              
3278611251001956271           7         8:00      1                   16             10        1              0              
3278611251001956271           7         9:00      3                   14             10        2              0              
3278611251001956271           7         10:00     5                   17             10        1              0              
3278611251001956271           7         11:00     1                   12             10        4              0              
3278611251001956271           7         12:00     5                   14             10        2              0              
3278611251001956271           7         13:00     0                   12             10        2              0              
3278611251001956271           7         14:00     4                   15             10        0              0              
3278611251001956271           7         15:00     1                   15             10        1              0              
3278611251001956271           7         16:00     1                   14             10        1              0              
3278611251001956271           7         17:00     3                   12             10        3              0              
3278611251001956271           7         18:00     3                   13             10        2              0              
3278611251001956271           7         19:00     2                   12             10        3              0              
3278611251001956271           7         20:00     2                   13             10        1              0              
3278611251001956271           7         21:00     1                   11             10        2              0              
3278611251001956271           7         22:00     5                   14             10        1              0              
3278611251001956271           7         23:00     4                   16             10        1              0              
3278611251001956271           8         0:00      2                   14             10        2              0              
3278611251001956271           8         1:00      1                   13             10        2              0              
3278611251001956271           8         2:00      3                   16             10        0              0              
3278611251001956271           8         3:00      4                   14             10        3              0              
3278611251001956271           8         4:00      5                   18             10        1              0              
3278611251001956271           8         5:00      2                   19             10        1              0              
3278611251001956271           8         6:00      3                   17             10        3              0              
3278611251001956271           8         7:00      4                   18             10        2              0              
3278611251001956271           8         8:00      2                   18             10        1              0              
3278611251001956271           8         9:00      5                   20             10        2              0              
3278611251001956271           8         10:00     5                   23             10        2              0              
3278611251001956271           8         11:00     5                   23             10        2              0              
3278611251001956271           8         12:00     1                   23             10        0              0              
3278611251001956271           8         13:00     2                   23             10        1              0              
3278611251001956271           8         14:00     5                   22             10        6              0              
3278611251001956271           8         15:00     5                   24             10        2              0              
3278611251001956271           8         16:00     3                   24             10        0              0              
3278611251001956271           8         17:00     3                   20             10        4              0              
3278611251001956271           8         18:00     4                   22             10        2              0              
3278611251001956271           8         19:00     2                   19             10        4              0              
3278611251001956271           8         20:00     4                   22             10        0              0              
3278611251001956271           8         21:00     3                   20             10        2              0              
3278611251001956271           8         22:00     1                   18             10        1              0              
3278611251001956271           8         23:00     0                   12             10        5              0              
3278611251001956271           9         0:00      5                   12             10        2              0              
3278611251001956271           9         1:00      5                   17             10        0              0              
3278611251001956271           9         2:00      1                   15             10        3              0              
3278611251001956271           9         3:00      4                   15             10        3              0              
3278611251001956271           9         4:00      1                   14             10        1              0              
3278611251001956271           9         5:00      1                   12             10        2              0              
3278611251001956271           9         6:00      0                   11             10        0              0              
3278611251001956271           9         7:00      4                   10             10        3              0              
3278611251001956271           9         8:00      3                   11             10        1              0              
3278611251001956271           9         9:00      0                   6              10        5              0              
3278611251001956271           9         10:00     2                   5              10        3              0              
3278611251001956271           9         11:00     1                   5              10        1              0              
3278611251001956271           9         12:00     1                   5              10        1              0              
3278611251001956271           9         13:00     3                   4              10        2              0              
3278611251001956271           9         14:00     4                   7              10        1              0              
3278611251001956271           9         15:00     2                   8              10        1              0              
3278611251001956271           9         16:00     2                   7              10        3              0              
3278611251001956271           9         17:00     3                   9              10        1              0              
3278611251001956271           9         18:00     0                   7              10        2              0              
3278611251001956271           9         19:00     2                   7              10        2              0              
3278611251001956271           9         20:00     1                   8              10        0              0              
3278611251001956271           9         21:00     4                   11             10        1              0              
3278611251001956271           9         22:00     1                   9              10        3              0              
3278611251001956271           9         23:00     2                   6              10        4              0              
3278611251001956271           10        0:00      2                   8              10        0              0              
3278611251001956271           10        1:00      4                   9              10        2              0              
3278611251001956271           10        2:00      4                   11             10        2              0              
3278611251001956271           10        3:00      2                   10             10        3              0              
3278611251001956271           10        4:00      2                   10             10        2              0              
3278611251001956271           10        5:00      5                   12             10        2              0              
3278611251001956271           10        6:00      5                   16             10        1              0              
3278611251001956271           10        7:00      3                   15             10        3              0              
3278611251001956271           10        8:00      3                   17             10        1              0              
3278611251001956271           10        9:00      1                   16             10        2              0              
3278611251001956271           10        10:00     0                   13             10        2              0              
3278611251001956271           10        11:00     4                   14             10        1              0              
3278611251001956271           10        12:00     1                   14             10        1              0              
3278611251001956271           10        13:00     3                   16             10        0              0              
3278611251001956271           10        14:00     1                   17             10        0              0              
3278611251001956271           10        15:00     2                   18             10        1              0              
3278611251001956271           10        16:00     2                   16             10        3              0              
3278611251001956271           10        17:00     5                   17             10        1              0              
3278611251001956271           10        18:00     2                   14             10        4              0              
3278611251001956271           10        19:00     1                   10             10        3              0              
3278611251001956271           10        20:00     1                   10             10        1              0              
3278611251001956271           10        21:00     5                   13             10        1              0              
3278611251001956271           10        22:00     0                   11             10        2              0              
3278611251001956271           10        23:00     1                   11             10        0              0              
3278611251001956271           11        0:00      5                   14             10        2              0              
3278611251001956271           11        1:00      3                   15             10        1              0              
3278611251001956271           11        2:00      1                   14             10        1              0              
3278611251001956271           11        3:00      4                   16             10        1              0              
3278611251001956271           11        4:00      1                   9              10        6              0              
3278611251001956271           11        5:00      2                   8              10        2              0              
3278611251001956271           11        6:00      2                   9              10        1              0              
3278611251001956271           11        7:00      0                   8              10        1              0              
3278611251001956271           11        8:00      1                   7              10        2              0              
3278611251001956271           11        9:00      2                   8              10        1              0              
3278611251001956271           11        10:00     4                   11             10        1              0              
3278611251001956271           11        11:00     2                   11             10        1              0              
3278611251001956271           11        12:00     2                   12             10        1              0              
3278611251001956271           11        13:00     3                   13             10        1              0              
3278611251001956271           11        14:00     2                   14             10        1              0              
3278611251001956271           11        15:00     0                   11             10        2              0              
3278611251001956271           11        16:00     4                   13             10        2              0              
3278611251001956271           11        17:00     1                   12             10        1              0              
3278611251001956271           11        18:00     5                   14             10        3              0              
3278611251001956271           11        19:00     2                   13             10        3              0              
3278611251001956271           11        20:00     1                   13             10        1              0              
3278611251001956271           11        21:00     2                   13             10        1              0              
3278611251001956271           11        22:00     3                   15             10        1              0              
3278611251001956271           11        23:00     1                   11             10        4              0              
3278611251001956271           12        0:00      5                   13             10        2              0              
3278611251001956271           12        1:00      1                   13             10        0              0              
3278611251001956271           12        2:00      4                   15             10        1              0              
3278611251001956271           12        3:00      5                   20             10        0              0              
3278611251001956271           12        4:00      2                   19             10        3              0              
3278611251001956271           12        5:00      4                   19             10        2              0              
3278611251001956271           12        6:00      1                   18             10        0              0              
3278611251001956271           12        7:00      0                   13             10        3              0              
3278611251001956271           12        8:00      0                   10             10        3              0              
3278611251001956271           12        9:00      2                   11             10        1              0              
3278611251001956271           12        10:00     1                   12             10        0              0              
3278611251001956271           12        11:00     4                   11             10        3              0              
3278611251001956271           12        12:00     4                   10             10        2              0              
3278611251001956271           12        13:00     4                   12             10        1              0              
3278611251001956271           12        14:00     2                   11             10        2              0              
3278611251001956271           12        15:00     4                   10             10        3              0              
3278611251001956271           12        16:00     1                   11             10        0              0              
3278611251001956271           12        17:00     3                   10             10        3              0              
3278611251001956271           12        18:00     4                   12             10        2              0              
3278611251001956271           12        19:00     4                   16             10        0              0              
3278611251001956271           12        20:00     1                   14             10        2              0              
3278611251001956271           12        21:00     0                   10             10        4              0              
3278611251001956271           12        22:00     2                   9              10        3              0              
3278611251001956271           12        23:00     1                   8              10        2              0              
3278611251001956271           13        0:00      5                   9              10        3              0              
3278611251001956271           13        1:00      5                   13             10        0              0              
3278611251001956271           13        2:00      4                   16             10        1              0              
3278611251001956271           13        3:00      0                   12             10        2              0              
3278611251001956271           13        4:00      0                   11             10        0              0              
3278611251001956271           13        5:00      1                   8              10        4              0              
3278611251001956271           13        6:00      3                   10             10        0              0              
3278611251001956271           13        7:00      1                   10             10        0              0              
3278611251001956271           13        8:00      4                   13             10        1              0              
3278611251001956271           13        9:00      0                   10             10        3              0              
3278611251001956271           13        10:00     3                   11             10        2              0              
3278611251001956271           13        11:00     2                   10             10        3              0              
3278611251001956271           13        12:00     1                   9              10        2              0              
3278611251001956271           13        13:00     0                   7              10        2              0              
3278611251001956271           13        14:00     0                   6              10        1              0              
3278611251001956271           13        15:00     0                   5              10        1              0              
3278611251001956271           13        16:00     1                   3              10        3              0              
3278611251001956271           13        17:00     1                   3              10        1              0              
3278611251001956271           13        18:00     3                   3              10        3              0              
3278611251001956271           13        19:00     4                   2              10        5              0              
3278611251001956271           13        20:00     3                   4              10        1              0              
3278611251001956271           13        21:00     3                   6              10        1              0              
3278611251001956271           13        22:00     4                   9              10        1              0              
3278611251001956271           13        23:00     4                   12             10        1              0              
3278611251001956271           14        0:00      0                   12             10        0              0              
3278611251001956271           14        1:00      4                   15             10        1              0              
3278611251001956271           14        2:00      3                   18             10        0              0              
3278611251001956271           14        3:00      3                   19             10        1              0              
3278611251001956271           14        4:00      2                   17             10        4              0              
3278611251001956271           14        5:00      2                   19             10        0              0              
3278611251001956271           14        6:00      1                   17             10        3              0              
3278611251001956271           14        7:00      3                   18             10        2              0              
3278611251001956271           14        8:00      4                   18             10        1              0              
3278611251001956271           14        9:00      5                   19             10        3              0              
3278611251001956271           14        10:00     3                   18             10        2              0              
3278611251001956271           14        11:00     2                   18             10        1              0              
3278611251001956271           14        12:00     4                   19             10        3              0              
3278611251001956271           14        13:00     1                   17             10        2              0              
3278611251001956271           14        14:00     2                   18             10        1              0              
3278611251001956271           14        15:00     5                   19             10        3              0              
3278611251001956271           14        16:00     0                   15             10        3              0              
3278611251001956271           14        17:00     4                   14             10        3              0              
3278611251001956271           14        18:00     2                   14             10        2              0              
3278611251001956271           14        19:00     0                   12             10        1              0              
3278611251001956271           14        20:00     2                   9              10        3              0              
3278611251001956271           14        21:00     0                   9              10        0              0              
3278611251001956271           14        22:00     0                   9              10        0              0              
3278611251001956271           14        23:00     1                   7              10        2              0              
3278611251001956271           15        0:00      5                   11             10        1              0              
3278611251001956271           15        1:00      0                   6              10        5              0              
3278611251001956271           15        2:00      4                   8              10        2              0              
3278611251001956271           15        3:00      0                   8              10        0              0              
3278611251001956271           15        4:00      1                   6              10        2              0              
3278611251001956271           15        5:00      4                   4              10        6              0              
3278611251001956271           15        6:00      0                   1              10        3              0              
3278611251001956271           15        7:00      0                   1              10        0              0              
3278611251001956271           15        8:00      1                   0              10        2              0              
3278611251001956271           15        9:00      3                   2              10        1              0              
3278611251001956271           15        10:00     5                   6              10        1              0              
3278611251001956271           15        11:00     0                   5              10        1              0              
3278611251001956271           15        12:00     5                   8              10        2              0              
3278611251001956271           15        13:00     5                   9              10        4              0              
3278611251001956271           15        14:00     3                   9              10        3              0              
3278611251001956271           15        15:00     2                   10             10        1              0              
3278611251001956271           15        16:00     0                   7              10        3              0              
3278611251001956271           15        17:00     2                   9              10        0              0              
3278611251001956271           15        18:00     0                   5              10        4              0              
3278611251001956271           15        19:00     4                   7              10        2              0              
3278611251001956271           15        20:00     3                   9              10        1              0              
3278611251001956271           15        21:00     5                   12             10        2              0              
3278611251001956271           15        22:00     4                   12             10        4              0              
3278611251001956271           15        23:00     2                   9              10        4              0              
