Sim_N                         Day       AVG_SF_per_Day      
7007501094607673211           1         4.86                
7007501094607673211           2         2.35                
7007501094607673211           3         1.70                
7007501094607673211           4         2.49                
7007501094607673211           5         2.67                
7007501094607673211           6         1.60                
7007501094607673211           7         1.94                
7007501094607673211           8         1.78                
7007501094607673211           9         1.91                
7007501094607673211           10        2.18                
7007501094607673211           11        1.64                
7007501094607673211           12        3.29                
7007501094607673211           13        2.24                
7007501094607673211           14        1.97                
7007501094607673211           15        4.56                
