Sim_N                         Day       AVG_SF_per_Day      
3891154754178841832           1         3.45                
3891154754178841832           2         1.89                
3891154754178841832           3         2.02                
3891154754178841832           4         2.81                
3891154754178841832           5         1.65                
3891154754178841832           6         1.72                
3891154754178841832           7         2.67                
3891154754178841832           8         2.73                
3891154754178841832           9         2.92                
3891154754178841832           10        2.21                
3891154754178841832           11        1.77                
3891154754178841832           12        2.24                
3891154754178841832           13        2.67                
3891154754178841832           14        2.41                
3891154754178841832           15        3.49                
