Sim_N                         Day       AVG_SF_per_Day      
6844299470248708455           1         4.80                
6844299470248708455           2         3.70                
6844299470248708455           3         2.24                
6844299470248708455           4         2.40                
6844299470248708455           5         1.91                
6844299470248708455           6         2.09                
6844299470248708455           7         2.36                
6844299470248708455           8         2.98                
6844299470248708455           9         1.74                
6844299470248708455           10        2.97                
6844299470248708455           11        3.36                
6844299470248708455           12        2.05                
6844299470248708455           13        1.86                
6844299470248708455           14        2.49                
6844299470248708455           15        2.99                
