Sim_N                         Day       AVG_SF_per_Day      
8865122012348378038           1         4.22                
8865122012348378038           2         2.89                
8865122012348378038           3         2.04                
8865122012348378038           4         2.51                
8865122012348378038           5         2.22                
8865122012348378038           6         1.81                
8865122012348378038           7         1.78                
8865122012348378038           8         2.23                
8865122012348378038           9         1.69                
8865122012348378038           10        2.57                
8865122012348378038           11        2.50                
8865122012348378038           12        2.78                
8865122012348378038           13        2.13                
8865122012348378038           14        2.00                
8865122012348378038           15        3.76                
