Sim_N                         Day       AVG_SF_per_Day      
284711939995220058            1         4.30                
284711939995220058            2         1.97                
284711939995220058            3         1.68                
284711939995220058            4         1.82                
284711939995220058            5         2.06                
284711939995220058            6         2.35                
284711939995220058            7         2.70                
284711939995220058            8         2.29                
284711939995220058            9         2.52                
284711939995220058            10        1.86                
284711939995220058            11        2.28                
284711939995220058            12        3.12                
284711939995220058            13        1.89                
284711939995220058            14        2.96                
284711939995220058            15        3.88                
