Sim_N                         Day       AVG_SF_per_Day      
3161274509716100484           1         4.70                
3161274509716100484           2         3.19                
3161274509716100484           3         2.85                
3161274509716100484           4         2.40                
3161274509716100484           5         1.78                
3161274509716100484           6         1.68                
3161274509716100484           7         3.18                
3161274509716100484           8         2.05                
3161274509716100484           9         2.55                
3161274509716100484           10        3.32                
3161274509716100484           11        1.35                
3161274509716100484           12        2.23                
3161274509716100484           13        2.18                
3161274509716100484           14        2.25                
3161274509716100484           15        3.57                
