Sim_N                         Day       AVG_SF_per_Day      
4572931116187209686           1         4.89                
4572931116187209686           2         4.45                
4572931116187209686           3         2.85                
4572931116187209686           4         3.37                
4572931116187209686           5         4.63                
4572931116187209686           6         3.27                
4572931116187209686           7         2.10                
4572931116187209686           8         2.32                
4572931116187209686           9         3.72                
4572931116187209686           10        2.41                
4572931116187209686           11        2.45                
4572931116187209686           12        2.52                
4572931116187209686           13        2.58                
4572931116187209686           14        4.26                
4572931116187209686           15        3.97                
