Sim_N                         Day       AVG_SF_per_Day      
1812866708746713227           1         4.60                
1812866708746713227           2         3.68                
1812866708746713227           3         3.20                
1812866708746713227           4         2.84                
1812866708746713227           5         2.57                
1812866708746713227           6         1.99                
1812866708746713227           7         2.33                
1812866708746713227           8         1.92                
1812866708746713227           9         2.28                
1812866708746713227           10        3.62                
1812866708746713227           11        2.41                
1812866708746713227           12        1.62                
1812866708746713227           13        2.15                
1812866708746713227           14        3.07                
1812866708746713227           15        3.87                
