Sim_N                         Day       AVG_SF_per_Day      
3658302139158836513           1         3.34                
3658302139158836513           2         1.76                
3658302139158836513           3         1.75                
3658302139158836513           4         1.60                
3658302139158836513           5         1.97                
3658302139158836513           6         1.94                
3658302139158836513           7         2.15                
3658302139158836513           8         2.19                
3658302139158836513           9         2.52                
3658302139158836513           10        1.89                
3658302139158836513           11        2.87                
3658302139158836513           12        2.25                
3658302139158836513           13        1.28                
3658302139158836513           14        2.56                
3658302139158836513           15        4.06                
