Sim_N                         Day       AVG_SF_per_Day      
3404021165641458595           1         3.23                
3404021165641458595           2         2.15                
3404021165641458595           3         1.95                
3404021165641458595           4         2.25                
3404021165641458595           5         2.31                
3404021165641458595           6         2.20                
3404021165641458595           7         1.53                
3404021165641458595           8         1.79                
3404021165641458595           9         2.27                
3404021165641458595           10        2.40                
3404021165641458595           11        1.78                
3404021165641458595           12        1.75                
3404021165641458595           13        2.06                
3404021165641458595           14        2.21                
3404021165641458595           15        2.88                
