Sim_N                         Day       AVG_SF_per_Day      
7255411382046506673           1         4.68                
7255411382046506673           2         4.55                
7255411382046506673           3         3.46                
7255411382046506673           4         2.01                
7255411382046506673           5         2.70                
7255411382046506673           6         2.20                
7255411382046506673           7         1.92                
7255411382046506673           8         2.71                
7255411382046506673           9         2.02                
7255411382046506673           10        1.36                
7255411382046506673           11        1.68                
7255411382046506673           12        1.98                
7255411382046506673           13        3.13                
7255411382046506673           14        4.08                
7255411382046506673           15        4.89                
