Sim_N                         Day       AVG_SF_per_Day      
1601493058418070506           1         4.98                
1601493058418070506           2         3.15                
1601493058418070506           3         2.63                
1601493058418070506           4         2.18                
1601493058418070506           5         1.54                
1601493058418070506           6         2.11                
1601493058418070506           7         2.27                
1601493058418070506           8         2.72                
1601493058418070506           9         1.87                
1601493058418070506           10        2.18                
1601493058418070506           11        2.65                
1601493058418070506           12        1.88                
1601493058418070506           13        1.99                
1601493058418070506           14        2.20                
1601493058418070506           15        3.79                
