Sim_N                         Day       AVG_SF_per_Day      
5260517484812108278           1         4.37                
5260517484812108278           2         3.78                
5260517484812108278           3         2.75                
5260517484812108278           4         2.06                
5260517484812108278           5         2.00                
5260517484812108278           6         1.67                
5260517484812108278           7         1.99                
5260517484812108278           8         2.31                
5260517484812108278           9         1.48                
5260517484812108278           10        2.14                
5260517484812108278           11        1.75                
5260517484812108278           12        2.23                
5260517484812108278           13        2.21                
5260517484812108278           14        1.89                
5260517484812108278           15        3.91                
