Sim_N                         Day       AVG_SF_per_Day      
4837903910160909493           1         4.49                
4837903910160909493           2         4.12                
4837903910160909493           3         2.85                
4837903910160909493           4         3.02                
4837903910160909493           5         3.59                
4837903910160909493           6         2.43                
4837903910160909493           7         4.25                
4837903910160909493           8         4.74                
4837903910160909493           9         3.82                
4837903910160909493           10        1.90                
4837903910160909493           11        1.70                
4837903910160909493           12        1.45                
4837903910160909493           13        2.81                
4837903910160909493           14        2.20                
4837903910160909493           15        2.88                
