Sim_N                         Day       AVG_SF_per_Day      
5609338059754489777           1         4.42                
5609338059754489777           2         4.22                
5609338059754489777           3         3.25                
5609338059754489777           4         2.22                
5609338059754489777           5         2.14                
5609338059754489777           6         1.90                
5609338059754489777           7         1.57                
5609338059754489777           8         1.97                
5609338059754489777           9         1.19                
5609338059754489777           10        3.32                
5609338059754489777           11        2.61                
5609338059754489777           12        3.32                
5609338059754489777           13        2.99                
5609338059754489777           14        2.19                
5609338059754489777           15        3.59                
