Sim_N                         Day       AVG_SF_per_Day      
5748163749065499821           1         4.76                
5748163749065499821           2         2.47                
5748163749065499821           3         2.22                
5748163749065499821           4         2.70                
5748163749065499821           5         2.25                
5748163749065499821           6         2.04                
5748163749065499821           7         1.33                
5748163749065499821           8         1.48                
5748163749065499821           9         1.86                
5748163749065499821           10        2.01                
5748163749065499821           11        1.78                
5748163749065499821           12        2.24                
5748163749065499821           13        2.10                
5748163749065499821           14        1.86                
5748163749065499821           15        2.84                
