Sim_N                         Day       Time      New_Patients        Waiting        Assigned  Discharged     Beds_Avail_EOH 
650026800491926541            1         0:00      4                   0              4         0              6              
650026800491926541            1         1:00      4                   0              7         0              3              
650026800491926541            1         2:00      2                   0              7         1              3              
650026800491926541            1         3:00      2                   0              8         1              2              
650026800491926541            1         4:00      5                   0              9         3              1              
650026800491926541            1         5:00      1                   0              6         4              4              
650026800491926541            1         6:00      5                   0              7         4              3              
650026800491926541            1         7:00      4                   0              9         2              1              
650026800491926541            1         8:00      0                   0              6         3              4              
650026800491926541            1         9:00      2                   0              6         2              4              
650026800491926541            1         10:00     2                   0              7         1              3              
650026800491926541            1         11:00     1                   0              7         1              3              
650026800491926541            1         12:00     5                   0              8         3              2              
650026800491926541            1         13:00     1                   0              9         0              1              
650026800491926541            1         14:00     4                   1              10        2              0              
650026800491926541            1         15:00     0                   0              9         2              1              
650026800491926541            1         16:00     0                   0              5         4              5              
650026800491926541            1         17:00     4                   0              7         2              3              
650026800491926541            1         18:00     3                   0              10        0              0              
650026800491926541            1         19:00     4                   2              10        2              0              
650026800491926541            1         20:00     5                   2              10        5              0              
650026800491926541            1         21:00     4                   5              10        1              0              
650026800491926541            1         22:00     3                   7              10        1              0              
650026800491926541            1         23:00     1                   8              10        0              0              
650026800491926541            2         0:00      3                   9              10        2              0              
650026800491926541            2         1:00      3                   10             10        2              0              
650026800491926541            2         2:00      0                   8              10        2              0              
650026800491926541            2         3:00      0                   7              10        1              0              
650026800491926541            2         4:00      3                   10             10        0              0              
650026800491926541            2         5:00      0                   8              10        2              0              
650026800491926541            2         6:00      0                   7              10        1              0              
650026800491926541            2         7:00      1                   7              10        1              0              
650026800491926541            2         8:00      2                   5              10        4              0              
650026800491926541            2         9:00      5                   6              10        4              0              
650026800491926541            2         10:00     2                   7              10        1              0              
650026800491926541            2         11:00     4                   4              10        7              0              
650026800491926541            2         12:00     4                   7              10        0              0              
650026800491926541            2         13:00     0                   6              10        1              0              
650026800491926541            2         14:00     2                   7              10        1              0              
650026800491926541            2         15:00     5                   11             10        1              0              
650026800491926541            2         16:00     0                   7              10        4              0              
650026800491926541            2         17:00     2                   6              10        3              0              
650026800491926541            2         18:00     1                   6              10        1              0              
650026800491926541            2         19:00     0                   5              10        1              0              
650026800491926541            2         20:00     5                   6              10        3              0              
650026800491926541            2         21:00     3                   6              10        3              0              
650026800491926541            2         22:00     3                   9              10        0              0              
650026800491926541            2         23:00     2                   11             10        0              0              
650026800491926541            3         0:00      5                   15             10        1              0              
650026800491926541            3         1:00      1                   12             10        4              0              
650026800491926541            3         2:00      0                   11             10        1              0              
650026800491926541            3         3:00      3                   11             10        3              0              
650026800491926541            3         4:00      1                   9              10        3              0              
650026800491926541            3         5:00      1                   8              10        2              0              
650026800491926541            3         6:00      2                   8              10        2              0              
650026800491926541            3         7:00      1                   7              10        2              0              
650026800491926541            3         8:00      1                   7              10        1              0              
650026800491926541            3         9:00      3                   9              10        1              0              
650026800491926541            3         10:00     3                   11             10        1              0              
650026800491926541            3         11:00     3                   11             10        2              0              
650026800491926541            3         12:00     0                   9              10        2              0              
650026800491926541            3         13:00     1                   9              10        1              0              
650026800491926541            3         14:00     3                   10             10        2              0              
650026800491926541            3         15:00     0                   8              10        2              0              
650026800491926541            3         16:00     2                   9              10        1              0              
650026800491926541            3         17:00     5                   9              10        4              0              
650026800491926541            3         18:00     3                   10             10        2              0              
650026800491926541            3         19:00     3                   11             10        2              0              
650026800491926541            3         20:00     2                   12             10        1              0              
650026800491926541            3         21:00     0                   7              10        5              0              
650026800491926541            3         22:00     0                   5              10        2              0              
650026800491926541            3         23:00     0                   2              10        3              0              
650026800491926541            4         0:00      2                   4              10        0              0              
650026800491926541            4         1:00      5                   8              10        1              0              
650026800491926541            4         2:00      1                   8              10        1              0              
650026800491926541            4         3:00      5                   10             10        3              0              
650026800491926541            4         4:00      3                   10             10        3              0              
650026800491926541            4         5:00      2                   9              10        3              0              
650026800491926541            4         6:00      3                   10             10        2              0              
650026800491926541            4         7:00      2                   11             10        1              0              
650026800491926541            4         8:00      1                   11             10        1              0              
650026800491926541            4         9:00      3                   14             10        0              0              
650026800491926541            4         10:00     1                   13             10        2              0              
650026800491926541            4         11:00     2                   9              10        6              0              
650026800491926541            4         12:00     5                   12             10        1              0              
650026800491926541            4         13:00     2                   14             10        0              0              
650026800491926541            4         14:00     3                   15             10        2              0              
650026800491926541            4         15:00     2                   16             10        1              0              
650026800491926541            4         16:00     5                   20             10        1              0              
650026800491926541            4         17:00     0                   16             10        4              0              
650026800491926541            4         18:00     1                   15             10        2              0              
650026800491926541            4         19:00     1                   15             10        1              0              
650026800491926541            4         20:00     4                   16             10        3              0              
650026800491926541            4         21:00     3                   13             10        6              0              
650026800491926541            4         22:00     5                   14             10        3              0              
650026800491926541            4         23:00     5                   16             10        2              0              
650026800491926541            5         0:00      0                   13             10        3              0              
650026800491926541            5         1:00      2                   11             10        4              0              
650026800491926541            5         2:00      3                   12             10        2              0              
650026800491926541            5         3:00      2                   14             10        0              0              
650026800491926541            5         4:00      2                   13             10        3              0              
650026800491926541            5         5:00      2                   15             10        0              0              
650026800491926541            5         6:00      1                   15             10        1              0              
650026800491926541            5         7:00      0                   11             10        4              0              
650026800491926541            5         8:00      4                   12             10        3              0              
650026800491926541            5         9:00      1                   12             10        1              0              
650026800491926541            5         10:00     0                   12             10        0              0              
650026800491926541            5         11:00     2                   7              10        7              0              
650026800491926541            5         12:00     1                   7              10        1              0              
650026800491926541            5         13:00     4                   11             10        0              0              
650026800491926541            5         14:00     0                   8              10        3              0              
650026800491926541            5         15:00     3                   7              10        4              0              
650026800491926541            5         16:00     1                   8              10        0              0              
650026800491926541            5         17:00     3                   9              10        2              0              
650026800491926541            5         18:00     0                   5              10        4              0              
650026800491926541            5         19:00     4                   5              10        4              0              
650026800491926541            5         20:00     0                   2              10        3              0              
650026800491926541            5         21:00     2                   1              10        3              0              
650026800491926541            5         22:00     5                   2              10        4              0              
650026800491926541            5         23:00     4                   6              10        0              0              
650026800491926541            6         0:00      4                   10             10        0              0              
650026800491926541            6         1:00      4                   13             10        1              0              
650026800491926541            6         2:00      2                   12             10        3              0              
650026800491926541            6         3:00      3                   13             10        2              0              
650026800491926541            6         4:00      0                   13             10        0              0              
650026800491926541            6         5:00      1                   12             10        2              0              
650026800491926541            6         6:00      3                   15             10        0              0              
650026800491926541            6         7:00      0                   15             10        0              0              
650026800491926541            6         8:00      0                   13             10        2              0              
650026800491926541            6         9:00      2                   14             10        1              0              
650026800491926541            6         10:00     3                   12             10        5              0              
650026800491926541            6         11:00     2                   13             10        1              0              
650026800491926541            6         12:00     1                   13             10        1              0              
650026800491926541            6         13:00     0                   9              10        4              0              
650026800491926541            6         14:00     0                   9              10        0              0              
650026800491926541            6         15:00     1                   7              10        3              0              
650026800491926541            6         16:00     4                   6              10        4              0              
650026800491926541            6         17:00     4                   7              10        3              0              
650026800491926541            6         18:00     5                   11             10        1              0              
650026800491926541            6         19:00     0                   10             10        1              0              
650026800491926541            6         20:00     4                   12             10        2              0              
650026800491926541            6         21:00     1                   11             10        2              0              
650026800491926541            6         22:00     1                   10             10        2              0              
650026800491926541            6         23:00     0                   7              10        3              0              
650026800491926541            7         0:00      5                   10             10        2              0              
650026800491926541            7         1:00      2                   11             10        1              0              
650026800491926541            7         2:00      4                   13             10        2              0              
650026800491926541            7         3:00      4                   15             10        2              0              
650026800491926541            7         4:00      4                   14             10        4              0              
650026800491926541            7         5:00      3                   14             10        3              0              
650026800491926541            7         6:00      5                   17             10        2              0              
650026800491926541            7         7:00      0                   11             10        6              0              
650026800491926541            7         8:00      1                   10             10        2              0              
650026800491926541            7         9:00      4                   10             10        3              0              
650026800491926541            7         10:00     5                   12             10        2              0              
650026800491926541            7         11:00     4                   16             10        0              0              
650026800491926541            7         12:00     5                   18             10        2              0              
650026800491926541            7         13:00     4                   20             10        2              0              
650026800491926541            7         14:00     3                   21             10        2              0              
650026800491926541            7         15:00     4                   25             10        0              0              
650026800491926541            7         16:00     5                   28             10        2              0              
650026800491926541            7         17:00     0                   24             10        4              0              
650026800491926541            7         18:00     4                   25             10        3              0              
650026800491926541            7         19:00     4                   27             10        2              0              
650026800491926541            7         20:00     4                   30             10        1              0              
650026800491926541            7         21:00     3                   32             10        1              0              
650026800491926541            7         22:00     5                   36             10        1              0              
650026800491926541            7         23:00     3                   37             10        1              0              
650026800491926541            8         0:00      4                   40             10        1              0              
650026800491926541            8         1:00      1                   40             10        0              0              
650026800491926541            8         2:00      1                   38             10        0              0              
650026800491926541            8         3:00      1                   36             10        1              0              
650026800491926541            8         4:00      2                   34             10        0              0              
650026800491926541            8         5:00      4                   35             10        0              0              
650026800491926541            8         6:00      3                   36             10        2              0              
650026800491926541            8         7:00      4                   35             10        5              0              
650026800491926541            8         8:00      3                   32             10        3              0              
650026800491926541            8         9:00      4                   36             10        0              0              
650026800491926541            8         10:00     0                   32             10        1              0              
650026800491926541            8         11:00     0                   28             10        1              0              
650026800491926541            8         12:00     2                   25             10        3              0              
650026800491926541            8         13:00     0                   25             10        0              0              
650026800491926541            8         14:00     2                   24             10        3              0              
650026800491926541            8         15:00     3                   23             10        4              0              
650026800491926541            8         16:00     5                   21             10        7              0              
650026800491926541            8         17:00     5                   23             10        2              0              
650026800491926541            8         18:00     0                   22             10        1              0              
650026800491926541            8         19:00     4                   22             10        4              0              
650026800491926541            8         20:00     5                   25             10        2              0              
650026800491926541            8         21:00     3                   25             10        3              0              
650026800491926541            8         22:00     0                   23             10        2              0              
650026800491926541            8         23:00     2                   22             10        2              0              
650026800491926541            9         0:00      3                   23             10        2              0              
650026800491926541            9         1:00      5                   26             10        2              0              
650026800491926541            9         2:00      3                   25             10        4              0              
650026800491926541            9         3:00      3                   27             10        1              0              
650026800491926541            9         4:00      5                   31             10        1              0              
650026800491926541            9         5:00      4                   33             10        2              0              
650026800491926541            9         6:00      4                   34             10        3              0              
650026800491926541            9         7:00      1                   35             10        0              0              
650026800491926541            9         8:00      1                   33             10        3              0              
650026800491926541            9         9:00      3                   33             10        2              0              
650026800491926541            9         10:00     0                   29             10        4              0              
650026800491926541            9         11:00     1                   29             10        1              0              
650026800491926541            9         12:00     3                   31             10        1              0              
650026800491926541            9         13:00     3                   30             10        4              0              
650026800491926541            9         14:00     2                   28             10        3              0              
650026800491926541            9         15:00     0                   28             10        0              0              
650026800491926541            9         16:00     4                   28             10        0              0              
650026800491926541            9         17:00     4                   26             10        5              0              
650026800491926541            9         18:00     2                   25             10        3              0              
650026800491926541            9         19:00     2                   25             10        1              0              
650026800491926541            9         20:00     2                   24             10        3              0              
650026800491926541            9         21:00     2                   24             10        2              0              
650026800491926541            9         22:00     1                   24             10        1              0              
650026800491926541            9         23:00     0                   23             10        1              0              
650026800491926541            10        0:00      3                   24             10        2              0              
650026800491926541            10        1:00      2                   24             10        1              0              
650026800491926541            10        2:00      2                   22             10        4              0              
650026800491926541            10        3:00      3                   23             10        2              0              
650026800491926541            10        4:00      3                   26             10        0              0              
650026800491926541            10        5:00      3                   28             10        0              0              
650026800491926541            10        6:00      1                   24             10        3              0              
650026800491926541            10        7:00      3                   26             10        1              0              
650026800491926541            10        8:00      1                   23             10        4              0              
650026800491926541            10        9:00      4                   22             10        5              0              
650026800491926541            10        10:00     1                   21             10        2              0              
650026800491926541            10        11:00     5                   24             10        2              0              
650026800491926541            10        12:00     0                   22             10        2              0              
650026800491926541            10        13:00     5                   25             10        2              0              
650026800491926541            10        14:00     1                   24             10        2              0              
650026800491926541            10        15:00     1                   25             10        0              0              
650026800491926541            10        16:00     0                   25             10        0              0              
650026800491926541            10        17:00     4                   26             10        1              0              
650026800491926541            10        18:00     2                   27             10        1              0              
650026800491926541            10        19:00     5                   30             10        2              0              
650026800491926541            10        20:00     4                   33             10        0              0              
650026800491926541            10        21:00     2                   32             10        3              0              
650026800491926541            10        22:00     0                   29             10        2              0              
650026800491926541            10        23:00     4                   30             10        1              0              
650026800491926541            11        0:00      5                   33             10        0              0              
650026800491926541            11        1:00      1                   30             10        4              0              
650026800491926541            11        2:00      3                   29             10        3              0              
650026800491926541            11        3:00      2                   29             10        2              0              
650026800491926541            11        4:00      5                   32             10        1              0              
650026800491926541            11        5:00      0                   29             10        3              0              
650026800491926541            11        6:00      1                   27             10        2              0              
650026800491926541            11        7:00      1                   26             10        2              0              
650026800491926541            11        8:00      0                   24             10        1              0              
650026800491926541            11        9:00      0                   21             10        0              0              
650026800491926541            11        10:00     4                   24             10        1              0              
650026800491926541            11        11:00     1                   23             10        0              0              
650026800491926541            11        12:00     2                   20             10        1              0              
650026800491926541            11        13:00     2                   18             10        2              0              
650026800491926541            11        14:00     2                   17             10        3              0              
650026800491926541            11        15:00     3                   18             10        2              0              
650026800491926541            11        16:00     5                   17             10        5              0              
650026800491926541            11        17:00     3                   18             10        2              0              
650026800491926541            11        18:00     4                   20             10        1              0              
650026800491926541            11        19:00     1                   19             10        2              0              
650026800491926541            11        20:00     2                   20             10        1              0              
650026800491926541            11        21:00     4                   21             10        2              0              
650026800491926541            11        22:00     0                   17             10        4              0              
650026800491926541            11        23:00     4                   18             10        3              0              
650026800491926541            12        0:00      0                   11             10        7              0              
650026800491926541            12        1:00      0                   4              10        7              0              
650026800491926541            12        2:00      5                   8              10        1              0              
650026800491926541            12        3:00      0                   7              10        1              0              
650026800491926541            12        4:00      5                   11             10        1              0              
650026800491926541            12        5:00      1                   9              10        3              0              
650026800491926541            12        6:00      4                   10             10        3              0              
650026800491926541            12        7:00      5                   13             10        2              0              
650026800491926541            12        8:00      0                   8              10        5              0              
650026800491926541            12        9:00      0                   4              10        4              0              
650026800491926541            12        10:00     2                   4              10        2              0              
650026800491926541            12        11:00     0                   0              10        4              0              
650026800491926541            12        12:00     0                   0              8         2              2              
650026800491926541            12        13:00     0                   0              7         1              3              
650026800491926541            12        14:00     5                   2              10        0              0              
650026800491926541            12        15:00     1                   0              9         4              1              
650026800491926541            12        16:00     5                   2              10        2              0              
650026800491926541            12        17:00     5                   1              10        4              0              
650026800491926541            12        18:00     0                   0              7         4              3              
650026800491926541            12        19:00     5                   0              8         4              2              
650026800491926541            12        20:00     5                   0              10        3              0              
650026800491926541            12        21:00     5                   4              10        1              0              
650026800491926541            12        22:00     0                   0              10        4              0              
650026800491926541            12        23:00     2                   1              10        1              0              
650026800491926541            13        0:00      1                   1              10        1              0              
650026800491926541            13        1:00      4                   3              10        2              0              
650026800491926541            13        2:00      3                   1              10        4              0              
650026800491926541            13        3:00      2                   3              10        0              0              
650026800491926541            13        4:00      5                   5              10        3              0              
650026800491926541            13        5:00      4                   9              10        0              0              
650026800491926541            13        6:00      1                   4              10        6              0              
650026800491926541            13        7:00      5                   8              10        1              0              
650026800491926541            13        8:00      2                   6              10        4              0              
650026800491926541            13        9:00      3                   8              10        1              0              
650026800491926541            13        10:00     3                   7              10        4              0              
650026800491926541            13        11:00     3                   6              10        4              0              
650026800491926541            13        12:00     1                   5              10        2              0              
650026800491926541            13        13:00     3                   5              10        3              0              
650026800491926541            13        14:00     2                   5              10        2              0              
650026800491926541            13        15:00     4                   9              10        0              0              
650026800491926541            13        16:00     4                   10             10        3              0              
650026800491926541            13        17:00     2                   12             10        0              0              
650026800491926541            13        18:00     4                   16             10        0              0              
650026800491926541            13        19:00     3                   18             10        1              0              
650026800491926541            13        20:00     3                   18             10        3              0              
650026800491926541            13        21:00     1                   16             10        3              0              
650026800491926541            13        22:00     5                   19             10        2              0              
650026800491926541            13        23:00     0                   17             10        2              0              
650026800491926541            14        0:00      5                   21             10        1              0              
650026800491926541            14        1:00      4                   22             10        2              0              
650026800491926541            14        2:00      5                   26             10        0              0              
650026800491926541            14        3:00      0                   22             10        4              0              
650026800491926541            14        4:00      1                   21             10        2              0              
650026800491926541            14        5:00      2                   21             10        2              0              
650026800491926541            14        6:00      2                   22             10        1              0              
650026800491926541            14        7:00      1                   22             10        0              0              
650026800491926541            14        8:00      3                   21             10        4              0              
650026800491926541            14        9:00      2                   20             10        3              0              
650026800491926541            14        10:00     5                   21             10        4              0              
650026800491926541            14        11:00     5                   21             10        5              0              
650026800491926541            14        12:00     4                   22             10        3              0              
650026800491926541            14        13:00     1                   20             10        3              0              
650026800491926541            14        14:00     3                   23             10        0              0              
650026800491926541            14        15:00     5                   26             10        1              0              
650026800491926541            14        16:00     0                   23             10        3              0              
650026800491926541            14        17:00     2                   25             10        0              0              
650026800491926541            14        18:00     4                   27             10        1              0              
650026800491926541            14        19:00     1                   27             10        1              0              
650026800491926541            14        20:00     2                   29             10        0              0              
650026800491926541            14        21:00     3                   28             10        3              0              
650026800491926541            14        22:00     4                   29             10        3              0              
650026800491926541            14        23:00     3                   30             10        1              0              
650026800491926541            15        0:00      2                   27             10        5              0              
650026800491926541            15        1:00      5                   28             10        3              0              
650026800491926541            15        2:00      1                   29             10        0              0              
650026800491926541            15        3:00      0                   27             10        2              0              
650026800491926541            15        4:00      0                   22             10        2              0              
650026800491926541            15        5:00      2                   20             10        4              0              
650026800491926541            15        6:00      2                   21             10        0              0              
650026800491926541            15        7:00      3                   23             10        1              0              
650026800491926541            15        8:00      5                   26             10        1              0              
650026800491926541            15        9:00      1                   26             10        0              0              
650026800491926541            15        10:00     4                   28             10        1              0              
650026800491926541            15        11:00     3                   26             10        5              0              
650026800491926541            15        12:00     2                   24             10        2              0              
650026800491926541            15        13:00     0                   21             10        0              0              
650026800491926541            15        14:00     0                   17             10        3              0              
650026800491926541            15        15:00     3                   17             10        3              0              
650026800491926541            15        16:00     0                   16             10        1              0              
650026800491926541            15        17:00     5                   17             10        4              0              
650026800491926541            15        18:00     4                   18             10        2              0              
650026800491926541            15        19:00     3                   21             10        0              0              
650026800491926541            15        20:00     2                   19             10        4              0              
650026800491926541            15        21:00     0                   15             10        4              0              
650026800491926541            15        22:00     2                   13             10        3              0              
650026800491926541            15        23:00     5                   16             10        2              0              
