Sim_N                         Day       AVG_SF_per_Day      
4055329226572663102           1         4.92                
4055329226572663102           2         3.50                
4055329226572663102           3         2.20                
4055329226572663102           4         2.61                
4055329226572663102           5         2.63                
4055329226572663102           6         2.83                
4055329226572663102           7         2.54                
4055329226572663102           8         2.11                
4055329226572663102           9         2.59                
4055329226572663102           10        2.10                
4055329226572663102           11        2.32                
4055329226572663102           12        1.73                
4055329226572663102           13        2.73                
4055329226572663102           14        2.24                
4055329226572663102           15        3.25                
