Sim_N                         Day       AVG_SF_per_Day      
1572071861920796814           1         3.57                
1572071861920796814           2         2.80                
1572071861920796814           3         3.67                
1572071861920796814           4         3.01                
1572071861920796814           5         4.82                
1572071861920796814           6         3.04                
1572071861920796814           7         2.34                
1572071861920796814           8         3.42                
1572071861920796814           9         3.68                
1572071861920796814           10        3.45                
1572071861920796814           11        2.62                
1572071861920796814           12        2.11                
1572071861920796814           13        2.14                
1572071861920796814           14        2.92                
1572071861920796814           15        4.10                
