Sim_N                         Day       AVG_SF_per_Day      
218988964410512940            1         4.79                
218988964410512940            2         2.47                
218988964410512940            3         2.21                
218988964410512940            4         3.74                
218988964410512940            5         3.28                
218988964410512940            6         2.42                
218988964410512940            7         3.01                
218988964410512940            8         2.64                
218988964410512940            9         3.10                
218988964410512940            10        2.83                
218988964410512940            11        3.40                
218988964410512940            12        3.97                
218988964410512940            13        3.72                
218988964410512940            14        2.39                
218988964410512940            15        3.84                
