Sim_N                         Day       AVG_SF_per_Day      
6674043683828054063           1         4.53                
6674043683828054063           2         3.47                
6674043683828054063           3         2.16                
6674043683828054063           4         2.43                
6674043683828054063           5         2.03                
6674043683828054063           6         2.58                
6674043683828054063           7         2.60                
6674043683828054063           8         3.16                
6674043683828054063           9         3.67                
6674043683828054063           10        2.14                
6674043683828054063           11        2.79                
6674043683828054063           12        2.68                
6674043683828054063           13        2.82                
6674043683828054063           14        3.15                
6674043683828054063           15        3.90                
