Sim_N                         Day       AVG_SF_per_Day      
8212855612434009142           1         3.71                
8212855612434009142           2         2.04                
8212855612434009142           3         2.60                
8212855612434009142           4         2.74                
8212855612434009142           5         2.45                
8212855612434009142           6         3.19                
8212855612434009142           7         2.68                
8212855612434009142           8         2.94                
8212855612434009142           9         3.75                
8212855612434009142           10        2.63                
8212855612434009142           11        2.07                
8212855612434009142           12        1.96                
8212855612434009142           13        2.69                
8212855612434009142           14        2.83                
8212855612434009142           15        3.93                
