Sim_N                         Day       AVG_SF_per_Day      
1378989051744006985           1         3.35                
1378989051744006985           2         3.63                
1378989051744006985           3         3.05                
1378989051744006985           4         2.50                
1378989051744006985           5         2.33                
1378989051744006985           6         2.80                
1378989051744006985           7         2.11                
1378989051744006985           8         2.11                
1378989051744006985           9         2.75                
1378989051744006985           10        3.19                
1378989051744006985           11        3.16                
1378989051744006985           12        2.51                
1378989051744006985           13        1.63                
1378989051744006985           14        2.56                
1378989051744006985           15        3.73                
