Sim_N                         Day       AVG_SF_per_Day      
614114968983557830            1         3.65                
614114968983557830            2         2.46                
614114968983557830            3         2.27                
614114968983557830            4         2.40                
614114968983557830            5         3.53                
614114968983557830            6         2.11                
614114968983557830            7         2.23                
614114968983557830            8         2.84                
614114968983557830            9         2.15                
614114968983557830            10        2.30                
614114968983557830            11        2.56                
614114968983557830            12        2.19                
614114968983557830            13        3.20                
614114968983557830            14        1.97                
614114968983557830            15        3.28                
