Sim_N                         Day       AVG_SF_per_Day      
8006190193550177284           1         3.95                
8006190193550177284           2         2.53                
8006190193550177284           3         2.31                
8006190193550177284           4         2.13                
8006190193550177284           5         2.23                
8006190193550177284           6         2.88                
8006190193550177284           7         2.88                
8006190193550177284           8         2.24                
8006190193550177284           9         3.28                
8006190193550177284           10        2.87                
8006190193550177284           11        2.60                
8006190193550177284           12        2.35                
8006190193550177284           13        2.73                
8006190193550177284           14        1.86                
8006190193550177284           15        3.80                
