Sim_N                         Day       AVG_SF_per_Day      
5879588763182740839           1         4.85                
5879588763182740839           2         4.51                
5879588763182740839           3         4.83                
5879588763182740839           4         2.52                
5879588763182740839           5         2.02                
5879588763182740839           6         2.21                
5879588763182740839           7         2.79                
5879588763182740839           8         3.25                
5879588763182740839           9         2.33                
5879588763182740839           10        3.30                
5879588763182740839           11        2.68                
5879588763182740839           12        2.90                
5879588763182740839           13        2.05                
5879588763182740839           14        2.51                
5879588763182740839           15        3.39                
