Sim_N                         Day       AVG_SF_per_Day      
5218750968398040451           1         5.00                
5218750968398040451           2         2.68                
5218750968398040451           3         2.50                
5218750968398040451           4         3.29                
5218750968398040451           5         2.72                
5218750968398040451           6         2.11                
5218750968398040451           7         2.10                
5218750968398040451           8         2.40                
5218750968398040451           9         2.17                
5218750968398040451           10        2.39                
5218750968398040451           11        2.73                
5218750968398040451           12        3.42                
5218750968398040451           13        3.30                
5218750968398040451           14        3.03                
5218750968398040451           15        3.75                
