Sim_N                         Day       AVG_SF_per_Day      
4000243633208262679           1         3.86                
4000243633208262679           2         1.87                
4000243633208262679           3         2.82                
4000243633208262679           4         2.75                
4000243633208262679           5         2.44                
4000243633208262679           6         2.39                
4000243633208262679           7         3.76                
4000243633208262679           8         4.20                
4000243633208262679           9         3.19                
4000243633208262679           10        2.97                
4000243633208262679           11        2.04                
4000243633208262679           12        2.83                
4000243633208262679           13        2.10                
4000243633208262679           14        2.77                
4000243633208262679           15        3.61                
