Sim_N                         Day       AVG_SF_per_Day      
651128131418764992            1         5.00                
651128131418764992            2         2.81                
651128131418764992            3         2.25                
651128131418764992            4         1.97                
651128131418764992            5         2.22                
651128131418764992            6         2.69                
651128131418764992            7         2.59                
651128131418764992            8         2.45                
651128131418764992            9         2.16                
651128131418764992            10        2.74                
651128131418764992            11        3.02                
651128131418764992            12        3.32                
651128131418764992            13        2.63                
651128131418764992            14        3.44                
651128131418764992            15        3.14                
