Sim_N                         Day       AVG_SF_per_Day      
2942494255864795369           1         4.56                
2942494255864795369           2         4.19                
2942494255864795369           3         4.89                
2942494255864795369           4         4.29                
2942494255864795369           5         1.53                
2942494255864795369           6         2.04                
2942494255864795369           7         3.40                
2942494255864795369           8         2.51                
2942494255864795369           9         3.05                
2942494255864795369           10        3.10                
2942494255864795369           11        3.07                
2942494255864795369           12        3.49                
2942494255864795369           13        4.78                
2942494255864795369           14        3.60                
2942494255864795369           15        3.75                
