Sim_N                         Day       AVG_SF_per_Day      
2207861849779283206           1         4.91                
2207861849779283206           2         4.39                
2207861849779283206           3         4.09                
2207861849779283206           4         2.94                
2207861849779283206           5         2.38                
2207861849779283206           6         2.63                
2207861849779283206           7         3.54                
2207861849779283206           8         3.49                
2207861849779283206           9         2.75                
2207861849779283206           10        4.68                
2207861849779283206           11        4.61                
2207861849779283206           12        3.27                
2207861849779283206           13        2.29                
2207861849779283206           14        2.00                
2207861849779283206           15        3.89                
