Sim_N                         Day       AVG_SF_per_Day      
1515126089189504520           1         3.67                
1515126089189504520           2         2.37                
1515126089189504520           3         3.90                
1515126089189504520           4         3.19                
1515126089189504520           5         1.79                
1515126089189504520           6         1.88                
1515126089189504520           7         2.02                
1515126089189504520           8         1.93                
1515126089189504520           9         3.27                
1515126089189504520           10        2.49                
1515126089189504520           11        2.62                
1515126089189504520           12        2.91                
1515126089189504520           13        2.46                
1515126089189504520           14        1.69                
1515126089189504520           15        3.53                
