Sim_N                         Day       AVG_SF_per_Day      
5823664619538376921           1         3.90                
5823664619538376921           2         2.63                
5823664619538376921           3         2.42                
5823664619538376921           4         4.20                
5823664619538376921           5         2.77                
5823664619538376921           6         2.97                
5823664619538376921           7         1.71                
5823664619538376921           8         3.07                
5823664619538376921           9         2.47                
5823664619538376921           10        2.88                
5823664619538376921           11        2.33                
5823664619538376921           12        1.98                
5823664619538376921           13        2.43                
5823664619538376921           14        2.69                
5823664619538376921           15        4.31                
