Sim_N                         Day       Time      New_Patients        Waiting        Assigned  Discharged     Beds_Avail_EOH 
8476308779850424156           1         0:00      0                   0              0         0              15             
8476308779850424156           1         1:00      4                   0              4         0              11             
8476308779850424156           1         2:00      4                   0              7         1              8              
8476308779850424156           1         3:00      2                   0              7         2              8              
8476308779850424156           1         4:00      5                   0              11        1              4              
8476308779850424156           1         5:00      4                   0              13        2              2              
8476308779850424156           1         6:00      2                   0              14        1              1              
8476308779850424156           1         7:00      1                   0              13        2              2              
8476308779850424156           1         8:00      1                   0              11        3              4              
8476308779850424156           1         9:00      2                   0              12        1              3              
8476308779850424156           1         10:00     4                   0              15        1              0              
8476308779850424156           1         11:00     2                   0              12        5              3              
8476308779850424156           1         12:00     0                   0              12        0              3              
8476308779850424156           1         13:00     4                   1              15        0              0              
8476308779850424156           1         14:00     4                   3              15        2              0              
8476308779850424156           1         15:00     3                   2              15        3              0              
8476308779850424156           1         16:00     2                   0              15        4              0              
8476308779850424156           1         17:00     4                   4              15        0              0              
8476308779850424156           1         18:00     0                   4              15        0              0              
8476308779850424156           1         19:00     0                   3              15        1              0              
8476308779850424156           1         20:00     2                   0              15        5              0              
8476308779850424156           1         21:00     5                   3              15        2              0              
8476308779850424156           1         22:00     1                   2              15        2              0              
8476308779850424156           1         23:00     4                   3              15        3              0              
8476308779850424156           2         0:00      5                   6              15        2              0              
8476308779850424156           2         1:00      0                   4              15        2              0              
8476308779850424156           2         2:00      1                   1              15        4              0              
8476308779850424156           2         3:00      0                   0              13        3              2              
8476308779850424156           2         4:00      5                   2              15        1              0              
8476308779850424156           2         5:00      2                   0              15        4              0              
8476308779850424156           2         6:00      3                   0              15        3              0              
8476308779850424156           2         7:00      2                   0              15        2              0              
8476308779850424156           2         8:00      2                   0              15        2              0              
8476308779850424156           2         9:00      1                   0              14        2              1              
8476308779850424156           2         10:00     0                   0              11        3              4              
8476308779850424156           2         11:00     3                   0              11        3              4              
8476308779850424156           2         12:00     3                   0              14        0              1              
8476308779850424156           2         13:00     4                   0              14        4              1              
8476308779850424156           2         14:00     2                   0              14        2              1              
8476308779850424156           2         15:00     1                   0              11        4              4              
8476308779850424156           2         16:00     2                   0              12        1              3              
8476308779850424156           2         17:00     3                   0              10        5              5              
8476308779850424156           2         18:00     4                   0              9         4              6              
8476308779850424156           2         19:00     0                   0              9         0              6              
8476308779850424156           2         20:00     5                   0              13        1              2              
8476308779850424156           2         21:00     4                   2              15        0              0              
8476308779850424156           2         22:00     0                   1              15        1              0              
8476308779850424156           2         23:00     1                   0              15        2              0              
8476308779850424156           3         0:00      5                   2              15        2              0              
8476308779850424156           3         1:00      1                   2              15        1              0              
8476308779850424156           3         2:00      1                   3              15        0              0              
8476308779850424156           3         3:00      1                   2              15        2              0              
8476308779850424156           3         4:00      5                   3              15        4              0              
8476308779850424156           3         5:00      3                   5              15        1              0              
8476308779850424156           3         6:00      4                   9              15        0              0              
8476308779850424156           3         7:00      0                   7              15        2              0              
8476308779850424156           3         8:00      5                   8              15        4              0              
8476308779850424156           3         9:00      5                   12             15        1              0              
8476308779850424156           3         10:00     5                   15             15        2              0              
8476308779850424156           3         11:00     4                   17             15        2              0              
8476308779850424156           3         12:00     2                   18             15        1              0              
8476308779850424156           3         13:00     3                   17             15        4              0              
8476308779850424156           3         14:00     4                   20             15        1              0              
8476308779850424156           3         15:00     1                   19             15        2              0              
8476308779850424156           3         16:00     3                   21             15        1              0              
8476308779850424156           3         17:00     2                   17             15        6              0              
8476308779850424156           3         18:00     2                   13             15        6              0              
8476308779850424156           3         19:00     0                   9              15        4              0              
8476308779850424156           3         20:00     2                   4              15        7              0              
8476308779850424156           3         21:00     5                   6              15        3              0              
8476308779850424156           3         22:00     0                   4              15        2              0              
8476308779850424156           3         23:00     2                   4              15        2              0              
8476308779850424156           4         0:00      0                   3              15        1              0              
8476308779850424156           4         1:00      0                   2              15        1              0              
8476308779850424156           4         2:00      4                   4              15        2              0              
8476308779850424156           4         3:00      4                   7              15        1              0              
8476308779850424156           4         4:00      3                   8              15        2              0              
8476308779850424156           4         5:00      2                   9              15        0              0              
8476308779850424156           4         6:00      2                   10             15        1              0              
8476308779850424156           4         7:00      0                   8              15        2              0              
8476308779850424156           4         8:00      1                   6              15        3              0              
8476308779850424156           4         9:00      5                   8              15        3              0              
8476308779850424156           4         10:00     0                   6              15        2              0              
8476308779850424156           4         11:00     5                   10             15        1              0              
8476308779850424156           4         12:00     2                   10             15        2              0              
8476308779850424156           4         13:00     0                   7              15        3              0              
8476308779850424156           4         14:00     5                   11             15        1              0              
8476308779850424156           4         15:00     5                   11             15        5              0              
8476308779850424156           4         16:00     5                   10             15        5              0              
8476308779850424156           4         17:00     0                   7              15        3              0              
8476308779850424156           4         18:00     3                   8              15        2              0              
8476308779850424156           4         19:00     3                   9              15        2              0              
8476308779850424156           4         20:00     5                   10             15        4              0              
8476308779850424156           4         21:00     5                   13             15        2              0              
8476308779850424156           4         22:00     4                   14             15        2              0              
8476308779850424156           4         23:00     3                   16             15        1              0              
8476308779850424156           5         0:00      5                   18             15        3              0              
8476308779850424156           5         1:00      2                   17             15        3              0              
8476308779850424156           5         2:00      1                   16             15        2              0              
8476308779850424156           5         3:00      3                   16             15        3              0              
8476308779850424156           5         4:00      3                   17             15        2              0              
8476308779850424156           5         5:00      4                   15             15        6              0              
8476308779850424156           5         6:00      0                   11             15        4              0              
8476308779850424156           5         7:00      5                   10             15        6              0              
8476308779850424156           5         8:00      4                   10             15        4              0              
8476308779850424156           5         9:00      5                   12             15        3              0              
8476308779850424156           5         10:00     3                   12             15        3              0              
8476308779850424156           5         11:00     2                   12             15        2              0              
8476308779850424156           5         12:00     2                   10             15        4              0              
8476308779850424156           5         13:00     4                   13             15        0              0              
8476308779850424156           5         14:00     3                   14             15        2              0              
8476308779850424156           5         15:00     1                   12             15        2              0              
8476308779850424156           5         16:00     4                   16             15        0              0              
8476308779850424156           5         17:00     5                   17             15        4              0              
8476308779850424156           5         18:00     3                   16             15        4              0              
8476308779850424156           5         19:00     0                   14             15        2              0              
8476308779850424156           5         20:00     0                   8              15        6              0              
8476308779850424156           5         21:00     3                   8              15        3              0              
8476308779850424156           5         22:00     2                   6              15        4              0              
8476308779850424156           5         23:00     5                   5              15        6              0              
8476308779850424156           6         0:00      0                   5              15        0              0              
8476308779850424156           6         1:00      4                   5              15        4              0              
8476308779850424156           6         2:00      5                   8              15        2              0              
8476308779850424156           6         3:00      1                   8              15        1              0              
8476308779850424156           6         4:00      5                   11             15        2              0              
8476308779850424156           6         5:00      1                   10             15        2              0              
8476308779850424156           6         6:00      2                   11             15        1              0              
8476308779850424156           6         7:00      0                   6              15        5              0              
8476308779850424156           6         8:00      0                   2              15        4              0              
8476308779850424156           6         9:00      4                   5              15        0              0              
8476308779850424156           6         10:00     3                   3              15        5              0              
8476308779850424156           6         11:00     5                   3              15        4              0              
8476308779850424156           6         12:00     2                   2              15        3              0              
8476308779850424156           6         13:00     0                   0              15        2              0              
8476308779850424156           6         14:00     1                   1              15        0              0              
8476308779850424156           6         15:00     1                   0              13        4              2              
8476308779850424156           6         16:00     4                   0              14        3              1              
8476308779850424156           6         17:00     3                   0              12        5              3              
8476308779850424156           6         18:00     3                   0              12        2              3              
8476308779850424156           6         19:00     1                   0              11        2              4              
8476308779850424156           6         20:00     3                   0              14        0              1              
8476308779850424156           6         21:00     0                   0              8         6              7              
8476308779850424156           6         22:00     2                   0              9         1              6              
8476308779850424156           6         23:00     4                   0              11        2              4              
8476308779850424156           7         0:00      1                   0              9         2              6              
8476308779850424156           7         1:00      0                   0              7         2              8              
8476308779850424156           7         2:00      5                   0              10        2              5              
8476308779850424156           7         3:00      5                   0              13        2              2              
8476308779850424156           7         4:00      2                   0              12        3              3              
8476308779850424156           7         5:00      5                   0              13        4              2              
8476308779850424156           7         6:00      5                   1              15        2              0              
8476308779850424156           7         7:00      4                   0              15        5              0              
8476308779850424156           7         8:00      0                   0              12        3              3              
8476308779850424156           7         9:00      1                   0              12        1              3              
8476308779850424156           7         10:00     4                   0              13        3              2              
8476308779850424156           7         11:00     1                   0              12        2              3              
8476308779850424156           7         12:00     1                   0              9         4              6              
8476308779850424156           7         13:00     3                   0              10        2              5              
8476308779850424156           7         14:00     5                   0              14        0              1              
8476308779850424156           7         15:00     3                   1              15        1              0              
8476308779850424156           7         16:00     4                   1              15        3              0              
8476308779850424156           7         17:00     2                   0              15        3              0              
8476308779850424156           7         18:00     4                   0              15        4              0              
8476308779850424156           7         19:00     0                   0              9         6              6              
8476308779850424156           7         20:00     2                   0              11        0              4              
8476308779850424156           7         21:00     1                   0              11        1              4              
8476308779850424156           7         22:00     5                   0              14        2              1              
8476308779850424156           7         23:00     3                   0              15        2              0              
8476308779850424156           8         0:00      1                   0              13        3              2              
8476308779850424156           8         1:00      5                   0              13        3              2              
8476308779850424156           8         2:00      2                   0              12        3              3              
8476308779850424156           8         3:00      5                   1              15        1              0              
8476308779850424156           8         4:00      1                   0              14        3              1              
8476308779850424156           8         5:00      0                   0              11        3              4              
8476308779850424156           8         6:00      4                   0              9         6              6              
8476308779850424156           8         7:00      4                   0              11        2              4              
8476308779850424156           8         8:00      4                   0              13        2              2              
8476308779850424156           8         9:00      0                   0              10        3              5              
8476308779850424156           8         10:00     5                   0              10        5              5              
8476308779850424156           8         11:00     0                   0              9         1              6              
8476308779850424156           8         12:00     3                   0              9         3              6              
8476308779850424156           8         13:00     2                   0              11        0              4              
8476308779850424156           8         14:00     1                   0              9         3              6              
8476308779850424156           8         15:00     5                   0              14        0              1              
8476308779850424156           8         16:00     5                   3              15        1              0              
8476308779850424156           8         17:00     5                   4              15        4              0              
8476308779850424156           8         18:00     0                   3              15        1              0              
8476308779850424156           8         19:00     2                   2              15        3              0              
8476308779850424156           8         20:00     2                   1              15        3              0              
8476308779850424156           8         21:00     3                   0              14        5              1              
8476308779850424156           8         22:00     3                   0              13        4              2              
8476308779850424156           8         23:00     5                   0              13        5              2              
8476308779850424156           9         0:00      5                   0              15        3              0              
8476308779850424156           9         1:00      5                   4              15        1              0              
8476308779850424156           9         2:00      2                   0              12        9              3              
8476308779850424156           9         3:00      1                   0              10        3              5              
8476308779850424156           9         4:00      4                   0              12        2              3              
8476308779850424156           9         5:00      4                   0              13        2              2              
8476308779850424156           9         6:00      1                   0              10        4              5              
8476308779850424156           9         7:00      2                   0              10        2              5              
8476308779850424156           9         8:00      1                   0              9         2              6              
8476308779850424156           9         9:00      0                   0              9         0              6              
8476308779850424156           9         10:00     3                   0              11        1              4              
8476308779850424156           9         11:00     2                   0              11        2              4              
8476308779850424156           9         12:00     5                   0              14        2              1              
8476308779850424156           9         13:00     5                   3              15        1              0              
8476308779850424156           9         14:00     2                   3              15        2              0              
8476308779850424156           9         15:00     3                   2              15        4              0              
8476308779850424156           9         16:00     1                   0              15        3              0              
8476308779850424156           9         17:00     5                   3              15        2              0              
8476308779850424156           9         18:00     1                   2              15        2              0              
8476308779850424156           9         19:00     0                   0              13        4              2              
8476308779850424156           9         20:00     1                   0              14        0              1              
8476308779850424156           9         21:00     0                   0              12        2              3              
8476308779850424156           9         22:00     2                   0              14        0              1              
8476308779850424156           9         23:00     2                   0              12        4              3              
8476308779850424156           10        0:00      5                   0              14        3              1              
8476308779850424156           10        1:00      4                   0              14        4              1              
8476308779850424156           10        2:00      2                   0              11        5              4              
8476308779850424156           10        3:00      1                   0              12        0              3              
8476308779850424156           10        4:00      3                   0              12        3              3              
8476308779850424156           10        5:00      1                   0              10        3              5              
8476308779850424156           10        6:00      2                   0              11        0              4              
8476308779850424156           10        7:00      1                   0              10        2              5              
8476308779850424156           10        8:00      1                   0              10        1              5              
8476308779850424156           10        9:00      3                   0              9         4              6              
8476308779850424156           10        10:00     5                   0              12        2              3              
8476308779850424156           10        11:00     4                   0              14        2              1              
8476308779850424156           10        12:00     0                   0              10        4              5              
8476308779850424156           10        13:00     5                   0              13        2              2              
8476308779850424156           10        14:00     5                   3              15        0              0              
8476308779850424156           10        15:00     3                   1              15        5              0              
8476308779850424156           10        16:00     2                   1              15        2              0              
8476308779850424156           10        17:00     4                   2              15        3              0              
8476308779850424156           10        18:00     5                   2              15        5              0              
8476308779850424156           10        19:00     0                   0              15        2              0              
8476308779850424156           10        20:00     0                   0              14        1              1              
8476308779850424156           10        21:00     4                   0              14        4              1              
8476308779850424156           10        22:00     5                   3              15        1              0              
8476308779850424156           10        23:00     3                   2              15        4              0              
8476308779850424156           11        0:00      0                   0              14        3              1              
8476308779850424156           11        1:00      3                   0              14        3              1              
8476308779850424156           11        2:00      0                   0              11        3              4              
8476308779850424156           11        3:00      2                   0              11        2              4              
8476308779850424156           11        4:00      5                   1              15        0              0              
8476308779850424156           11        5:00      3                   1              15        3              0              
8476308779850424156           11        6:00      4                   1              15        4              0              
8476308779850424156           11        7:00      3                   0              14        5              1              
8476308779850424156           11        8:00      5                   1              15        3              0              
8476308779850424156           11        9:00      2                   3              15        0              0              
8476308779850424156           11        10:00     0                   0              14        4              1              
8476308779850424156           11        11:00     3                   0              12        5              3              
8476308779850424156           11        12:00     4                   0              13        3              2              
8476308779850424156           11        13:00     1                   0              10        4              5              
8476308779850424156           11        14:00     0                   0              9         1              6              
8476308779850424156           11        15:00     0                   0              8         1              7              
8476308779850424156           11        16:00     4                   0              9         2              6              
8476308779850424156           11        17:00     3                   0              11        1              4              
8476308779850424156           11        18:00     3                   0              12        2              3              
8476308779850424156           11        19:00     0                   0              10        2              5              
8476308779850424156           11        20:00     5                   0              13        1              2              
8476308779850424156           11        21:00     4                   0              14        2              1              
8476308779850424156           11        22:00     0                   0              11        3              4              
8476308779850424156           11        23:00     1                   0              11        1              4              
8476308779850424156           12        0:00      0                   0              10        1              5              
8476308779850424156           12        1:00      3                   0              10        2              5              
8476308779850424156           12        2:00      2                   0              11        1              4              
8476308779850424156           12        3:00      1                   0              11        1              4              
8476308779850424156           12        4:00      4                   0              14        1              1              
8476308779850424156           12        5:00      4                   0              15        3              0              
8476308779850424156           12        6:00      4                   0              14        4              1              
8476308779850424156           12        7:00      0                   0              12        2              3              
8476308779850424156           12        8:00      3                   0              13        2              2              
8476308779850424156           12        9:00      0                   0              11        2              4              
8476308779850424156           12        10:00     5                   1              15        0              0              
8476308779850424156           12        11:00     5                   2              15        3              0              
8476308779850424156           12        12:00     1                   0              13        5              2              
8476308779850424156           12        13:00     4                   0              12        5              3              
8476308779850424156           12        14:00     5                   0              12        5              3              
8476308779850424156           12        15:00     3                   0              11        4              4              
8476308779850424156           12        16:00     3                   0              11        3              4              
8476308779850424156           12        17:00     0                   0              11        0              4              
8476308779850424156           12        18:00     0                   0              9         2              6              
8476308779850424156           12        19:00     3                   0              11        1              4              
8476308779850424156           12        20:00     3                   0              11        3              4              
8476308779850424156           12        21:00     0                   0              8         3              7              
8476308779850424156           12        22:00     5                   0              11        2              4              
8476308779850424156           12        23:00     3                   0              13        1              2              
8476308779850424156           13        0:00      5                   0              14        4              1              
8476308779850424156           13        1:00      5                   1              15        3              0              
8476308779850424156           13        2:00      3                   2              15        2              0              
8476308779850424156           13        3:00      5                   1              15        4              0              
8476308779850424156           13        4:00      5                   5              15        1              0              
8476308779850424156           13        5:00      1                   5              15        1              0              
8476308779850424156           13        6:00      0                   3              15        2              0              
8476308779850424156           13        7:00      2                   4              15        1              0              
8476308779850424156           13        8:00      3                   3              15        4              0              
8476308779850424156           13        9:00      3                   4              15        2              0              
8476308779850424156           13        10:00     1                   2              15        3              0              
8476308779850424156           13        11:00     3                   0              13        6              2              
8476308779850424156           13        12:00     2                   0              11        4              4              
8476308779850424156           13        13:00     3                   0              7         6              8              
8476308779850424156           13        14:00     2                   0              8         1              7              
8476308779850424156           13        15:00     5                   0              11        2              4              
8476308779850424156           13        16:00     5                   0              14        2              1              
8476308779850424156           13        17:00     3                   0              14        3              1              
8476308779850424156           13        18:00     2                   0              13        3              2              
8476308779850424156           13        19:00     1                   0              12        2              3              
8476308779850424156           13        20:00     0                   0              10        2              5              
8476308779850424156           13        21:00     0                   0              9         1              6              
8476308779850424156           13        22:00     5                   0              12        2              3              
8476308779850424156           13        23:00     0                   0              10        2              5              
8476308779850424156           14        0:00      3                   0              11        2              4              
8476308779850424156           14        1:00      3                   0              13        1              2              
8476308779850424156           14        2:00      3                   0              14        2              1              
8476308779850424156           14        3:00      2                   0              15        1              0              
8476308779850424156           14        4:00      3                   0              14        4              1              
8476308779850424156           14        5:00      3                   1              15        1              0              
8476308779850424156           14        6:00      4                   0              15        5              0              
8476308779850424156           14        7:00      5                   5              15        0              0              
8476308779850424156           14        8:00      1                   3              15        3              0              
8476308779850424156           14        9:00      5                   7              15        1              0              
8476308779850424156           14        10:00     5                   10             15        1              0              
8476308779850424156           14        11:00     4                   11             15        3              0              
8476308779850424156           14        12:00     1                   10             15        2              0              
8476308779850424156           14        13:00     2                   8              15        4              0              
8476308779850424156           14        14:00     0                   6              15        2              0              
8476308779850424156           14        15:00     1                   1              15        6              0              
8476308779850424156           14        16:00     1                   1              15        1              0              
8476308779850424156           14        17:00     5                   3              15        3              0              
8476308779850424156           14        18:00     1                   2              15        2              0              
8476308779850424156           14        19:00     0                   0              14        3              1              
8476308779850424156           14        20:00     4                   0              14        3              1              
8476308779850424156           14        21:00     1                   0              15        0              0              
8476308779850424156           14        22:00     0                   0              12        3              3              
8476308779850424156           14        23:00     0                   0              10        2              5              
8476308779850424156           15        0:00      1                   0              9         2              6              
8476308779850424156           15        1:00      3                   0              11        1              4              
8476308779850424156           15        2:00      0                   0              10        1              5              
8476308779850424156           15        3:00      0                   0              9         1              6              
8476308779850424156           15        4:00      5                   0              14        0              1              
8476308779850424156           15        5:00      5                   0              15        4              0              
8476308779850424156           15        6:00      3                   0              11        7              4              
8476308779850424156           15        7:00      2                   0              8         5              7              
8476308779850424156           15        8:00      5                   0              10        3              5              
8476308779850424156           15        9:00      3                   0              13        0              2              
8476308779850424156           15        10:00     0                   0              10        3              5              
8476308779850424156           15        11:00     2                   0              8         4              7              
8476308779850424156           15        12:00     5                   0              12        1              3              
8476308779850424156           15        13:00     0                   0              9         3              6              
8476308779850424156           15        14:00     4                   0              11        2              4              
8476308779850424156           15        15:00     3                   0              14        0              1              
8476308779850424156           15        16:00     4                   0              14        4              1              
8476308779850424156           15        17:00     3                   0              13        4              2              
8476308779850424156           15        18:00     5                   0              14        4              1              
8476308779850424156           15        19:00     1                   0              13        2              2              
8476308779850424156           15        20:00     1                   0              14        0              1              
8476308779850424156           15        21:00     3                   0              15        2              0              
8476308779850424156           15        22:00     3                   0              13        5              2              
8476308779850424156           15        23:00     5                   1              15        2              0              
