Sim_N                         Day       Time      New_Patients        Waiting        Assigned  Discharged     Beds_Avail_EOH 
8773201557965289780           1         0:00      4                   0              4         0              11             
8773201557965289780           1         1:00      0                   0              4         0              11             
8773201557965289780           1         2:00      2                   0              4         2              11             
8773201557965289780           1         3:00      2                   0              6         0              9              
8773201557965289780           1         4:00      3                   0              7         2              8              
8773201557965289780           1         5:00      5                   0              9         3              6              
8773201557965289780           1         6:00      5                   0              12        2              3              
8773201557965289780           1         7:00      3                   0              11        4              4              
8773201557965289780           1         8:00      4                   0              13        2              2              
8773201557965289780           1         9:00      5                   0              13        5              2              
8773201557965289780           1         10:00     3                   0              12        4              3              
8773201557965289780           1         11:00     4                   0              14        1              1              
8773201557965289780           1         12:00     3                   0              15        2              0              
8773201557965289780           1         13:00     2                   0              12        5              3              
8773201557965289780           1         14:00     2                   0              11        3              4              
8773201557965289780           1         15:00     2                   0              10        3              5              
8773201557965289780           1         16:00     0                   0              9         1              6              
8773201557965289780           1         17:00     1                   0              7         3              8              
8773201557965289780           1         18:00     3                   0              9         1              6              
8773201557965289780           1         19:00     1                   0              7         3              8              
8773201557965289780           1         20:00     5                   0              11        1              4              
8773201557965289780           1         21:00     5                   0              14        2              1              
8773201557965289780           1         22:00     5                   0              15        3              0              
8773201557965289780           1         23:00     5                   4              15        1              0              
8773201557965289780           2         0:00      2                   3              15        3              0              
8773201557965289780           2         1:00      0                   0              15        3              0              
8773201557965289780           2         2:00      1                   0              14        2              1              
8773201557965289780           2         3:00      5                   3              15        1              0              
8773201557965289780           2         4:00      5                   7              15        0              0              
8773201557965289780           2         5:00      1                   6              15        2              0              
8773201557965289780           2         6:00      5                   11             15        0              0              
8773201557965289780           2         7:00      1                   11             15        1              0              
8773201557965289780           2         8:00      5                   13             15        3              0              
8773201557965289780           2         9:00      0                   8              15        5              0              
8773201557965289780           2         10:00     1                   8              15        1              0              
8773201557965289780           2         11:00     3                   8              15        3              0              
8773201557965289780           2         12:00     5                   9              15        4              0              
8773201557965289780           2         13:00     3                   8              15        4              0              
8773201557965289780           2         14:00     2                   10             15        0              0              
8773201557965289780           2         15:00     0                   8              15        2              0              
8773201557965289780           2         16:00     5                   10             15        3              0              
8773201557965289780           2         17:00     3                   9              15        4              0              
8773201557965289780           2         18:00     0                   5              15        4              0              
8773201557965289780           2         19:00     2                   2              15        4              0              
8773201557965289780           2         20:00     3                   1              15        4              0              
8773201557965289780           2         21:00     5                   4              15        2              0              
8773201557965289780           2         22:00     5                   4              15        4              0              
8773201557965289780           2         23:00     0                   1              15        3              0              
8773201557965289780           3         0:00      4                   1              15        4              0              
8773201557965289780           3         1:00      0                   0              12        4              3              
8773201557965289780           3         2:00      0                   0              9         3              6              
8773201557965289780           3         3:00      5                   0              11        3              4              
8773201557965289780           3         4:00      4                   0              15        0              0              
8773201557965289780           3         5:00      4                   0              15        4              0              
8773201557965289780           3         6:00      1                   0              15        1              0              
8773201557965289780           3         7:00      1                   0              14        2              1              
8773201557965289780           3         8:00      2                   0              12        4              3              
8773201557965289780           3         9:00      3                   0              13        2              2              
8773201557965289780           3         10:00     2                   0              12        3              3              
8773201557965289780           3         11:00     2                   0              11        2              4              
8773201557965289780           3         12:00     5                   0              14        2              1              
8773201557965289780           3         13:00     4                   0              14        4              1              
8773201557965289780           3         14:00     1                   0              13        2              2              
8773201557965289780           3         15:00     1                   0              12        2              3              
8773201557965289780           3         16:00     5                   0              13        4              2              
8773201557965289780           3         17:00     3                   0              15        1              0              
8773201557965289780           3         18:00     3                   0              14        4              1              
8773201557965289780           3         19:00     5                   0              14        5              1              
8773201557965289780           3         20:00     5                   0              15        4              0              
8773201557965289780           3         21:00     5                   0              13        7              2              
8773201557965289780           3         22:00     1                   0              12        2              3              
8773201557965289780           3         23:00     2                   0              12        2              3              
8773201557965289780           4         0:00      4                   0              11        5              4              
8773201557965289780           4         1:00      1                   0              10        2              5              
8773201557965289780           4         2:00      5                   0              12        3              3              
8773201557965289780           4         3:00      2                   0              13        1              2              
8773201557965289780           4         4:00      1                   0              12        2              3              
8773201557965289780           4         5:00      4                   0              12        4              3              
8773201557965289780           4         6:00      1                   0              11        2              4              
8773201557965289780           4         7:00      2                   0              8         4              7              
8773201557965289780           4         8:00      4                   0              10        1              5              
8773201557965289780           4         9:00      3                   0              9         4              6              
8773201557965289780           4         10:00     0                   0              8         1              7              
8773201557965289780           4         11:00     2                   0              8         2              7              
8773201557965289780           4         12:00     3                   0              9         2              6              
8773201557965289780           4         13:00     5                   0              12        2              3              
8773201557965289780           4         14:00     3                   0              14        1              1              
8773201557965289780           4         15:00     2                   0              15        1              0              
8773201557965289780           4         16:00     0                   0              11        4              4              
8773201557965289780           4         17:00     5                   0              11        4              4              
8773201557965289780           4         18:00     1                   0              10        2              5              
8773201557965289780           4         19:00     3                   0              9         4              6              
8773201557965289780           4         20:00     2                   0              8         3              7              
8773201557965289780           4         21:00     1                   0              9         0              6              
8773201557965289780           4         22:00     3                   0              10        2              5              
8773201557965289780           4         23:00     1                   0              7         4              8              
8773201557965289780           5         0:00      3                   0              8         2              7              
8773201557965289780           5         1:00      5                   0              11        1              4              
8773201557965289780           5         2:00      4                   0              11        4              4              
8773201557965289780           5         3:00      0                   0              8         3              7              
8773201557965289780           5         4:00      3                   0              11        0              4              
8773201557965289780           5         5:00      1                   0              12        0              3              
8773201557965289780           5         6:00      5                   0              14        2              1              
8773201557965289780           5         7:00      1                   0              14        1              1              
8773201557965289780           5         8:00      3                   1              15        1              0              
8773201557965289780           5         9:00      1                   0              12        5              3              
8773201557965289780           5         10:00     4                   0              14        2              1              
8773201557965289780           5         11:00     1                   0              15        0              0              
8773201557965289780           5         12:00     4                   0              13        6              2              
8773201557965289780           5         13:00     1                   0              11        3              4              
8773201557965289780           5         14:00     2                   0              11        2              4              
8773201557965289780           5         15:00     3                   0              12        2              3              
8773201557965289780           5         16:00     3                   0              14        1              1              
8773201557965289780           5         17:00     4                   2              15        1              0              
8773201557965289780           5         18:00     1                   3              15        0              0              
8773201557965289780           5         19:00     4                   4              15        3              0              
8773201557965289780           5         20:00     5                   6              15        3              0              
8773201557965289780           5         21:00     5                   10             15        0              0              
8773201557965289780           5         22:00     4                   10             15        4              0              
8773201557965289780           5         23:00     4                   10             15        4              0              
8773201557965289780           6         0:00      1                   9              15        2              0              
8773201557965289780           6         1:00      4                   13             15        0              0              
8773201557965289780           6         2:00      0                   10             15        3              0              
8773201557965289780           6         3:00      5                   13             15        2              0              
8773201557965289780           6         4:00      4                   14             15        3              0              
8773201557965289780           6         5:00      2                   13             15        3              0              
8773201557965289780           6         6:00      2                   13             15        2              0              
8773201557965289780           6         7:00      2                   13             15        2              0              
8773201557965289780           6         8:00      4                   13             15        4              0              
8773201557965289780           6         9:00      5                   15             15        2              0              
8773201557965289780           6         10:00     1                   14             15        2              0              
8773201557965289780           6         11:00     4                   15             15        3              0              
8773201557965289780           6         12:00     3                   16             15        2              0              
8773201557965289780           6         13:00     4                   19             15        1              0              
8773201557965289780           6         14:00     5                   23             15        1              0              
8773201557965289780           6         15:00     5                   22             15        6              0              
8773201557965289780           6         16:00     4                   24             15        1              0              
8773201557965289780           6         17:00     0                   24             15        0              0              
8773201557965289780           6         18:00     0                   20             15        4              0              
8773201557965289780           6         19:00     4                   23             15        1              0              
8773201557965289780           6         20:00     3                   22             15        4              0              
8773201557965289780           6         21:00     0                   18             15        4              0              
8773201557965289780           6         22:00     0                   16             15        2              0              
8773201557965289780           6         23:00     0                   12             15        4              0              
8773201557965289780           7         0:00      4                   12             15        4              0              
8773201557965289780           7         1:00      1                   10             15        3              0              
8773201557965289780           7         2:00      1                   8              15        3              0              
8773201557965289780           7         3:00      4                   11             15        1              0              
8773201557965289780           7         4:00      3                   13             15        1              0              
8773201557965289780           7         5:00      0                   7              15        6              0              
8773201557965289780           7         6:00      5                   7              15        5              0              
8773201557965289780           7         7:00      1                   7              15        1              0              
8773201557965289780           7         8:00      1                   7              15        1              0              
8773201557965289780           7         9:00      1                   3              15        5              0              
8773201557965289780           7         10:00     3                   3              15        2              0              
8773201557965289780           7         11:00     1                   3              15        1              0              
8773201557965289780           7         12:00     0                   0              15        3              0              
8773201557965289780           7         13:00     0                   0              12        3              3              
8773201557965289780           7         14:00     3                   0              14        0              1              
8773201557965289780           7         15:00     5                   2              15        1              0              
8773201557965289780           7         16:00     5                   6              15        1              0              
8773201557965289780           7         17:00     4                   8              15        1              0              
8773201557965289780           7         18:00     4                   6              15        6              0              
8773201557965289780           7         19:00     5                   9              15        2              0              
8773201557965289780           7         20:00     0                   6              15        3              0              
8773201557965289780           7         21:00     1                   4              15        3              0              
8773201557965289780           7         22:00     3                   5              15        2              0              
8773201557965289780           7         23:00     0                   2              15        3              0              
8773201557965289780           8         0:00      2                   2              15        2              0              
8773201557965289780           8         1:00      5                   4              15        2              0              
8773201557965289780           8         2:00      0                   3              15        1              0              
8773201557965289780           8         3:00      3                   4              15        2              0              
8773201557965289780           8         4:00      1                   4              15        1              0              
8773201557965289780           8         5:00      5                   9              15        0              0              
8773201557965289780           8         6:00      0                   6              15        3              0              
8773201557965289780           8         7:00      5                   10             15        1              0              
8773201557965289780           8         8:00      1                   11             15        0              0              
8773201557965289780           8         9:00      2                   12             15        1              0              
8773201557965289780           8         10:00     3                   14             15        1              0              
8773201557965289780           8         11:00     4                   13             15        5              0              
8773201557965289780           8         12:00     3                   9              15        7              0              
8773201557965289780           8         13:00     4                   6              15        7              0              
8773201557965289780           8         14:00     2                   5              15        3              0              
8773201557965289780           8         15:00     0                   2              15        3              0              
8773201557965289780           8         16:00     0                   0              11        6              4              
8773201557965289780           8         17:00     0                   0              8         3              7              
8773201557965289780           8         18:00     1                   0              7         2              8              
8773201557965289780           8         19:00     5                   0              12        0              3              
8773201557965289780           8         20:00     2                   0              14        0              1              
8773201557965289780           8         21:00     0                   0              10        4              5              
8773201557965289780           8         22:00     2                   0              10        2              5              
8773201557965289780           8         23:00     5                   0              13        2              2              
8773201557965289780           9         0:00      4                   0              15        2              0              
8773201557965289780           9         1:00      3                   2              15        1              0              
8773201557965289780           9         2:00      4                   5              15        1              0              
8773201557965289780           9         3:00      5                   8              15        2              0              
8773201557965289780           9         4:00      2                   8              15        2              0              
8773201557965289780           9         5:00      1                   4              15        5              0              
8773201557965289780           9         6:00      0                   3              15        1              0              
8773201557965289780           9         7:00      3                   1              15        5              0              
8773201557965289780           9         8:00      1                   0              13        3              2              
8773201557965289780           9         9:00      2                   0              11        4              4              
8773201557965289780           9         10:00     0                   0              9         2              6              
8773201557965289780           9         11:00     1                   0              6         4              9              
8773201557965289780           9         12:00     2                   0              8         0              7              
8773201557965289780           9         13:00     1                   0              9         0              6              
8773201557965289780           9         14:00     1                   0              9         1              6              
8773201557965289780           9         15:00     0                   0              6         3              9              
8773201557965289780           9         16:00     0                   0              5         1              10             
8773201557965289780           9         17:00     4                   0              8         1              7              
8773201557965289780           9         18:00     2                   0              9         1              6              
8773201557965289780           9         19:00     0                   0              8         1              7              
8773201557965289780           9         20:00     5                   0              11        2              4              
8773201557965289780           9         21:00     3                   0              12        2              3              
8773201557965289780           9         22:00     2                   0              12        2              3              
8773201557965289780           9         23:00     0                   0              11        1              4              
8773201557965289780           10        0:00      3                   0              11        3              4              
8773201557965289780           10        1:00      2                   0              11        2              4              
8773201557965289780           10        2:00      4                   0              11        4              4              
8773201557965289780           10        3:00      2                   0              11        2              4              
8773201557965289780           10        4:00      2                   0              11        2              4              
8773201557965289780           10        5:00      3                   0              14        0              1              
8773201557965289780           10        6:00      2                   0              13        2              2              
8773201557965289780           10        7:00      2                   0              12        3              3              
8773201557965289780           10        8:00      3                   0              13        2              2              
8773201557965289780           10        9:00      5                   0              15        3              0              
8773201557965289780           10        10:00     4                   1              15        3              0              
8773201557965289780           10        11:00     4                   1              15        4              0              
8773201557965289780           10        12:00     5                   2              15        3              0              
8773201557965289780           10        13:00     2                   0              13        6              2              
8773201557965289780           10        14:00     0                   0              13        0              2              
8773201557965289780           10        15:00     0                   0              10        3              5              
8773201557965289780           10        16:00     3                   0              11        2              4              
8773201557965289780           10        17:00     2                   0              11        2              4              
8773201557965289780           10        18:00     2                   0              10        3              5              
8773201557965289780           10        19:00     0                   0              10        0              5              
8773201557965289780           10        20:00     1                   0              9         2              6              
8773201557965289780           10        21:00     0                   0              8         1              7              
8773201557965289780           10        22:00     0                   0              8         0              7              
8773201557965289780           10        23:00     0                   0              7         1              8              
8773201557965289780           11        0:00      1                   0              6         2              9              
8773201557965289780           11        1:00      0                   0              6         0              9              
8773201557965289780           11        2:00      1                   0              5         2              10             
8773201557965289780           11        3:00      3                   0              7         1              8              
8773201557965289780           11        4:00      3                   0              8         2              7              
8773201557965289780           11        5:00      1                   0              6         3              9              
8773201557965289780           11        6:00      4                   0              8         2              7              
8773201557965289780           11        7:00      1                   0              7         2              8              
8773201557965289780           11        8:00      2                   0              8         1              7              
8773201557965289780           11        9:00      1                   0              7         2              8              
8773201557965289780           11        10:00     5                   0              9         3              6              
8773201557965289780           11        11:00     0                   0              5         4              10             
8773201557965289780           11        12:00     5                   0              7         1              8              
8773201557965289780           11        13:00     1                   0              7         1              8              
8773201557965289780           11        14:00     0                   0              5         2              10             
8773201557965289780           11        15:00     0                   0              4         1              11             
8773201557965289780           11        16:00     0                   0              2         2              13             
8773201557965289780           11        17:00     2                   0              4         0              11             
8773201557965289780           11        18:00     0                   0              2         2              13             
8773201557965289780           11        19:00     5                   0              5         1              10             
8773201557965289780           11        20:00     0                   0              4         1              11             
8773201557965289780           11        21:00     3                   0              7         0              8              
8773201557965289780           11        22:00     0                   0              5         2              10             
8773201557965289780           11        23:00     0                   0              3         2              12             
8773201557965289780           12        0:00      4                   0              7         0              8              
8773201557965289780           12        1:00      2                   0              9         0              6              
8773201557965289780           12        2:00      5                   0              12        2              3              
8773201557965289780           12        3:00      3                   0              13        2              2              
8773201557965289780           12        4:00      4                   0              14        2              1              
8773201557965289780           12        5:00      3                   0              12        5              3              
8773201557965289780           12        6:00      5                   0              14        2              1              
8773201557965289780           12        7:00      1                   0              15        0              0              
8773201557965289780           12        8:00      5                   2              15        2              0              
8773201557965289780           12        9:00      2                   0              15        4              0              
8773201557965289780           12        10:00     5                   2              15        3              0              
8773201557965289780           12        11:00     1                   1              15        2              0              
8773201557965289780           12        12:00     1                   0              15        2              0              
8773201557965289780           12        13:00     3                   0              14        4              1              
8773201557965289780           12        14:00     1                   0              13        2              2              
8773201557965289780           12        15:00     4                   2              15        0              0              
8773201557965289780           12        16:00     4                   4              15        2              0              
8773201557965289780           12        17:00     2                   0              14        7              1              
8773201557965289780           12        18:00     5                   0              14        3              1              
8773201557965289780           12        19:00     2                   0              15        1              0              
8773201557965289780           12        20:00     1                   0              15        1              0              
8773201557965289780           12        21:00     5                   2              15        3              0              
8773201557965289780           12        22:00     0                   0              11        6              4              
8773201557965289780           12        23:00     4                   0              12        3              3              
8773201557965289780           13        0:00      2                   0              14        0              1              
8773201557965289780           13        1:00      1                   0              13        2              2              
8773201557965289780           13        2:00      0                   0              11        2              4              
8773201557965289780           13        3:00      0                   0              10        1              5              
8773201557965289780           13        4:00      2                   0              9         3              6              
8773201557965289780           13        5:00      2                   0              6         5              9              
8773201557965289780           13        6:00      4                   0              10        0              5              
8773201557965289780           13        7:00      3                   0              10        3              5              
8773201557965289780           13        8:00      2                   0              8         4              7              
8773201557965289780           13        9:00      5                   0              9         3              6              
8773201557965289780           13        10:00     2                   0              8         2              7              
8773201557965289780           13        11:00     1                   0              7         2              8              
8773201557965289780           13        12:00     1                   0              6         2              9              
8773201557965289780           13        13:00     2                   0              8         0              7              
8773201557965289780           13        14:00     3                   0              9         2              6              
8773201557965289780           13        15:00     3                   0              11        1              4              
8773201557965289780           13        16:00     2                   0              11        2              4              
8773201557965289780           13        17:00     4                   0              12        3              3              
8773201557965289780           13        18:00     1                   0              9         3              6              
8773201557965289780           13        19:00     4                   0              9         4              6              
8773201557965289780           13        20:00     2                   0              10        1              5              
8773201557965289780           13        21:00     5                   0              12        3              3              
8773201557965289780           13        22:00     0                   0              11        1              4              
8773201557965289780           13        23:00     2                   0              12        1              3              
8773201557965289780           14        0:00      5                   1              15        1              0              
8773201557965289780           14        1:00      5                   4              15        2              0              
8773201557965289780           14        2:00      1                   1              15        4              0              
8773201557965289780           14        3:00      5                   4              15        2              0              
8773201557965289780           14        4:00      5                   5              15        4              0              
8773201557965289780           14        5:00      2                   4              15        3              0              
8773201557965289780           14        6:00      5                   4              15        4              0              
8773201557965289780           14        7:00      3                   0              15        6              0              
8773201557965289780           14        8:00      5                   0              13        7              2              
8773201557965289780           14        9:00      5                   2              15        1              0              
8773201557965289780           14        10:00     2                   3              15        1              0              
8773201557965289780           14        11:00     3                   1              15        5              0              
8773201557965289780           14        12:00     0                   0              13        3              2              
8773201557965289780           14        13:00     5                   3              15        0              0              
8773201557965289780           14        14:00     5                   5              15        3              0              
8773201557965289780           14        15:00     4                   8              15        1              0              
8773201557965289780           14        16:00     3                   7              15        4              0              
8773201557965289780           14        17:00     2                   7              15        2              0              
8773201557965289780           14        18:00     1                   6              15        2              0              
8773201557965289780           14        19:00     0                   2              15        4              0              
8773201557965289780           14        20:00     0                   0              15        2              0              
8773201557965289780           14        21:00     5                   2              15        2              0              
8773201557965289780           14        22:00     0                   0              14        3              1              
8773201557965289780           14        23:00     1                   0              10        5              5              
8773201557965289780           15        0:00      1                   0              6         5              9              
8773201557965289780           15        1:00      0                   0              6         0              9              
8773201557965289780           15        2:00      4                   0              8         2              7              
8773201557965289780           15        3:00      5                   0              12        1              3              
8773201557965289780           15        4:00      1                   0              11        2              4              
8773201557965289780           15        5:00      0                   0              9         2              6              
8773201557965289780           15        6:00      2                   0              10        0              5              
8773201557965289780           15        7:00      1                   0              10        1              5              
8773201557965289780           15        8:00      4                   0              12        2              3              
8773201557965289780           15        9:00      3                   0              13        1              2              
8773201557965289780           15        10:00     3                   0              14        1              1              
8773201557965289780           15        11:00     5                   1              15        3              0              
8773201557965289780           15        12:00     3                   3              15        1              0              
8773201557965289780           15        13:00     1                   2              15        2              0              
8773201557965289780           15        14:00     5                   2              15        5              0              
8773201557965289780           15        15:00     5                   6              15        1              0              
8773201557965289780           15        16:00     4                   7              15        3              0              
8773201557965289780           15        17:00     5                   11             15        1              0              
8773201557965289780           15        18:00     0                   10             15        1              0              
8773201557965289780           15        19:00     0                   2              15        8              0              
8773201557965289780           15        20:00     2                   0              14        5              1              
8773201557965289780           15        21:00     3                   0              12        5              3              
8773201557965289780           15        22:00     4                   0              10        6              5              
8773201557965289780           15        23:00     5                   0              11        4              4              
