Sim_N                         Day       Time      New_Patients        Waiting        Assigned  Discharged     Beds_Avail_EOH 
346417550364846565            1         0:00      1                   0              0         1              15             
346417550364846565            1         1:00      2                   0              2         0              13             
346417550364846565            1         2:00      2                   0              4         0              11             
346417550364846565            1         3:00      4                   0              7         1              8              
346417550364846565            1         4:00      3                   0              10        0              5              
346417550364846565            1         5:00      2                   0              7         5              8              
346417550364846565            1         6:00      3                   0              8         2              7              
346417550364846565            1         7:00      5                   0              12        1              3              
346417550364846565            1         8:00      3                   0              10        5              5              
346417550364846565            1         9:00      1                   0              9         2              6              
346417550364846565            1         10:00     4                   0              12        1              3              
346417550364846565            1         11:00     5                   0              15        1              0              
346417550364846565            1         12:00     5                   3              15        2              0              
346417550364846565            1         13:00     4                   3              15        3              0              
346417550364846565            1         14:00     2                   2              15        3              0              
346417550364846565            1         15:00     0                   0              14        3              1              
346417550364846565            1         16:00     3                   0              14        3              1              
346417550364846565            1         17:00     1                   0              14        1              1              
346417550364846565            1         18:00     2                   0              14        2              1              
346417550364846565            1         19:00     4                   2              15        1              0              
346417550364846565            1         20:00     2                   2              15        2              0              
346417550364846565            1         21:00     3                   2              15        3              0              
346417550364846565            1         22:00     0                   0              15        2              0              
346417550364846565            1         23:00     5                   3              15        2              0              
346417550364846565            2         0:00      0                   0              13        5              2              
346417550364846565            2         1:00      1                   0              14        0              1              
346417550364846565            2         2:00      4                   2              15        1              0              
346417550364846565            2         3:00      2                   1              15        3              0              
346417550364846565            2         4:00      5                   1              15        4              0              
346417550364846565            2         5:00      4                   4              15        1              0              
346417550364846565            2         6:00      5                   4              15        3              0              
346417550364846565            2         7:00      2                   2              15        4              0              
346417550364846565            2         8:00      5                   3              15        4              0              
346417550364846565            2         9:00      2                   0              14        6              1              
346417550364846565            2         10:00     4                   0              14        4              1              
346417550364846565            2         11:00     5                   2              15        2              0              
346417550364846565            2         12:00     4                   2              15        4              0              
346417550364846565            2         13:00     3                   4              15        1              0              
346417550364846565            2         14:00     4                   5              15        2              0              
346417550364846565            2         15:00     4                   5              15        4              0              
346417550364846565            2         16:00     0                   3              15        2              0              
346417550364846565            2         17:00     5                   1              15        7              0              
346417550364846565            2         18:00     2                   1              15        2              0              
346417550364846565            2         19:00     2                   0              14        4              1              
346417550364846565            2         20:00     2                   0              15        1              0              
346417550364846565            2         21:00     3                   0              11        7              4              
346417550364846565            2         22:00     4                   0              14        1              1              
346417550364846565            2         23:00     5                   0              15        4              0              
346417550364846565            3         0:00      2                   0              15        2              0              
346417550364846565            3         1:00      5                   0              15        5              0              
346417550364846565            3         2:00      5                   1              15        3              0              
346417550364846565            3         3:00      4                   2              15        3              0              
346417550364846565            3         4:00      3                   2              15        3              0              
346417550364846565            3         5:00      5                   4              15        3              0              
346417550364846565            3         6:00      4                   3              15        5              0              
346417550364846565            3         7:00      3                   2              15        3              0              
346417550364846565            3         8:00      4                   2              15        3              0              
346417550364846565            3         9:00      0                   0              13        4              2              
346417550364846565            3         10:00     3                   0              12        4              3              
346417550364846565            3         11:00     5                   0              15        2              0              
346417550364846565            3         12:00     2                   0              11        5              4              
346417550364846565            3         13:00     4                   0              13        1              2              
346417550364846565            3         14:00     4                   0              14        3              1              
346417550364846565            3         15:00     1                   0              15        0              0              
346417550364846565            3         16:00     5                   1              15        3              0              
346417550364846565            3         17:00     5                   3              15        3              0              
346417550364846565            3         18:00     0                   0              15        3              0              
346417550364846565            3         19:00     1                   0              12        4              3              
346417550364846565            3         20:00     3                   0              11        4              4              
346417550364846565            3         21:00     2                   0              11        2              4              
346417550364846565            3         22:00     5                   0              13        3              2              
346417550364846565            3         23:00     0                   0              12        1              3              
346417550364846565            4         0:00      4                   0              13        3              2              
346417550364846565            4         1:00      0                   0              13        0              2              
346417550364846565            4         2:00      5                   0              14        4              1              
346417550364846565            4         3:00      0                   0              14        0              1              
346417550364846565            4         4:00      1                   0              11        4              4              
346417550364846565            4         5:00      1                   0              11        1              4              
346417550364846565            4         6:00      1                   0              7         5              8              
346417550364846565            4         7:00      5                   0              10        2              5              
346417550364846565            4         8:00      1                   0              10        1              5              
346417550364846565            4         9:00      1                   0              9         2              6              
346417550364846565            4         10:00     1                   0              9         1              6              
346417550364846565            4         11:00     5                   0              13        1              2              
346417550364846565            4         12:00     3                   0              13        3              2              
346417550364846565            4         13:00     2                   0              12        3              3              
346417550364846565            4         14:00     0                   0              10        2              5              
346417550364846565            4         15:00     4                   0              13        1              2              
346417550364846565            4         16:00     3                   0              14        2              1              
346417550364846565            4         17:00     1                   0              13        2              2              
346417550364846565            4         18:00     5                   1              15        2              0              
346417550364846565            4         19:00     0                   0              15        1              0              
346417550364846565            4         20:00     0                   0              11        4              4              
346417550364846565            4         21:00     0                   0              11        0              4              
346417550364846565            4         22:00     5                   0              13        3              2              
346417550364846565            4         23:00     0                   0              11        2              4              
346417550364846565            5         0:00      5                   0              13        2              2              
346417550364846565            5         1:00      5                   0              15        3              0              
346417550364846565            5         2:00      3                   0              13        5              2              
346417550364846565            5         3:00      3                   0              12        4              3              
346417550364846565            5         4:00      3                   0              14        1              1              
346417550364846565            5         5:00      3                   0              12        5              3              
346417550364846565            5         6:00      4                   0              14        2              1              
346417550364846565            5         7:00      4                   0              14        4              1              
346417550364846565            5         8:00      4                   1              15        2              0              
346417550364846565            5         9:00      3                   0              15        4              0              
346417550364846565            5         10:00     3                   1              15        2              0              
346417550364846565            5         11:00     5                   3              15        3              0              
346417550364846565            5         12:00     3                   3              15        3              0              
346417550364846565            5         13:00     0                   0              15        3              0              
346417550364846565            5         14:00     4                   0              14        5              1              
346417550364846565            5         15:00     2                   0              15        1              0              
346417550364846565            5         16:00     1                   0              14        2              1              
346417550364846565            5         17:00     1                   0              13        2              2              
346417550364846565            5         18:00     2                   0              13        2              2              
346417550364846565            5         19:00     4                   1              15        1              0              
346417550364846565            5         20:00     5                   0              14        6              1              
346417550364846565            5         21:00     4                   0              15        3              0              
346417550364846565            5         22:00     2                   0              12        5              3              
346417550364846565            5         23:00     0                   0              10        2              5              
346417550364846565            6         0:00      5                   0              14        1              1              
346417550364846565            6         1:00      1                   0              13        2              2              
346417550364846565            6         2:00      2                   0              14        1              1              
346417550364846565            6         3:00      5                   0              15        4              0              
346417550364846565            6         4:00      1                   0              13        3              2              
346417550364846565            6         5:00      0                   0              13        0              2              
346417550364846565            6         6:00      3                   0              12        4              3              
346417550364846565            6         7:00      0                   0              9         3              6              
346417550364846565            6         8:00      5                   0              14        0              1              
346417550364846565            6         9:00      1                   0              13        2              2              
346417550364846565            6         10:00     1                   0              14        0              1              
346417550364846565            6         11:00     2                   0              13        3              2              
346417550364846565            6         12:00     4                   0              11        6              4              
346417550364846565            6         13:00     0                   0              8         3              7              
346417550364846565            6         14:00     2                   0              6         4              9              
346417550364846565            6         15:00     1                   0              6         1              9              
346417550364846565            6         16:00     0                   0              6         0              9              
346417550364846565            6         17:00     0                   0              6         0              9              
346417550364846565            6         18:00     1                   0              7         0              8              
346417550364846565            6         19:00     5                   0              12        0              3              
346417550364846565            6         20:00     2                   0              11        3              4              
346417550364846565            6         21:00     1                   0              12        0              3              
346417550364846565            6         22:00     5                   0              14        3              1              
346417550364846565            6         23:00     4                   0              15        3              0              
346417550364846565            7         0:00      5                   0              13        7              2              
346417550364846565            7         1:00      1                   0              10        4              5              
346417550364846565            7         2:00      4                   0              13        1              2              
346417550364846565            7         3:00      5                   0              15        3              0              
346417550364846565            7         4:00      0                   0              14        1              1              
346417550364846565            7         5:00      1                   0              12        3              3              
346417550364846565            7         6:00      2                   0              11        3              4              
346417550364846565            7         7:00      1                   0              8         4              7              
346417550364846565            7         8:00      5                   0              9         4              6              
346417550364846565            7         9:00      0                   0              9         0              6              
346417550364846565            7         10:00     1                   0              9         1              6              
346417550364846565            7         11:00     0                   0              8         1              7              
346417550364846565            7         12:00     2                   0              8         2              7              
346417550364846565            7         13:00     1                   0              9         0              6              
346417550364846565            7         14:00     2                   0              8         3              7              
346417550364846565            7         15:00     1                   0              8         1              7              
346417550364846565            7         16:00     5                   0              11        2              4              
346417550364846565            7         17:00     4                   0              13        2              2              
346417550364846565            7         18:00     0                   0              9         4              6              
346417550364846565            7         19:00     1                   0              9         1              6              
346417550364846565            7         20:00     0                   0              7         2              8              
346417550364846565            7         21:00     4                   0              9         2              6              
346417550364846565            7         22:00     1                   0              10        0              5              
346417550364846565            7         23:00     5                   0              11        4              4              
346417550364846565            8         0:00      2                   0              10        3              5              
346417550364846565            8         1:00      4                   0              10        4              5              
346417550364846565            8         2:00      2                   0              7         5              8              
346417550364846565            8         3:00      2                   0              8         1              7              
346417550364846565            8         4:00      1                   0              9         0              6              
346417550364846565            8         5:00      1                   0              10        0              5              
346417550364846565            8         6:00      2                   0              10        2              5              
346417550364846565            8         7:00      0                   0              8         2              7              
346417550364846565            8         8:00      5                   0              13        0              2              
346417550364846565            8         9:00      3                   0              13        3              2              
346417550364846565            8         10:00     0                   0              12        1              3              
346417550364846565            8         11:00     4                   0              13        3              2              
346417550364846565            8         12:00     5                   0              15        3              0              
346417550364846565            8         13:00     0                   0              13        2              2              
346417550364846565            8         14:00     3                   0              11        5              4              
346417550364846565            8         15:00     1                   0              10        2              5              
346417550364846565            8         16:00     5                   0              12        3              3              
346417550364846565            8         17:00     1                   0              9         4              6              
346417550364846565            8         18:00     4                   0              9         4              6              
346417550364846565            8         19:00     4                   0              13        0              2              
346417550364846565            8         20:00     0                   0              10        3              5              
346417550364846565            8         21:00     1                   0              8         3              7              
346417550364846565            8         22:00     5                   0              13        0              2              
346417550364846565            8         23:00     1                   0              13        1              2              
346417550364846565            9         0:00      1                   0              11        3              4              
346417550364846565            9         1:00      3                   0              13        1              2              
346417550364846565            9         2:00      5                   1              15        1              0              
346417550364846565            9         3:00      3                   0              15        4              0              
346417550364846565            9         4:00      2                   0              14        2              1              
346417550364846565            9         5:00      5                   3              15        1              0              
346417550364846565            9         6:00      1                   1              15        3              0              
346417550364846565            9         7:00      0                   0              15        1              0              
346417550364846565            9         8:00      3                   1              15        2              0              
346417550364846565            9         9:00      3                   2              15        2              0              
346417550364846565            9         10:00     1                   0              14        4              1              
346417550364846565            9         11:00     3                   0              12        5              3              
346417550364846565            9         12:00     4                   0              12        4              3              
346417550364846565            9         13:00     4                   0              12        4              3              
346417550364846565            9         14:00     0                   0              10        2              5              
346417550364846565            9         15:00     1                   0              10        1              5              
346417550364846565            9         16:00     2                   0              11        1              4              
346417550364846565            9         17:00     5                   0              12        3              3              
346417550364846565            9         18:00     3                   0              14        1              1              
346417550364846565            9         19:00     5                   0              15        4              0              
346417550364846565            9         20:00     3                   0              14        4              1              
346417550364846565            9         21:00     5                   2              15        2              0              
346417550364846565            9         22:00     5                   5              15        1              0              
346417550364846565            9         23:00     5                   7              15        3              0              
346417550364846565            10        0:00      3                   8              15        2              0              
346417550364846565            10        1:00      4                   7              15        4              0              
346417550364846565            10        2:00      5                   12             15        0              0              
346417550364846565            10        3:00      0                   11             15        1              0              
346417550364846565            10        4:00      5                   9              15        6              0              
346417550364846565            10        5:00      2                   11             15        0              0              
346417550364846565            10        6:00      4                   10             15        5              0              
346417550364846565            10        7:00      1                   8              15        3              0              
346417550364846565            10        8:00      2                   8              15        2              0              
346417550364846565            10        9:00      1                   2              15        7              0              
346417550364846565            10        10:00     4                   3              15        3              0              
346417550364846565            10        11:00     0                   1              15        2              0              
346417550364846565            10        12:00     5                   3              15        3              0              
346417550364846565            10        13:00     0                   0              15        3              0              
346417550364846565            10        14:00     3                   1              15        2              0              
346417550364846565            10        15:00     1                   0              14        3              1              
346417550364846565            10        16:00     5                   0              14        4              1              
346417550364846565            10        17:00     4                   0              15        3              0              
346417550364846565            10        18:00     0                   0              12        3              3              
346417550364846565            10        19:00     5                   0              14        2              1              
346417550364846565            10        20:00     3                   0              13        4              2              
346417550364846565            10        21:00     1                   0              9         5              6              
346417550364846565            10        22:00     2                   0              7         4              8              
346417550364846565            10        23:00     0                   0              7         0              8              
346417550364846565            11        0:00      4                   0              9         1              6              
346417550364846565            11        1:00      0                   0              7         2              8              
346417550364846565            11        2:00      1                   0              8         0              7              
346417550364846565            11        3:00      2                   0              10        0              5              
346417550364846565            11        4:00      2                   0              9         3              6              
346417550364846565            11        5:00      5                   0              12        2              3              
346417550364846565            11        6:00      5                   0              14        3              1              
346417550364846565            11        7:00      0                   0              12        2              3              
346417550364846565            11        8:00      4                   0              12        4              3              
346417550364846565            11        9:00      0                   0              9         3              6              
346417550364846565            11        10:00     5                   0              12        2              3              
346417550364846565            11        11:00     2                   0              11        3              4              
346417550364846565            11        12:00     2                   0              12        1              3              
346417550364846565            11        13:00     0                   0              8         4              7              
346417550364846565            11        14:00     2                   0              10        0              5              
346417550364846565            11        15:00     1                   0              9         2              6              
346417550364846565            11        16:00     2                   0              10        1              5              
346417550364846565            11        17:00     4                   0              11        3              4              
346417550364846565            11        18:00     4                   0              11        3              4              
346417550364846565            11        19:00     1                   0              10        2              5              
346417550364846565            11        20:00     5                   0              14        0              1              
346417550364846565            11        21:00     2                   0              12        4              3              
346417550364846565            11        22:00     2                   0              13        1              2              
346417550364846565            11        23:00     4                   1              15        1              0              
346417550364846565            12        0:00      1                   0              13        4              2              
346417550364846565            12        1:00      5                   0              15        3              0              
346417550364846565            12        2:00      4                   2              15        2              0              
346417550364846565            12        3:00      2                   0              14        5              1              
346417550364846565            12        4:00      2                   0              10        6              5              
346417550364846565            12        5:00      1                   0              10        1              5              
346417550364846565            12        6:00      2                   0              12        0              3              
346417550364846565            12        7:00      1                   0              13        0              2              
346417550364846565            12        8:00      1                   0              12        2              3              
346417550364846565            12        9:00      2                   0              12        2              3              
346417550364846565            12        10:00     0                   0              9         3              6              
346417550364846565            12        11:00     1                   0              9         1              6              
346417550364846565            12        12:00     3                   0              12        0              3              
346417550364846565            12        13:00     0                   0              7         5              8              
346417550364846565            12        14:00     1                   0              6         1              9              
346417550364846565            12        15:00     5                   0              9         2              6              
346417550364846565            12        16:00     2                   0              7         3              8              
346417550364846565            12        17:00     2                   0              4         5              11             
346417550364846565            12        18:00     1                   0              5         0              10             
346417550364846565            12        19:00     1                   0              6         0              9              
346417550364846565            12        20:00     1                   0              6         1              9              
346417550364846565            12        21:00     3                   0              8         1              7              
346417550364846565            12        22:00     1                   0              8         1              7              
346417550364846565            12        23:00     2                   0              8         2              7              
346417550364846565            13        0:00      5                   0              11        2              4              
346417550364846565            13        1:00      0                   0              10        1              5              
346417550364846565            13        2:00      2                   0              10        2              5              
346417550364846565            13        3:00      3                   0              11        1              4              
346417550364846565            13        4:00      0                   0              6         5              9              
346417550364846565            13        5:00      5                   0              10        1              5              
346417550364846565            13        6:00      3                   0              11        2              4              
346417550364846565            13        7:00      0                   0              9         2              6              
346417550364846565            13        8:00      3                   0              9         3              6              
346417550364846565            13        9:00      0                   0              8         1              7              
346417550364846565            13        10:00     5                   0              11        2              4              
346417550364846565            13        11:00     5                   0              14        2              1              
346417550364846565            13        12:00     0                   0              13        1              2              
346417550364846565            13        13:00     0                   0              10        3              5              
346417550364846565            13        14:00     4                   0              14        0              1              
346417550364846565            13        15:00     0                   0              10        4              5              
346417550364846565            13        16:00     1                   0              9         2              6              
346417550364846565            13        17:00     3                   0              9         3              6              
346417550364846565            13        18:00     0                   0              6         3              9              
346417550364846565            13        19:00     4                   0              9         1              6              
346417550364846565            13        20:00     1                   0              9         1              6              
346417550364846565            13        21:00     2                   0              11        0              4              
346417550364846565            13        22:00     2                   0              10        3              5              
346417550364846565            13        23:00     4                   0              10        4              5              
346417550364846565            14        0:00      1                   0              9         2              6              
346417550364846565            14        1:00      3                   0              10        2              5              
346417550364846565            14        2:00      1                   0              6         5              9              
346417550364846565            14        3:00      2                   0              6         2              9              
346417550364846565            14        4:00      0                   0              6         0              9              
346417550364846565            14        5:00      3                   0              5         4              10             
346417550364846565            14        6:00      4                   0              7         2              8              
346417550364846565            14        7:00      2                   0              6         3              9              
346417550364846565            14        8:00      0                   0              6         0              9              
346417550364846565            14        9:00      2                   0              7         1              8              
346417550364846565            14        10:00     2                   0              9         0              6              
346417550364846565            14        11:00     1                   0              9         1              6              
346417550364846565            14        12:00     4                   0              11        2              4              
346417550364846565            14        13:00     5                   0              12        4              3              
346417550364846565            14        14:00     2                   0              10        4              5              
346417550364846565            14        15:00     1                   0              10        1              5              
346417550364846565            14        16:00     1                   0              7         4              8              
346417550364846565            14        17:00     3                   0              7         3              8              
346417550364846565            14        18:00     0                   0              7         0              8              
346417550364846565            14        19:00     2                   0              8         1              7              
346417550364846565            14        20:00     3                   0              9         2              6              
346417550364846565            14        21:00     0                   0              9         0              6              
346417550364846565            14        22:00     5                   0              12        2              3              
346417550364846565            14        23:00     4                   0              15        1              0              
346417550364846565            15        0:00      4                   2              15        2              0              
346417550364846565            15        1:00      5                   6              15        1              0              
346417550364846565            15        2:00      4                   9              15        1              0              
346417550364846565            15        3:00      0                   6              15        3              0              
346417550364846565            15        4:00      3                   6              15        3              0              
346417550364846565            15        5:00      3                   7              15        2              0              
346417550364846565            15        6:00      5                   9              15        2              0              
346417550364846565            15        7:00      5                   10             15        4              0              
346417550364846565            15        8:00      5                   14             15        1              0              
346417550364846565            15        9:00      1                   10             15        5              0              
346417550364846565            15        10:00     4                   10             15        4              0              
346417550364846565            15        11:00     2                   11             15        1              0              
346417550364846565            15        12:00     4                   14             15        1              0              
346417550364846565            15        13:00     0                   10             15        4              0              
346417550364846565            15        14:00     0                   9              15        1              0              
346417550364846565            15        15:00     2                   8              15        3              0              
346417550364846565            15        16:00     4                   12             15        0              0              
346417550364846565            15        17:00     0                   8              15        4              0              
346417550364846565            15        18:00     4                   10             15        2              0              
346417550364846565            15        19:00     0                   10             15        0              0              
346417550364846565            15        20:00     5                   12             15        3              0              
346417550364846565            15        21:00     0                   8              15        4              0              
346417550364846565            15        22:00     2                   6              15        4              0              
346417550364846565            15        23:00     5                   10             15        0              0              
