Sim_N                         Day       Time      New_Patients        Waiting        Assigned  Discharged     Beds_Avail_EOH 
8529071340238815589           1         0:00      2                   0              1         1              14             
8529071340238815589           1         1:00      5                   0              5         1              10             
8529071340238815589           1         2:00      5                   0              7         3              8              
8529071340238815589           1         3:00      0                   0              4         3              11             
8529071340238815589           1         4:00      3                   0              6         1              9              
8529071340238815589           1         5:00      0                   0              5         1              10             
8529071340238815589           1         6:00      5                   0              9         1              6              
8529071340238815589           1         7:00      4                   0              12        1              3              
8529071340238815589           1         8:00      4                   0              12        3              3              
8529071340238815589           1         9:00      1                   0              12        1              3              
8529071340238815589           1         10:00     3                   0              11        4              4              
8529071340238815589           1         11:00     4                   0              12        2              3              
8529071340238815589           1         12:00     4                   0              11        5              4              
8529071340238815589           1         13:00     1                   0              11        1              4              
8529071340238815589           1         14:00     0                   0              11        0              4              
8529071340238815589           1         15:00     5                   1              15        0              0              
8529071340238815589           1         16:00     0                   0              15        1              0              
8529071340238815589           1         17:00     5                   5              15        0              0              
8529071340238815589           1         18:00     1                   5              15        1              0              
8529071340238815589           1         19:00     0                   0              14        6              1              
8529071340238815589           1         20:00     5                   0              11        7              4              
8529071340238815589           1         21:00     4                   0              10        5              5              
8529071340238815589           1         22:00     0                   0              10        0              5              
8529071340238815589           1         23:00     0                   0              9         1              6              
8529071340238815589           2         0:00      3                   0              10        2              5              
8529071340238815589           2         1:00      1                   0              10        1              5              
8529071340238815589           2         2:00      4                   0              13        1              2              
8529071340238815589           2         3:00      4                   0              14        3              1              
8529071340238815589           2         4:00      2                   0              12        4              3              
8529071340238815589           2         5:00      4                   1              15        0              0              
8529071340238815589           2         6:00      3                   1              15        3              0              
8529071340238815589           2         7:00      0                   0              13        3              2              
8529071340238815589           2         8:00      4                   0              15        2              0              
8529071340238815589           2         9:00      2                   0              13        4              2              
8529071340238815589           2         10:00     2                   0              13        2              2              
8529071340238815589           2         11:00     2                   0              11        4              4              
8529071340238815589           2         12:00     2                   0              8         5              7              
8529071340238815589           2         13:00     5                   0              9         4              6              
8529071340238815589           2         14:00     4                   0              10        3              5              
8529071340238815589           2         15:00     5                   0              10        5              5              
8529071340238815589           2         16:00     3                   0              9         4              6              
8529071340238815589           2         17:00     3                   0              12        0              3              
8529071340238815589           2         18:00     5                   0              13        4              2              
8529071340238815589           2         19:00     5                   0              12        5              3              
8529071340238815589           2         20:00     0                   0              9         3              6              
8529071340238815589           2         21:00     4                   0              13        0              2              
8529071340238815589           2         22:00     0                   0              11        2              4              
8529071340238815589           2         23:00     2                   0              11        2              4              
8529071340238815589           3         0:00      1                   0              9         3              6              
8529071340238815589           3         1:00      5                   0              12        2              3              
8529071340238815589           3         2:00      1                   0              11        2              4              
8529071340238815589           3         3:00      5                   0              13        3              2              
8529071340238815589           3         4:00      2                   0              13        2              2              
8529071340238815589           3         5:00      1                   0              12        2              3              
8529071340238815589           3         6:00      4                   0              13        3              2              
8529071340238815589           3         7:00      1                   0              9         5              6              
8529071340238815589           3         8:00      5                   0              13        1              2              
8529071340238815589           3         9:00      2                   0              13        2              2              
8529071340238815589           3         10:00     2                   0              11        4              4              
8529071340238815589           3         11:00     3                   0              11        3              4              
8529071340238815589           3         12:00     0                   0              9         2              6              
8529071340238815589           3         13:00     4                   0              10        3              5              
8529071340238815589           3         14:00     2                   0              10        2              5              
8529071340238815589           3         15:00     0                   0              7         3              8              
8529071340238815589           3         16:00     2                   0              9         0              6              
8529071340238815589           3         17:00     0                   0              6         3              9              
8529071340238815589           3         18:00     5                   0              9         2              6              
8529071340238815589           3         19:00     5                   0              9         5              6              
8529071340238815589           3         20:00     0                   0              9         0              6              
8529071340238815589           3         21:00     3                   0              10        2              5              
8529071340238815589           3         22:00     0                   0              6         4              9              
8529071340238815589           3         23:00     0                   0              4         2              11             
8529071340238815589           4         0:00      5                   0              7         1              8              
8529071340238815589           4         1:00      4                   0              11        0              4              
8529071340238815589           4         2:00      0                   0              8         3              7              
8529071340238815589           4         3:00      3                   0              9         2              6              
8529071340238815589           4         4:00      1                   0              10        0              5              
8529071340238815589           4         5:00      3                   0              9         4              6              
8529071340238815589           4         6:00      4                   0              12        1              3              
8529071340238815589           4         7:00      0                   0              9         3              6              
8529071340238815589           4         8:00      5                   0              10        4              5              
8529071340238815589           4         9:00      2                   0              11        1              4              
8529071340238815589           4         10:00     2                   0              10        3              5              
8529071340238815589           4         11:00     1                   0              10        1              5              
8529071340238815589           4         12:00     1                   0              9         2              6              
8529071340238815589           4         13:00     2                   0              9         2              6              
8529071340238815589           4         14:00     2                   0              11        0              4              
8529071340238815589           4         15:00     3                   0              11        3              4              
8529071340238815589           4         16:00     5                   0              13        2              2              
8529071340238815589           4         17:00     3                   0              13        3              2              
8529071340238815589           4         18:00     0                   0              12        1              3              
8529071340238815589           4         19:00     2                   0              12        2              3              
8529071340238815589           4         20:00     4                   0              14        2              1              
8529071340238815589           4         21:00     2                   0              15        1              0              
8529071340238815589           4         22:00     0                   0              12        3              3              
8529071340238815589           4         23:00     2                   0              12        2              3              
8529071340238815589           5         0:00      4                   0              12        4              3              
8529071340238815589           5         1:00      4                   0              11        5              4              
8529071340238815589           5         2:00      0                   0              10        1              5              
8529071340238815589           5         3:00      1                   0              10        1              5              
8529071340238815589           5         4:00      0                   0              9         1              6              
8529071340238815589           5         5:00      2                   0              9         2              6              
8529071340238815589           5         6:00      5                   0              14        0              1              
8529071340238815589           5         7:00      1                   0              14        1              1              
8529071340238815589           5         8:00      3                   0              15        2              0              
8529071340238815589           5         9:00      5                   2              15        2              0              
8529071340238815589           5         10:00     5                   5              15        2              0              
8529071340238815589           5         11:00     3                   4              15        4              0              
8529071340238815589           5         12:00     4                   6              15        2              0              
8529071340238815589           5         13:00     0                   5              15        1              0              
8529071340238815589           5         14:00     1                   4              15        2              0              
8529071340238815589           5         15:00     5                   5              15        3              0              
8529071340238815589           5         16:00     0                   2              15        3              0              
8529071340238815589           5         17:00     0                   0              15        2              0              
8529071340238815589           5         18:00     4                   0              12        7              3              
8529071340238815589           5         19:00     0                   0              7         5              8              
8529071340238815589           5         20:00     1                   0              7         1              8              
8529071340238815589           5         21:00     3                   0              9         1              6              
8529071340238815589           5         22:00     4                   0              10        3              5              
8529071340238815589           5         23:00     2                   0              9         3              6              
8529071340238815589           6         0:00      0                   0              7         2              8              
8529071340238815589           6         1:00      5                   0              10        2              5              
8529071340238815589           6         2:00      5                   0              10        4              5              
8529071340238815589           6         3:00      2                   0              9         3              6              
8529071340238815589           6         4:00      5                   0              12        2              3              
8529071340238815589           6         5:00      0                   0              9         3              6              
8529071340238815589           6         6:00      0                   0              9         0              6              
8529071340238815589           6         7:00      2                   0              11        0              4              
8529071340238815589           6         8:00      0                   0              9         2              6              
8529071340238815589           6         9:00      3                   0              12        0              3              
8529071340238815589           6         10:00     4                   0              15        0              0              
8529071340238815589           6         11:00     2                   0              14        3              1              
8529071340238815589           6         12:00     4                   0              15        3              0              
8529071340238815589           6         13:00     1                   0              11        5              4              
8529071340238815589           6         14:00     4                   0              15        0              0              
8529071340238815589           6         15:00     4                   1              15        3              0              
8529071340238815589           6         16:00     1                   1              15        1              0              
8529071340238815589           6         17:00     0                   0              14        2              1              
8529071340238815589           6         18:00     3                   0              13        4              2              
8529071340238815589           6         19:00     3                   0              10        6              5              
8529071340238815589           6         20:00     4                   0              11        3              4              
8529071340238815589           6         21:00     4                   0              11        4              4              
8529071340238815589           6         22:00     4                   0              12        3              3              
8529071340238815589           6         23:00     4                   1              15        0              0              
8529071340238815589           7         0:00      4                   1              15        4              0              
8529071340238815589           7         1:00      5                   3              15        2              0              
8529071340238815589           7         2:00      2                   2              15        3              0              
8529071340238815589           7         3:00      1                   1              15        2              0              
8529071340238815589           7         4:00      2                   2              15        1              0              
8529071340238815589           7         5:00      4                   1              15        5              0              
8529071340238815589           7         6:00      0                   0              13        3              2              
8529071340238815589           7         7:00      1                   0              13        1              2              
8529071340238815589           7         8:00      0                   0              11        2              4              
8529071340238815589           7         9:00      1                   0              8         4              7              
8529071340238815589           7         10:00     0                   0              8         0              7              
8529071340238815589           7         11:00     4                   0              11        1              4              
8529071340238815589           7         12:00     5                   0              14        2              1              
8529071340238815589           7         13:00     5                   0              15        3              0              
8529071340238815589           7         14:00     2                   0              15        2              0              
8529071340238815589           7         15:00     3                   0              12        6              3              
8529071340238815589           7         16:00     1                   0              10        3              5              
8529071340238815589           7         17:00     5                   0              13        2              2              
8529071340238815589           7         18:00     3                   0              10        5              5              
8529071340238815589           7         19:00     5                   0              11        4              4              
8529071340238815589           7         20:00     1                   0              11        1              4              
8529071340238815589           7         21:00     3                   0              13        1              2              
8529071340238815589           7         22:00     0                   0              11        2              4              
8529071340238815589           7         23:00     3                   0              12        2              3              
8529071340238815589           8         0:00      2                   0              12        2              3              
8529071340238815589           8         1:00      0                   0              12        0              3              
8529071340238815589           8         2:00      0                   0              10        2              5              
8529071340238815589           8         3:00      4                   0              12        1              3              
8529071340238815589           8         4:00      4                   0              13        2              2              
8529071340238815589           8         5:00      1                   0              9         5              6              
8529071340238815589           8         6:00      0                   0              8         1              7              
8529071340238815589           8         7:00      4                   0              10        2              5              
8529071340238815589           8         8:00      3                   0              13        0              2              
8529071340238815589           8         9:00      2                   0              12        3              3              
8529071340238815589           8         10:00     5                   0              14        3              1              
8529071340238815589           8         11:00     4                   1              15        2              0              
8529071340238815589           8         12:00     2                   1              15        2              0              
8529071340238815589           8         13:00     2                   1              15        2              0              
8529071340238815589           8         14:00     5                   4              15        2              0              
8529071340238815589           8         15:00     0                   0              13        6              2              
8529071340238815589           8         16:00     5                   0              15        3              0              
8529071340238815589           8         17:00     0                   0              10        5              5              
8529071340238815589           8         18:00     3                   0              10        2              5              
8529071340238815589           8         19:00     1                   0              8         2              7              
8529071340238815589           8         20:00     4                   0              9         3              6              
8529071340238815589           8         21:00     4                   0              9         4              6              
8529071340238815589           8         22:00     1                   0              6         4              9              
8529071340238815589           8         23:00     4                   0              8         2              7              
8529071340238815589           9         0:00      0                   0              8         0              7              
8529071340238815589           9         1:00      4                   0              11        1              4              
8529071340238815589           9         2:00      0                   0              8         3              7              
8529071340238815589           9         3:00      0                   0              6         2              9              
8529071340238815589           9         4:00      3                   0              9         0              6              
8529071340238815589           9         5:00      4                   0              9         4              6              
8529071340238815589           9         6:00      4                   0              9         3              6              
8529071340238815589           9         7:00      1                   0              9         1              6              
8529071340238815589           9         8:00      0                   0              7         2              8              
8529071340238815589           9         9:00      3                   0              10        0              5              
8529071340238815589           9         10:00     5                   0              13        1              2              
8529071340238815589           9         11:00     1                   0              11        3              4              
8529071340238815589           9         12:00     3                   0              13        1              2              
8529071340238815589           9         13:00     5                   0              14        3              1              
8529071340238815589           9         14:00     5                   2              15        1              0              
8529071340238815589           9         15:00     1                   1              15        2              0              
8529071340238815589           9         16:00     2                   0              15        3              0              
8529071340238815589           9         17:00     3                   0              15        3              0              
8529071340238815589           9         18:00     3                   0              12        6              3              
8529071340238815589           9         19:00     4                   0              13        3              2              
8529071340238815589           9         20:00     4                   0              15        2              0              
8529071340238815589           9         21:00     1                   0              14        2              1              
8529071340238815589           9         22:00     4                   0              15        2              0              
8529071340238815589           9         23:00     3                   2              15        1              0              
8529071340238815589           10        0:00      2                   1              15        3              0              
8529071340238815589           10        1:00      5                   4              15        2              0              
8529071340238815589           10        2:00      2                   3              15        3              0              
8529071340238815589           10        3:00      0                   1              15        2              0              
8529071340238815589           10        4:00      4                   0              14        6              1              
8529071340238815589           10        5:00      3                   0              14        3              1              
8529071340238815589           10        6:00      2                   0              13        3              2              
8529071340238815589           10        7:00      2                   0              12        3              3              
8529071340238815589           10        8:00      5                   0              13        3              2              
8529071340238815589           10        9:00      2                   0              14        1              1              
8529071340238815589           10        10:00     4                   0              15        3              0              
8529071340238815589           10        11:00     3                   1              15        2              0              
8529071340238815589           10        12:00     4                   3              15        2              0              
8529071340238815589           10        13:00     5                   3              15        4              0              
8529071340238815589           10        14:00     2                   2              15        3              0              
8529071340238815589           10        15:00     2                   1              15        3              0              
8529071340238815589           10        16:00     5                   5              15        1              0              
8529071340238815589           10        17:00     5                   6              15        4              0              
8529071340238815589           10        18:00     4                   6              15        4              0              
8529071340238815589           10        19:00     2                   7              15        1              0              
8529071340238815589           10        20:00     1                   7              15        1              0              
8529071340238815589           10        21:00     2                   7              15        2              0              
8529071340238815589           10        22:00     5                   9              15        3              0              
8529071340238815589           10        23:00     0                   7              15        2              0              
8529071340238815589           11        0:00      5                   8              15        4              0              
8529071340238815589           11        1:00      0                   6              15        2              0              
8529071340238815589           11        2:00      4                   4              15        6              0              
8529071340238815589           11        3:00      3                   4              15        3              0              
8529071340238815589           11        4:00      0                   4              15        0              0              
8529071340238815589           11        5:00      4                   2              15        6              0              
8529071340238815589           11        6:00      2                   3              15        1              0              
8529071340238815589           11        7:00      3                   5              15        1              0              
8529071340238815589           11        8:00      3                   5              15        3              0              
8529071340238815589           11        9:00      4                   4              15        5              0              
8529071340238815589           11        10:00     3                   4              15        3              0              
8529071340238815589           11        11:00     0                   3              15        1              0              
8529071340238815589           11        12:00     2                   0              14        6              1              
8529071340238815589           11        13:00     4                   1              15        2              0              
8529071340238815589           11        14:00     5                   3              15        3              0              
8529071340238815589           11        15:00     0                   0              15        3              0              
8529071340238815589           11        16:00     3                   0              14        4              1              
8529071340238815589           11        17:00     5                   0              14        5              1              
8529071340238815589           11        18:00     2                   0              12        4              3              
8529071340238815589           11        19:00     2                   0              11        3              4              
8529071340238815589           11        20:00     3                   0              14        0              1              
8529071340238815589           11        21:00     4                   2              15        1              0              
8529071340238815589           11        22:00     0                   0              12        5              3              
8529071340238815589           11        23:00     3                   0              7         8              8              
8529071340238815589           12        0:00      0                   0              6         1              9              
8529071340238815589           12        1:00      3                   0              7         2              8              
8529071340238815589           12        2:00      1                   0              7         1              8              
8529071340238815589           12        3:00      4                   0              9         2              6              
8529071340238815589           12        4:00      5                   0              11        2              4              
8529071340238815589           12        5:00      3                   0              9         5              6              
8529071340238815589           12        6:00      4                   0              11        2              4              
8529071340238815589           12        7:00      0                   0              10        1              5              
8529071340238815589           12        8:00      1                   0              9         2              6              
8529071340238815589           12        9:00      2                   0              8         3              7              
8529071340238815589           12        10:00     5                   0              12        1              3              
8529071340238815589           12        11:00     1                   0              11        2              4              
8529071340238815589           12        12:00     3                   0              11        3              4              
8529071340238815589           12        13:00     5                   0              14        2              1              
8529071340238815589           12        14:00     0                   0              12        2              3              
8529071340238815589           12        15:00     1                   0              12        1              3              
8529071340238815589           12        16:00     0                   0              9         3              6              
8529071340238815589           12        17:00     1                   0              9         1              6              
8529071340238815589           12        18:00     5                   0              11        3              4              
8529071340238815589           12        19:00     3                   0              12        2              3              
8529071340238815589           12        20:00     3                   0              14        1              1              
8529071340238815589           12        21:00     1                   0              8         7              7              
8529071340238815589           12        22:00     4                   0              9         3              6              
8529071340238815589           12        23:00     2                   0              11        0              4              
8529071340238815589           13        0:00      1                   0              9         2              6              
8529071340238815589           13        1:00      5                   0              13        1              2              
8529071340238815589           13        2:00      5                   0              15        3              0              
8529071340238815589           13        3:00      4                   2              15        2              0              
8529071340238815589           13        4:00      3                   0              14        6              1              
8529071340238815589           13        5:00      1                   0              14        1              1              
8529071340238815589           13        6:00      1                   0              13        2              2              
8529071340238815589           13        7:00      5                   1              15        1              0              
8529071340238815589           13        8:00      1                   0              13        4              2              
8529071340238815589           13        9:00      5                   2              15        1              0              
8529071340238815589           13        10:00     5                   1              15        5              0              
8529071340238815589           13        11:00     2                   1              15        2              0              
8529071340238815589           13        12:00     3                   1              15        2              0              
8529071340238815589           13        13:00     2                   1              15        2              0              
8529071340238815589           13        14:00     2                   1              15        2              0              
8529071340238815589           13        15:00     3                   0              15        4              0              
8529071340238815589           13        16:00     5                   5              15        0              0              
8529071340238815589           13        17:00     2                   4              15        3              0              
8529071340238815589           13        18:00     0                   0              14        5              1              
8529071340238815589           13        19:00     4                   0              10        7              5              
8529071340238815589           13        20:00     3                   0              11        2              4              
8529071340238815589           13        21:00     5                   0              13        3              2              
8529071340238815589           13        22:00     1                   0              13        1              2              
8529071340238815589           13        23:00     3                   0              14        2              1              
8529071340238815589           14        0:00      4                   0              13        4              2              
8529071340238815589           14        1:00      0                   0              12        1              3              
8529071340238815589           14        2:00      4                   0              13        3              2              
8529071340238815589           14        3:00      2                   0              11        4              4              
8529071340238815589           14        4:00      0                   0              9         2              6              
8529071340238815589           14        5:00      0                   0              6         3              9              
8529071340238815589           14        6:00      0                   0              5         1              10             
8529071340238815589           14        7:00      5                   0              10        0              5              
8529071340238815589           14        8:00      5                   0              14        1              1              
8529071340238815589           14        9:00      0                   0              11        3              4              
8529071340238815589           14        10:00     5                   0              13        3              2              
8529071340238815589           14        11:00     0                   0              10        3              5              
8529071340238815589           14        12:00     5                   0              14        1              1              
8529071340238815589           14        13:00     0                   0              9         5              6              
8529071340238815589           14        14:00     2                   0              10        1              5              
8529071340238815589           14        15:00     1                   0              11        0              4              
8529071340238815589           14        16:00     5                   0              13        2              2              
8529071340238815589           14        17:00     3                   0              11        5              4              
8529071340238815589           14        18:00     2                   0              11        2              4              
8529071340238815589           14        19:00     1                   0              9         3              6              
8529071340238815589           14        20:00     1                   0              9         1              6              
8529071340238815589           14        21:00     2                   0              9         1              6              
8529071340238815589           14        22:00     0                   0              7         2              8              
8529071340238815589           14        23:00     0                   0              6         1              9              
8529071340238815589           15        0:00      3                   0              7         2              8              
8529071340238815589           15        1:00      0                   0              6         1              9              
8529071340238815589           15        2:00      4                   0              7         3              8              
8529071340238815589           15        3:00      5                   0              11        1              4              
8529071340238815589           15        4:00      2                   0              9         4              6              
8529071340238815589           15        5:00      5                   0              13        1              2              
8529071340238815589           15        6:00      0                   0              10        3              5              
8529071340238815589           15        7:00      0                   0              8         2              7              
8529071340238815589           15        8:00      4                   0              10        1              5              
8529071340238815589           15        9:00      4                   0              12        1              3              
8529071340238815589           15        10:00     3                   0              11        4              4              
8529071340238815589           15        11:00     5                   0              11        5              4              
8529071340238815589           15        12:00     2                   0              7         6              8              
8529071340238815589           15        13:00     4                   0              11        0              4              
8529071340238815589           15        14:00     3                   0              11        2              4              
8529071340238815589           15        15:00     4                   0              13        2              2              
8529071340238815589           15        16:00     3                   0              14        2              1              
8529071340238815589           15        17:00     3                   0              13        4              2              
8529071340238815589           15        18:00     0                   0              12        1              3              
8529071340238815589           15        19:00     4                   0              11        5              4              
8529071340238815589           15        20:00     1                   0              6         6              9              
8529071340238815589           15        21:00     1                   0              6         1              9              
8529071340238815589           15        22:00     5                   0              10        1              5              
8529071340238815589           15        23:00     3                   0              11        2              4              
