Sim_N                         Day       Time      New_Patients        Waiting        Assigned  Discharged     Beds_Avail_EOH 
7791673014404087081           1         0:00      2                   0              2         0              13             
7791673014404087081           1         1:00      0                   0              2         0              13             
7791673014404087081           1         2:00      1                   0              3         0              12             
7791673014404087081           1         3:00      5                   0              8         0              7              
7791673014404087081           1         4:00      2                   0              7         3              8              
7791673014404087081           1         5:00      2                   0              8         1              7              
7791673014404087081           1         6:00      2                   0              9         1              6              
7791673014404087081           1         7:00      4                   0              9         3              6              
7791673014404087081           1         8:00      0                   0              8         1              7              
7791673014404087081           1         9:00      4                   0              10        2              5              
7791673014404087081           1         10:00     3                   0              11        2              4              
7791673014404087081           1         11:00     0                   0              10        1              5              
7791673014404087081           1         12:00     3                   0              13        0              2              
7791673014404087081           1         13:00     2                   0              14        1              1              
7791673014404087081           1         14:00     2                   0              15        1              0              
7791673014404087081           1         15:00     2                   1              15        1              0              
7791673014404087081           1         16:00     2                   0              15        3              0              
7791673014404087081           1         17:00     3                   0              14        4              1              
7791673014404087081           1         18:00     2                   0              13        3              2              
7791673014404087081           1         19:00     0                   0              12        1              3              
7791673014404087081           1         20:00     5                   0              13        4              2              
7791673014404087081           1         21:00     4                   0              15        2              0              
7791673014404087081           1         22:00     0                   0              14        1              1              
7791673014404087081           1         23:00     4                   0              15        3              0              
7791673014404087081           2         0:00      5                   5              15        0              0              
7791673014404087081           2         1:00      2                   4              15        3              0              
7791673014404087081           2         2:00      4                   6              15        1              0              
7791673014404087081           2         3:00      1                   0              15        7              0              
7791673014404087081           2         4:00      4                   1              15        3              0              
7791673014404087081           2         5:00      5                   6              15        0              0              
7791673014404087081           2         6:00      0                   5              15        1              0              
7791673014404087081           2         7:00      5                   9              15        1              0              
7791673014404087081           2         8:00      2                   4              15        6              0              
7791673014404087081           2         9:00      4                   4              15        4              0              
7791673014404087081           2         10:00     2                   5              15        1              0              
7791673014404087081           2         11:00     5                   8              15        2              0              
7791673014404087081           2         12:00     3                   8              15        3              0              
7791673014404087081           2         13:00     5                   12             15        1              0              
7791673014404087081           2         14:00     1                   13             15        0              0              
7791673014404087081           2         15:00     5                   14             15        4              0              
7791673014404087081           2         16:00     4                   16             15        2              0              
7791673014404087081           2         17:00     4                   16             15        4              0              
7791673014404087081           2         18:00     5                   17             15        4              0              
7791673014404087081           2         19:00     0                   15             15        2              0              
7791673014404087081           2         20:00     2                   17             15        0              0              
7791673014404087081           2         21:00     0                   14             15        3              0              
7791673014404087081           2         22:00     1                   13             15        2              0              
7791673014404087081           2         23:00     2                   13             15        2              0              
7791673014404087081           3         0:00      4                   15             15        2              0              
7791673014404087081           3         1:00      1                   14             15        2              0              
7791673014404087081           3         2:00      4                   15             15        3              0              
7791673014404087081           3         3:00      2                   14             15        3              0              
7791673014404087081           3         4:00      0                   12             15        2              0              
7791673014404087081           3         5:00      0                   6              15        6              0              
7791673014404087081           3         6:00      2                   3              15        5              0              
7791673014404087081           3         7:00      5                   3              15        5              0              
7791673014404087081           3         8:00      1                   0              14        5              1              
7791673014404087081           3         9:00      5                   0              15        3              0              
7791673014404087081           3         10:00     5                   2              15        3              0              
7791673014404087081           3         11:00     0                   0              8         9              7              
7791673014404087081           3         12:00     2                   0              9         1              6              
7791673014404087081           3         13:00     0                   0              8         1              7              
7791673014404087081           3         14:00     4                   0              11        1              4              
7791673014404087081           3         15:00     0                   0              8         3              7              
7791673014404087081           3         16:00     0                   0              6         2              9              
7791673014404087081           3         17:00     1                   0              7         0              8              
7791673014404087081           3         18:00     0                   0              6         1              9              
7791673014404087081           3         19:00     3                   0              7         2              8              
7791673014404087081           3         20:00     1                   0              6         2              9              
7791673014404087081           3         21:00     3                   0              9         0              6              
7791673014404087081           3         22:00     4                   0              11        1              4              
7791673014404087081           3         23:00     5                   0              13        2              2              
7791673014404087081           4         0:00      1                   0              11        3              4              
7791673014404087081           4         1:00      3                   0              11        3              4              
7791673014404087081           4         2:00      2                   0              8         5              7              
7791673014404087081           4         3:00      2                   0              9         1              6              
7791673014404087081           4         4:00      5                   0              13        1              2              
7791673014404087081           4         5:00      4                   2              15        0              0              
7791673014404087081           4         6:00      2                   2              15        2              0              
7791673014404087081           4         7:00      5                   6              15        0              0              
7791673014404087081           4         8:00      2                   4              15        4              0              
7791673014404087081           4         9:00      1                   3              15        2              0              
7791673014404087081           4         10:00     3                   4              15        2              0              
7791673014404087081           4         11:00     4                   6              15        2              0              
7791673014404087081           4         12:00     0                   5              15        1              0              
7791673014404087081           4         13:00     5                   7              15        3              0              
7791673014404087081           4         14:00     1                   6              15        2              0              
7791673014404087081           4         15:00     0                   4              15        2              0              
7791673014404087081           4         16:00     5                   5              15        4              0              
7791673014404087081           4         17:00     0                   2              15        3              0              
7791673014404087081           4         18:00     1                   1              15        2              0              
7791673014404087081           4         19:00     5                   2              15        4              0              
7791673014404087081           4         20:00     3                   2              15        3              0              
7791673014404087081           4         21:00     2                   3              15        1              0              
7791673014404087081           4         22:00     5                   5              15        2              0              
7791673014404087081           4         23:00     2                   4              15        3              0              
7791673014404087081           5         0:00      3                   3              15        4              0              
7791673014404087081           5         1:00      2                   0              15        5              0              
7791673014404087081           5         2:00      0                   0              13        2              2              
7791673014404087081           5         3:00      1                   0              13        1              2              
7791673014404087081           5         4:00      5                   0              13        4              2              
7791673014404087081           5         5:00      3                   0              15        1              0              
7791673014404087081           5         6:00      0                   0              11        4              4              
7791673014404087081           5         7:00      1                   0              9         3              6              
7791673014404087081           5         8:00      3                   0              9         3              6              
7791673014404087081           5         9:00      1                   0              8         2              7              
7791673014404087081           5         10:00     2                   0              7         3              8              
7791673014404087081           5         11:00     4                   0              10        0              5              
7791673014404087081           5         12:00     1                   0              9         2              6              
7791673014404087081           5         13:00     4                   0              9         4              6              
7791673014404087081           5         14:00     1                   0              6         4              9              
7791673014404087081           5         15:00     4                   0              8         0              7              
7791673014404087081           5         16:00     4                   0              12        0              3              
7791673014404087081           5         17:00     4                   0              15        1              0              
7791673014404087081           5         18:00     5                   2              15        3              0              
7791673014404087081           5         19:00     5                   3              15        3              0              
7791673014404087081           5         20:00     3                   1              15        5              0              
7791673014404087081           5         21:00     4                   2              15        3              0              
7791673014404087081           5         22:00     1                   0              15        3              0              
7791673014404087081           5         23:00     4                   1              15        3              0              
7791673014404087081           6         0:00      4                   4              15        1              0              
7791673014404087081           6         1:00      1                   1              15        4              0              
7791673014404087081           6         2:00      4                   4              15        1              0              
7791673014404087081           6         3:00      0                   1              15        3              0              
7791673014404087081           6         4:00      3                   0              14        5              1              
7791673014404087081           6         5:00      1                   0              15        0              0              
7791673014404087081           6         6:00      5                   2              15        3              0              
7791673014404087081           6         7:00      0                   0              15        2              0              
7791673014404087081           6         8:00      0                   0              12        3              3              
7791673014404087081           6         9:00      4                   0              13        3              2              
7791673014404087081           6         10:00     1                   0              10        4              5              
7791673014404087081           6         11:00     4                   0              12        2              3              
7791673014404087081           6         12:00     0                   0              10        2              5              
7791673014404087081           6         13:00     4                   0              8         6              7              
7791673014404087081           6         14:00     3                   0              10        1              5              
7791673014404087081           6         15:00     2                   0              11        1              4              
7791673014404087081           6         16:00     1                   0              9         3              6              
7791673014404087081           6         17:00     0                   0              7         2              8              
7791673014404087081           6         18:00     3                   0              9         1              6              
7791673014404087081           6         19:00     4                   0              9         4              6              
7791673014404087081           6         20:00     2                   0              9         2              6              
7791673014404087081           6         21:00     3                   0              9         3              6              
7791673014404087081           6         22:00     5                   0              11        3              4              
7791673014404087081           6         23:00     2                   0              9         4              6              
7791673014404087081           7         0:00      3                   0              9         3              6              
7791673014404087081           7         1:00      0                   0              8         1              7              
7791673014404087081           7         2:00      0                   0              7         1              8              
7791673014404087081           7         3:00      2                   0              9         0              6              
7791673014404087081           7         4:00      1                   0              8         2              7              
7791673014404087081           7         5:00      5                   0              12        1              3              
7791673014404087081           7         6:00      4                   0              12        4              3              
7791673014404087081           7         7:00      1                   0              9         4              6              
7791673014404087081           7         8:00      1                   0              8         2              7              
7791673014404087081           7         9:00      5                   0              13        0              2              
7791673014404087081           7         10:00     1                   0              12        2              3              
7791673014404087081           7         11:00     2                   0              12        2              3              
7791673014404087081           7         12:00     1                   0              10        3              5              
7791673014404087081           7         13:00     0                   0              10        0              5              
7791673014404087081           7         14:00     5                   0              13        2              2              
7791673014404087081           7         15:00     5                   0              15        3              0              
7791673014404087081           7         16:00     2                   2              15        0              0              
7791673014404087081           7         17:00     2                   4              15        0              0              
7791673014404087081           7         18:00     5                   4              15        5              0              
7791673014404087081           7         19:00     4                   3              15        5              0              
7791673014404087081           7         20:00     3                   4              15        2              0              
7791673014404087081           7         21:00     4                   6              15        2              0              
7791673014404087081           7         22:00     1                   3              15        4              0              
7791673014404087081           7         23:00     1                   2              15        2              0              
7791673014404087081           8         0:00      5                   5              15        2              0              
7791673014404087081           8         1:00      1                   6              15        0              0              
7791673014404087081           8         2:00      2                   5              15        3              0              
7791673014404087081           8         3:00      2                   6              15        1              0              
7791673014404087081           8         4:00      2                   7              15        1              0              
7791673014404087081           8         5:00      0                   3              15        4              0              
7791673014404087081           8         6:00      2                   2              15        3              0              
7791673014404087081           8         7:00      5                   6              15        1              0              
7791673014404087081           8         8:00      0                   4              15        2              0              
7791673014404087081           8         9:00      1                   3              15        2              0              
7791673014404087081           8         10:00     5                   7              15        1              0              
7791673014404087081           8         11:00     1                   6              15        2              0              
7791673014404087081           8         12:00     2                   6              15        2              0              
7791673014404087081           8         13:00     3                   7              15        2              0              
7791673014404087081           8         14:00     0                   5              15        2              0              
7791673014404087081           8         15:00     2                   3              15        3              0              
7791673014404087081           8         16:00     3                   0              15        6              0              
7791673014404087081           8         17:00     5                   4              15        1              0              
7791673014404087081           8         18:00     0                   1              15        3              0              
7791673014404087081           8         19:00     0                   0              15        1              0              
7791673014404087081           8         20:00     1                   0              11        5              4              
7791673014404087081           8         21:00     3                   0              11        3              4              
7791673014404087081           8         22:00     5                   0              15        1              0              
7791673014404087081           8         23:00     0                   0              13        2              2              
7791673014404087081           9         0:00      4                   0              14        3              1              
7791673014404087081           9         1:00      0                   0              12        2              3              
7791673014404087081           9         2:00      3                   0              13        2              2              
7791673014404087081           9         3:00      4                   2              15        0              0              
7791673014404087081           9         4:00      4                   2              15        4              0              
7791673014404087081           9         5:00      5                   3              15        4              0              
7791673014404087081           9         6:00      2                   4              15        1              0              
7791673014404087081           9         7:00      2                   2              15        4              0              
7791673014404087081           9         8:00      0                   0              15        2              0              
7791673014404087081           9         9:00      5                   2              15        3              0              
7791673014404087081           9         10:00     3                   2              15        3              0              
7791673014404087081           9         11:00     0                   0              12        5              3              
7791673014404087081           9         12:00     4                   0              12        4              3              
7791673014404087081           9         13:00     3                   0              12        3              3              
7791673014404087081           9         14:00     1                   0              13        0              2              
7791673014404087081           9         15:00     3                   0              13        3              2              
7791673014404087081           9         16:00     1                   0              11        3              4              
7791673014404087081           9         17:00     4                   0              13        2              2              
7791673014404087081           9         18:00     3                   0              13        3              2              
7791673014404087081           9         19:00     3                   0              15        1              0              
7791673014404087081           9         20:00     5                   3              15        1              0              
7791673014404087081           9         21:00     5                   0              13        9              2              
7791673014404087081           9         22:00     4                   0              14        3              1              
7791673014404087081           9         23:00     4                   1              15        2              0              
7791673014404087081           10        0:00      2                   0              13        4              2              
7791673014404087081           10        1:00      2                   0              12        3              3              
7791673014404087081           10        2:00      1                   0              9         4              6              
7791673014404087081           10        3:00      4                   0              11        2              4              
7791673014404087081           10        4:00      2                   0              10        3              5              
7791673014404087081           10        5:00      2                   0              10        2              5              
7791673014404087081           10        6:00      4                   0              11        3              4              
7791673014404087081           10        7:00      4                   0              11        4              4              
7791673014404087081           10        8:00      4                   0              12        2              3              
7791673014404087081           10        9:00      5                   2              15        0              0              
7791673014404087081           10        10:00     0                   0              15        2              0              
7791673014404087081           10        11:00     1                   0              14        2              1              
7791673014404087081           10        12:00     1                   0              12        3              3              
7791673014404087081           10        13:00     2                   0              11        3              4              
7791673014404087081           10        14:00     3                   0              11        3              4              
7791673014404087081           10        15:00     3                   0              10        4              5              
7791673014404087081           10        16:00     3                   0              9         4              6              
7791673014404087081           10        17:00     1                   0              10        0              5              
7791673014404087081           10        18:00     3                   0              9         4              6              
7791673014404087081           10        19:00     1                   0              9         1              6              
7791673014404087081           10        20:00     2                   0              9         2              6              
7791673014404087081           10        21:00     5                   0              13        1              2              
7791673014404087081           10        22:00     0                   0              11        2              4              
7791673014404087081           10        23:00     5                   0              14        2              1              
7791673014404087081           11        0:00      1                   0              10        5              5              
7791673014404087081           11        1:00      4                   0              14        0              1              
7791673014404087081           11        2:00      4                   0              15        3              0              
7791673014404087081           11        3:00      5                   5              15        0              0              
7791673014404087081           11        4:00      4                   8              15        1              0              
7791673014404087081           11        5:00      5                   9              15        3              0              
7791673014404087081           11        6:00      5                   11             15        2              0              
7791673014404087081           11        7:00      2                   13             15        0              0              
7791673014404087081           11        8:00      2                   15             15        0              0              
7791673014404087081           11        9:00      4                   17             15        2              0              
7791673014404087081           11        10:00     0                   15             15        2              0              
7791673014404087081           11        11:00     0                   12             15        3              0              
7791673014404087081           11        12:00     3                   12             15        3              0              
7791673014404087081           11        13:00     3                   11             15        4              0              
7791673014404087081           11        14:00     3                   10             15        4              0              
7791673014404087081           11        15:00     5                   7              15        8              0              
7791673014404087081           11        16:00     1                   5              15        3              0              
7791673014404087081           11        17:00     2                   2              15        5              0              
7791673014404087081           11        18:00     4                   0              14        7              1              
7791673014404087081           11        19:00     1                   0              9         6              6              
7791673014404087081           11        20:00     4                   0              12        1              3              
7791673014404087081           11        21:00     1                   0              12        1              3              
7791673014404087081           11        22:00     1                   0              12        1              3              
7791673014404087081           11        23:00     4                   0              12        4              3              
7791673014404087081           12        0:00      0                   0              11        1              4              
7791673014404087081           12        1:00      5                   0              13        2              2              
7791673014404087081           12        2:00      4                   0              14        3              1              
7791673014404087081           12        3:00      1                   0              14        1              1              
7791673014404087081           12        4:00      0                   0              12        2              3              
7791673014404087081           12        5:00      3                   0              12        3              3              
7791673014404087081           12        6:00      0                   0              11        1              4              
7791673014404087081           12        7:00      2                   0              11        2              4              
7791673014404087081           12        8:00      0                   0              10        1              5              
7791673014404087081           12        9:00      2                   0              10        2              5              
7791673014404087081           12        10:00     4                   0              11        3              4              
7791673014404087081           12        11:00     5                   0              12        4              3              
7791673014404087081           12        12:00     3                   0              13        2              2              
7791673014404087081           12        13:00     1                   0              11        3              4              
7791673014404087081           12        14:00     1                   0              11        1              4              
7791673014404087081           12        15:00     3                   0              10        3              5              
7791673014404087081           12        16:00     0                   0              9         1              6              
7791673014404087081           12        17:00     2                   0              9         2              6              
7791673014404087081           12        18:00     1                   0              7         3              8              
7791673014404087081           12        19:00     1                   0              6         2              9              
7791673014404087081           12        20:00     0                   0              5         1              10             
7791673014404087081           12        21:00     3                   0              6         2              9              
7791673014404087081           12        22:00     4                   0              10        0              5              
7791673014404087081           12        23:00     0                   0              9         1              6              
7791673014404087081           13        0:00      4                   0              12        1              3              
7791673014404087081           13        1:00      4                   0              14        2              1              
7791673014404087081           13        2:00      4                   2              15        1              0              
7791673014404087081           13        3:00      5                   2              15        5              0              
7791673014404087081           13        4:00      4                   3              15        2              0              
7791673014404087081           13        5:00      3                   2              15        4              0              
7791673014404087081           13        6:00      2                   2              15        2              0              
7791673014404087081           13        7:00      0                   0              13        4              2              
7791673014404087081           13        8:00      5                   0              13        5              2              
7791673014404087081           13        9:00      4                   0              15        1              0              
7791673014404087081           13        10:00     0                   0              13        2              2              
7791673014404087081           13        11:00     4                   0              14        3              1              
7791673014404087081           13        12:00     0                   0              13        1              2              
7791673014404087081           13        13:00     2                   0              14        1              1              
7791673014404087081           13        14:00     2                   0              14        2              1              
7791673014404087081           13        15:00     5                   0              14        5              1              
7791673014404087081           13        16:00     4                   2              15        1              0              
7791673014404087081           13        17:00     0                   0              13        4              2              
7791673014404087081           13        18:00     4                   0              15        2              0              
7791673014404087081           13        19:00     3                   0              14        3              1              
7791673014404087081           13        20:00     4                   0              15        2              0              
7791673014404087081           13        21:00     1                   0              14        2              1              
7791673014404087081           13        22:00     2                   0              12        4              3              
7791673014404087081           13        23:00     4                   0              14        2              1              
7791673014404087081           14        0:00      3                   0              14        3              1              
7791673014404087081           14        1:00      2                   0              14        2              1              
7791673014404087081           14        2:00      3                   0              13        4              2              
7791673014404087081           14        3:00      4                   0              14        3              1              
7791673014404087081           14        4:00      1                   0              15        0              0              
7791673014404087081           14        5:00      3                   2              15        1              0              
7791673014404087081           14        6:00      1                   3              15        0              0              
7791673014404087081           14        7:00      0                   2              15        1              0              
7791673014404087081           14        8:00      5                   4              15        3              0              
7791673014404087081           14        9:00      4                   7              15        1              0              
7791673014404087081           14        10:00     5                   11             15        0              0              
7791673014404087081           14        11:00     4                   10             15        4              0              
7791673014404087081           14        12:00     1                   6              15        5              0              
7791673014404087081           14        13:00     4                   7              15        3              0              
7791673014404087081           14        14:00     3                   4              15        5              0              
7791673014404087081           14        15:00     5                   4              15        4              0              
7791673014404087081           14        16:00     5                   4              15        5              0              
7791673014404087081           14        17:00     2                   5              15        1              0              
7791673014404087081           14        18:00     3                   1              15        6              0              
7791673014404087081           14        19:00     4                   3              15        1              0              
7791673014404087081           14        20:00     1                   4              15        0              0              
7791673014404087081           14        21:00     1                   5              15        0              0              
7791673014404087081           14        22:00     0                   4              15        1              0              
7791673014404087081           14        23:00     3                   5              15        2              0              
7791673014404087081           15        0:00      5                   10             15        0              0              
7791673014404087081           15        1:00      5                   13             15        1              0              
7791673014404087081           15        2:00      4                   15             15        2              0              
7791673014404087081           15        3:00      3                   17             15        1              0              
7791673014404087081           15        4:00      0                   16             15        1              0              
7791673014404087081           15        5:00      0                   13             15        3              0              
7791673014404087081           15        6:00      2                   12             15        3              0              
7791673014404087081           15        7:00      4                   13             15        2              0              
7791673014404087081           15        8:00      4                   14             15        3              0              
7791673014404087081           15        9:00      5                   18             15        1              0              
7791673014404087081           15        10:00     1                   12             15        7              0              
7791673014404087081           15        11:00     3                   12             15        3              0              
7791673014404087081           15        12:00     3                   14             15        1              0              
7791673014404087081           15        13:00     1                   12             15        3              0              
7791673014404087081           15        14:00     2                   11             15        3              0              
7791673014404087081           15        15:00     3                   11             15        3              0              
7791673014404087081           15        16:00     2                   11             15        2              0              
7791673014404087081           15        17:00     4                   13             15        2              0              
7791673014404087081           15        18:00     3                   14             15        2              0              
7791673014404087081           15        19:00     2                   14             15        2              0              
7791673014404087081           15        20:00     5                   15             15        3              0              
7791673014404087081           15        21:00     3                   15             15        3              0              
7791673014404087081           15        22:00     3                   14             15        4              0              
7791673014404087081           15        23:00     5                   16             15        2              0              
