Sim_N                         Day       Time      New_Patients        Waiting        Assigned  Discharged     Beds_Avail_EOH 
8682447570173604008           1         0:00      1                   0              1         0              14             
8682447570173604008           1         1:00      0                   0              1         0              14             
8682447570173604008           1         2:00      5                   0              6         0              9              
8682447570173604008           1         3:00      2                   0              8         0              7              
8682447570173604008           1         4:00      0                   0              6         2              9              
8682447570173604008           1         5:00      5                   0              10        1              5              
8682447570173604008           1         6:00      4                   0              11        3              4              
8682447570173604008           1         7:00      2                   0              9         4              6              
8682447570173604008           1         8:00      3                   0              9         2              6              
8682447570173604008           1         9:00      5                   0              12        2              3              
8682447570173604008           1         10:00     1                   0              11        2              4              
8682447570173604008           1         11:00     2                   0              12        1              3              
8682447570173604008           1         12:00     3                   0              15        0              0              
8682447570173604008           1         13:00     2                   0              14        3              1              
8682447570173604008           1         14:00     0                   0              12        2              3              
8682447570173604008           1         15:00     1                   0              11        2              4              
8682447570173604008           1         16:00     2                   0              12        1              3              
8682447570173604008           1         17:00     3                   0              14        1              1              
8682447570173604008           1         18:00     3                   0              12        5              3              
8682447570173604008           1         19:00     2                   0              12        2              3              
8682447570173604008           1         20:00     5                   0              14        3              1              
8682447570173604008           1         21:00     0                   0              11        3              4              
8682447570173604008           1         22:00     2                   0              11        2              4              
8682447570173604008           1         23:00     0                   0              8         3              7              
8682447570173604008           2         0:00      1                   0              8         1              7              
8682447570173604008           2         1:00      5                   0              12        1              3              
8682447570173604008           2         2:00      5                   0              13        4              2              
8682447570173604008           2         3:00      1                   0              10        4              5              
8682447570173604008           2         4:00      3                   0              12        1              3              
8682447570173604008           2         5:00      1                   0              11        2              4              
8682447570173604008           2         6:00      3                   0              13        1              2              
8682447570173604008           2         7:00      2                   0              11        4              4              
8682447570173604008           2         8:00      1                   0              10        2              5              
8682447570173604008           2         9:00      2                   0              10        2              5              
8682447570173604008           2         10:00     5                   0              12        3              3              
8682447570173604008           2         11:00     2                   0              11        3              4              
8682447570173604008           2         12:00     3                   0              10        4              5              
8682447570173604008           2         13:00     1                   0              8         3              7              
8682447570173604008           2         14:00     2                   0              10        0              5              
8682447570173604008           2         15:00     1                   0              8         3              7              
8682447570173604008           2         16:00     2                   0              9         1              6              
8682447570173604008           2         17:00     1                   0              8         2              7              
8682447570173604008           2         18:00     0                   0              7         1              8              
8682447570173604008           2         19:00     2                   0              9         0              6              
8682447570173604008           2         20:00     2                   0              10        1              5              
8682447570173604008           2         21:00     4                   0              10        4              5              
8682447570173604008           2         22:00     3                   0              13        0              2              
8682447570173604008           2         23:00     2                   0              14        1              1              
8682447570173604008           3         0:00      4                   0              13        5              2              
8682447570173604008           3         1:00      4                   0              15        2              0              
8682447570173604008           3         2:00      2                   0              13        4              2              
8682447570173604008           3         3:00      4                   0              12        5              3              
8682447570173604008           3         4:00      2                   0              11        3              4              
8682447570173604008           3         5:00      4                   0              13        2              2              
8682447570173604008           3         6:00      2                   0              13        2              2              
8682447570173604008           3         7:00      1                   0              10        4              5              
8682447570173604008           3         8:00      4                   0              10        4              5              
8682447570173604008           3         9:00      3                   0              10        3              5              
8682447570173604008           3         10:00     5                   0              12        3              3              
8682447570173604008           3         11:00     5                   0              13        3              2              
8682447570173604008           3         12:00     3                   0              12        4              3              
8682447570173604008           3         13:00     3                   0              15        0              0              
8682447570173604008           3         14:00     0                   0              14        1              1              
8682447570173604008           3         15:00     5                   1              15        3              0              
8682447570173604008           3         16:00     0                   0              14        2              1              
8682447570173604008           3         17:00     0                   0              13        1              2              
8682447570173604008           3         18:00     1                   0              9         5              6              
8682447570173604008           3         19:00     1                   0              10        0              5              
8682447570173604008           3         20:00     0                   0              8         2              7              
8682447570173604008           3         21:00     3                   0              11        0              4              
8682447570173604008           3         22:00     2                   0              10        3              5              
8682447570173604008           3         23:00     4                   0              12        2              3              
8682447570173604008           4         0:00      1                   0              12        1              3              
8682447570173604008           4         1:00      2                   0              12        2              3              
8682447570173604008           4         2:00      2                   0              13        1              2              
8682447570173604008           4         3:00      0                   0              12        1              3              
8682447570173604008           4         4:00      4                   0              15        1              0              
8682447570173604008           4         5:00      2                   0              14        3              1              
8682447570173604008           4         6:00      1                   0              11        4              4              
8682447570173604008           4         7:00      5                   0              10        6              5              
8682447570173604008           4         8:00      4                   0              14        0              1              
8682447570173604008           4         9:00      4                   1              15        2              0              
8682447570173604008           4         10:00     5                   5              15        1              0              
8682447570173604008           4         11:00     0                   4              15        1              0              
8682447570173604008           4         12:00     3                   1              15        6              0              
8682447570173604008           4         13:00     5                   5              15        1              0              
8682447570173604008           4         14:00     3                   5              15        3              0              
8682447570173604008           4         15:00     4                   4              15        5              0              
8682447570173604008           4         16:00     1                   4              15        1              0              
8682447570173604008           4         17:00     5                   8              15        1              0              
8682447570173604008           4         18:00     5                   6              15        7              0              
8682447570173604008           4         19:00     0                   2              15        4              0              
8682447570173604008           4         20:00     0                   0              14        3              1              
8682447570173604008           4         21:00     2                   0              14        2              1              
8682447570173604008           4         22:00     3                   0              13        4              2              
8682447570173604008           4         23:00     0                   0              9         4              6              
8682447570173604008           5         0:00      2                   0              11        0              4              
8682447570173604008           5         1:00      2                   0              12        1              3              
8682447570173604008           5         2:00      5                   0              13        4              2              
8682447570173604008           5         3:00      1                   0              12        2              3              
8682447570173604008           5         4:00      0                   0              9         3              6              
8682447570173604008           5         5:00      5                   0              13        1              2              
8682447570173604008           5         6:00      2                   0              13        2              2              
8682447570173604008           5         7:00      1                   0              11        3              4              
8682447570173604008           5         8:00      4                   0              14        1              1              
8682447570173604008           5         9:00      2                   0              15        1              0              
8682447570173604008           5         10:00     3                   1              15        2              0              
8682447570173604008           5         11:00     2                   0              15        3              0              
8682447570173604008           5         12:00     1                   0              12        4              3              
8682447570173604008           5         13:00     5                   0              15        2              0              
8682447570173604008           5         14:00     5                   2              15        3              0              
8682447570173604008           5         15:00     5                   3              15        4              0              
8682447570173604008           5         16:00     4                   3              15        4              0              
8682447570173604008           5         17:00     2                   2              15        3              0              
8682447570173604008           5         18:00     3                   0              15        5              0              
8682447570173604008           5         19:00     2                   0              15        2              0              
8682447570173604008           5         20:00     4                   3              15        1              0              
8682447570173604008           5         21:00     0                   1              15        2              0              
8682447570173604008           5         22:00     4                   3              15        2              0              
8682447570173604008           5         23:00     4                   3              15        4              0              
8682447570173604008           6         0:00      3                   0              15        5              0              
8682447570173604008           6         1:00      5                   5              15        0              0              
8682447570173604008           6         2:00      5                   9              15        1              0              
8682447570173604008           6         3:00      2                   7              15        4              0              
8682447570173604008           6         4:00      1                   2              15        6              0              
8682447570173604008           6         5:00      5                   2              15        5              0              
8682447570173604008           6         6:00      2                   0              15        4              0              
8682447570173604008           6         7:00      1                   1              15        0              0              
8682447570173604008           6         8:00      1                   1              15        1              0              
8682447570173604008           6         9:00      2                   0              13        5              2              
8682447570173604008           6         10:00     0                   0              11        2              4              
8682447570173604008           6         11:00     1                   0              8         4              7              
8682447570173604008           6         12:00     0                   0              7         1              8              
8682447570173604008           6         13:00     4                   0              6         5              9              
8682447570173604008           6         14:00     1                   0              4         3              11             
8682447570173604008           6         15:00     2                   0              3         3              12             
8682447570173604008           6         16:00     5                   0              5         3              10             
8682447570173604008           6         17:00     1                   0              4         2              11             
8682447570173604008           6         18:00     1                   0              4         1              11             
8682447570173604008           6         19:00     3                   0              5         2              10             
8682447570173604008           6         20:00     4                   0              8         1              7              
8682447570173604008           6         21:00     4                   0              9         3              6              
8682447570173604008           6         22:00     3                   0              11        1              4              
8682447570173604008           6         23:00     4                   0              13        2              2              
8682447570173604008           7         0:00      5                   0              12        6              3              
8682447570173604008           7         1:00      5                   0              12        4              3              
8682447570173604008           7         2:00      2                   0              13        1              2              
8682447570173604008           7         3:00      2                   0              13        2              2              
8682447570173604008           7         4:00      3                   0              12        3              3              
8682447570173604008           7         5:00      5                   0              11        6              4              
8682447570173604008           7         6:00      1                   0              9         3              6              
8682447570173604008           7         7:00      5                   0              10        4              5              
8682447570173604008           7         8:00      2                   0              11        1              4              
8682447570173604008           7         9:00      2                   0              13        0              2              
8682447570173604008           7         10:00     2                   0              12        3              3              
8682447570173604008           7         11:00     5                   0              13        4              2              
8682447570173604008           7         12:00     5                   2              15        1              0              
8682447570173604008           7         13:00     2                   3              15        1              0              
8682447570173604008           7         14:00     2                   3              15        2              0              
8682447570173604008           7         15:00     1                   0              14        5              1              
8682447570173604008           7         16:00     2                   0              12        4              3              
8682447570173604008           7         17:00     2                   0              12        2              3              
8682447570173604008           7         18:00     5                   0              15        2              0              
8682447570173604008           7         19:00     3                   0              14        4              1              
8682447570173604008           7         20:00     2                   0              14        2              1              
8682447570173604008           7         21:00     3                   0              13        4              2              
8682447570173604008           7         22:00     2                   0              13        2              2              
8682447570173604008           7         23:00     5                   1              15        2              0              
8682447570173604008           8         0:00      3                   0              15        4              0              
8682447570173604008           8         1:00      4                   3              15        1              0              
8682447570173604008           8         2:00      1                   0              15        4              0              
8682447570173604008           8         3:00      5                   0              13        7              2              
8682447570173604008           8         4:00      3                   0              12        3              3              
8682447570173604008           8         5:00      0                   0              11        1              4              
8682447570173604008           8         6:00      0                   0              7         4              8              
8682447570173604008           8         7:00      0                   0              5         2              10             
8682447570173604008           8         8:00      1                   0              6         0              9              
8682447570173604008           8         9:00      1                   0              3         4              12             
8682447570173604008           8         10:00     5                   0              7         0              8              
8682447570173604008           8         11:00     0                   0              5         2              10             
8682447570173604008           8         12:00     0                   0              4         1              11             
8682447570173604008           8         13:00     4                   0              6         2              9              
8682447570173604008           8         14:00     1                   0              5         2              10             
8682447570173604008           8         15:00     1                   0              5         1              10             
8682447570173604008           8         16:00     3                   0              6         2              9              
8682447570173604008           8         17:00     5                   0              11        0              4              
8682447570173604008           8         18:00     3                   0              10        4              5              
8682447570173604008           8         19:00     3                   0              11        2              4              
8682447570173604008           8         20:00     5                   0              14        2              1              
8682447570173604008           8         21:00     5                   0              13        5              2              
8682447570173604008           8         22:00     4                   0              14        3              1              
8682447570173604008           8         23:00     5                   1              15        3              0              
8682447570173604008           9         0:00      3                   0              15        4              0              
8682447570173604008           9         1:00      1                   1              15        0              0              
8682447570173604008           9         2:00      3                   1              15        3              0              
8682447570173604008           9         3:00      0                   0              14        2              1              
8682447570173604008           9         4:00      1                   0              14        1              1              
8682447570173604008           9         5:00      1                   0              11        4              4              
8682447570173604008           9         6:00      0                   0              9         2              6              
8682447570173604008           9         7:00      2                   0              9         2              6              
8682447570173604008           9         8:00      1                   0              10        0              5              
8682447570173604008           9         9:00      1                   0              9         2              6              
8682447570173604008           9         10:00     1                   0              10        0              5              
8682447570173604008           9         11:00     2                   0              9         3              6              
8682447570173604008           9         12:00     3                   0              10        2              5              
8682447570173604008           9         13:00     5                   0              12        3              3              
8682447570173604008           9         14:00     4                   0              11        5              4              
8682447570173604008           9         15:00     2                   0              10        3              5              
8682447570173604008           9         16:00     0                   0              7         3              8              
8682447570173604008           9         17:00     2                   0              7         2              8              
8682447570173604008           9         18:00     0                   0              7         0              8              
8682447570173604008           9         19:00     4                   0              9         2              6              
8682447570173604008           9         20:00     2                   0              10        1              5              
8682447570173604008           9         21:00     1                   0              9         2              6              
8682447570173604008           9         22:00     5                   0              13        1              2              
8682447570173604008           9         23:00     4                   1              15        0              0              
8682447570173604008           10        0:00      2                   1              15        2              0              
8682447570173604008           10        1:00      2                   1              15        2              0              
8682447570173604008           10        2:00      5                   3              15        1              0              
8682447570173604008           10        3:00      2                   2              15        3              0              
8682447570173604008           10        4:00      3                   3              15        2              0              
8682447570173604008           10        5:00      0                   1              15        2              0              
8682447570173604008           10        6:00      5                   5              15        1              0              
8682447570173604008           10        7:00      3                   6              15        2              0              
8682447570173604008           10        8:00      3                   5              15        4              0              
8682447570173604008           10        9:00      0                   3              15        2              0              
8682447570173604008           10        10:00     2                   3              15        2              0              
8682447570173604008           10        11:00     2                   2              15        3              0              
8682447570173604008           10        12:00     3                   0              15        5              0              
8682447570173604008           10        13:00     0                   0              13        2              2              
8682447570173604008           10        14:00     4                   0              15        2              0              
8682447570173604008           10        15:00     4                   0              14        4              1              
8682447570173604008           10        16:00     2                   0              15        1              0              
8682447570173604008           10        17:00     5                   3              15        2              0              
8682447570173604008           10        18:00     0                   0              12        6              3              
8682447570173604008           10        19:00     1                   0              11        2              4              
8682447570173604008           10        20:00     0                   0              9         2              6              
8682447570173604008           10        21:00     0                   0              9         0              6              
8682447570173604008           10        22:00     1                   0              8         2              7              
8682447570173604008           10        23:00     3                   0              9         2              6              
8682447570173604008           11        0:00      3                   0              8         4              7              
8682447570173604008           11        1:00      2                   0              7         2              8              
8682447570173604008           11        2:00      1                   0              7         1              8              
8682447570173604008           11        3:00      4                   0              9         2              6              
8682447570173604008           11        4:00      3                   0              10        2              5              
8682447570173604008           11        5:00      1                   0              7         3              8              
8682447570173604008           11        6:00      2                   0              8         0              7              
8682447570173604008           11        7:00      0                   0              8         0              7              
8682447570173604008           11        8:00      5                   0              13        0              2              
8682447570173604008           11        9:00      2                   0              13        2              2              
8682447570173604008           11        10:00     3                   0              14        2              1              
8682447570173604008           11        11:00     3                   1              15        1              0              
8682447570173604008           11        12:00     2                   0              15        3              0              
8682447570173604008           11        13:00     2                   1              15        1              0              
8682447570173604008           11        14:00     0                   0              12        4              3              
8682447570173604008           11        15:00     0                   0              10        2              5              
8682447570173604008           11        16:00     1                   0              10        1              5              
8682447570173604008           11        17:00     1                   0              9         2              6              
8682447570173604008           11        18:00     1                   0              5         5              10             
8682447570173604008           11        19:00     4                   0              6         3              9              
8682447570173604008           11        20:00     2                   0              6         2              9              
8682447570173604008           11        21:00     5                   0              6         4              9              
8682447570173604008           11        22:00     0                   0              5         1              10             
8682447570173604008           11        23:00     0                   0              5         0              10             
8682447570173604008           12        0:00      5                   0              9         1              6              
8682447570173604008           12        1:00      3                   0              11        1              4              
8682447570173604008           12        2:00      1                   0              8         4              7              
8682447570173604008           12        3:00      5                   0              13        0              2              
8682447570173604008           12        4:00      4                   0              14        3              1              
8682447570173604008           12        5:00      1                   0              12        3              3              
8682447570173604008           12        6:00      2                   0              11        3              4              
8682447570173604008           12        7:00      3                   0              13        1              2              
8682447570173604008           12        8:00      3                   0              15        1              0              
8682447570173604008           12        9:00      1                   0              15        1              0              
8682447570173604008           12        10:00     3                   0              12        6              3              
8682447570173604008           12        11:00     0                   0              12        0              3              
8682447570173604008           12        12:00     2                   0              12        2              3              
8682447570173604008           12        13:00     0                   0              10        2              5              
8682447570173604008           12        14:00     2                   0              12        0              3              
8682447570173604008           12        15:00     2                   0              14        0              1              
8682447570173604008           12        16:00     0                   0              13        1              2              
8682447570173604008           12        17:00     1                   0              10        4              5              
8682447570173604008           12        18:00     3                   0              12        1              3              
8682447570173604008           12        19:00     3                   0              12        3              3              
8682447570173604008           12        20:00     0                   0              10        2              5              
8682447570173604008           12        21:00     0                   0              10        0              5              
8682447570173604008           12        22:00     0                   0              8         2              7              
8682447570173604008           12        23:00     4                   0              8         3              7              
8682447570173604008           13        0:00      1                   0              8         1              7              
8682447570173604008           13        1:00      5                   0              12        1              3              
8682447570173604008           13        2:00      3                   0              13        2              2              
8682447570173604008           13        3:00      4                   2              15        0              0              
8682447570173604008           13        4:00      5                   5              15        2              0              
8682447570173604008           13        5:00      2                   4              15        3              0              
8682447570173604008           13        6:00      0                   3              15        1              0              
8682447570173604008           13        7:00      5                   4              15        3              0              
8682447570173604008           13        8:00      0                   1              15        3              0              
8682447570173604008           13        9:00      1                   0              12        5              3              
8682447570173604008           13        10:00     4                   0              14        2              1              
8682447570173604008           13        11:00     5                   2              15        2              0              
8682447570173604008           13        12:00     5                   0              15        7              0              
8682447570173604008           13        13:00     5                   3              15        2              0              
8682447570173604008           13        14:00     4                   4              15        3              0              
8682447570173604008           13        15:00     4                   6              15        2              0              
8682447570173604008           13        16:00     1                   4              15        3              0              
8682447570173604008           13        17:00     2                   3              15        3              0              
8682447570173604008           13        18:00     3                   4              15        2              0              
8682447570173604008           13        19:00     4                   8              15        0              0              
8682447570173604008           13        20:00     3                   9              15        2              0              
8682447570173604008           13        21:00     0                   7              15        2              0              
8682447570173604008           13        22:00     1                   4              15        4              0              
8682447570173604008           13        23:00     3                   4              15        3              0              
8682447570173604008           14        0:00      0                   2              15        2              0              
8682447570173604008           14        1:00      3                   4              15        1              0              
8682447570173604008           14        2:00      5                   9              15        0              0              
8682447570173604008           14        3:00      0                   6              15        3              0              
8682447570173604008           14        4:00      4                   5              15        5              0              
8682447570173604008           14        5:00      4                   7              15        1              0              
8682447570173604008           14        6:00      4                   10             15        1              0              
8682447570173604008           14        7:00      5                   12             15        2              0              
8682447570173604008           14        8:00      1                   12             15        1              0              
8682447570173604008           14        9:00      2                   11             15        3              0              
8682447570173604008           14        10:00     5                   10             15        5              0              
8682447570173604008           14        11:00     0                   8              15        2              0              
8682447570173604008           14        12:00     3                   5              15        6              0              
8682447570173604008           14        13:00     2                   4              15        3              0              
8682447570173604008           14        14:00     5                   7              15        2              0              
8682447570173604008           14        15:00     1                   3              15        5              0              
8682447570173604008           14        16:00     2                   2              15        3              0              
8682447570173604008           14        17:00     2                   0              15        4              0              
8682447570173604008           14        18:00     4                   1              15        3              0              
8682447570173604008           14        19:00     4                   2              15        3              0              
8682447570173604008           14        20:00     1                   0              13        5              2              
8682447570173604008           14        21:00     1                   0              12        2              3              
8682447570173604008           14        22:00     2                   0              12        2              3              
8682447570173604008           14        23:00     3                   0              12        3              3              
8682447570173604008           15        0:00      3                   0              10        4              5              
8682447570173604008           15        1:00      1                   0              7         4              8              
8682447570173604008           15        2:00      1                   0              7         1              8              
8682447570173604008           15        3:00      5                   0              9         2              6              
8682447570173604008           15        4:00      3                   0              11        1              4              
8682447570173604008           15        5:00      2                   0              11        2              4              
8682447570173604008           15        6:00      2                   0              11        2              4              
8682447570173604008           15        7:00      5                   0              14        1              1              
8682447570173604008           15        8:00      0                   0              12        2              3              
8682447570173604008           15        9:00      2                   0              10        4              5              
8682447570173604008           15        10:00     4                   0              13        0              2              
8682447570173604008           15        11:00     4                   0              15        1              0              
8682447570173604008           15        12:00     3                   0              14        4              1              
8682447570173604008           15        13:00     0                   0              14        0              1              
8682447570173604008           15        14:00     2                   0              12        4              3              
8682447570173604008           15        15:00     4                   0              13        2              2              
8682447570173604008           15        16:00     3                   0              14        2              1              
8682447570173604008           15        17:00     1                   0              13        2              2              
8682447570173604008           15        18:00     0                   0              12        1              3              
8682447570173604008           15        19:00     1                   0              11        2              4              
8682447570173604008           15        20:00     1                   0              6         6              9              
8682447570173604008           15        21:00     3                   0              8         1              7              
8682447570173604008           15        22:00     3                   0              7         3              8              
8682447570173604008           15        23:00     5                   0              11        1              4              
