Sim_N                         Day       AVG_SF_per_Day      
2292081148342332607           1         3.21                
2292081148342332607           2         3.81                
2292081148342332607           3         2.82                
2292081148342332607           4         3.31                
2292081148342332607           5         3.27                
2292081148342332607           6         3.81                
2292081148342332607           7         2.34                
2292081148342332607           8         3.79                
2292081148342332607           9         2.69                
2292081148342332607           10        2.81                
2292081148342332607           11        3.87                
2292081148342332607           12        3.55                
2292081148342332607           13        3.74                
2292081148342332607           14        3.44                
2292081148342332607           15        3.85                
