Sim_N                         Day       AVG_SF_per_Day      
4501426324105553348           1         2.86                
4501426324105553348           2         3.10                
4501426324105553348           3         3.00                
4501426324105553348           4         3.79                
4501426324105553348           5         3.71                
4501426324105553348           6         2.76                
4501426324105553348           7         3.30                
4501426324105553348           8         3.27                
4501426324105553348           9         3.26                
4501426324105553348           10        2.57                
4501426324105553348           11        3.70                
4501426324105553348           12        4.20                
4501426324105553348           13        3.35                
4501426324105553348           14        3.67                
4501426324105553348           15        3.27                
