Sim_N                         Day       AVG_SF_per_Day      
4133664724374831529           1         3.75                
4133664724374831529           2         2.13                
4133664724374831529           3         2.91                
4133664724374831529           4         2.78                
4133664724374831529           5         2.91                
4133664724374831529           6         2.33                
4133664724374831529           7         2.76                
4133664724374831529           8         2.71                
4133664724374831529           9         4.02                
4133664724374831529           10        2.67                
4133664724374831529           11        2.97                
4133664724374831529           12        3.55                
4133664724374831529           13        2.91                
4133664724374831529           14        3.28                
4133664724374831529           15        4.36                
