Sim_N                         Day       AVG_SF_per_Day      
1587642577899122629           1         3.62                
1587642577899122629           2         2.46                
1587642577899122629           3         3.04                
1587642577899122629           4         2.99                
1587642577899122629           5         2.28                
1587642577899122629           6         2.61                
1587642577899122629           7         3.71                
1587642577899122629           8         2.70                
1587642577899122629           9         2.68                
1587642577899122629           10        3.29                
1587642577899122629           11        3.79                
1587642577899122629           12        2.51                
1587642577899122629           13        2.98                
1587642577899122629           14        3.89                
1587642577899122629           15        3.39                
