Sim_N                         Day       AVG_SF_per_Day      
7410642052098862621           1         3.65                
7410642052098862621           2         3.49                
7410642052098862621           3         2.40                
7410642052098862621           4         2.64                
7410642052098862621           5         3.08                
7410642052098862621           6         3.42                
7410642052098862621           7         3.02                
7410642052098862621           8         3.08                
7410642052098862621           9         2.33                
7410642052098862621           10        2.34                
7410642052098862621           11        3.26                
7410642052098862621           12        3.50                
7410642052098862621           13        3.60                
7410642052098862621           14        3.17                
7410642052098862621           15        3.80                
