Sim_N                         Day       AVG_SF_per_Day      
7620761388995898187           1         4.85                
7620761388995898187           2         2.55                
7620761388995898187           3         3.21                
7620761388995898187           4         2.77                
7620761388995898187           5         3.17                
7620761388995898187           6         2.88                
7620761388995898187           7         3.05                
7620761388995898187           8         4.76                
7620761388995898187           9         2.75                
7620761388995898187           10        2.79                
7620761388995898187           11        4.15                
7620761388995898187           12        3.03                
7620761388995898187           13        3.34                
7620761388995898187           14        3.39                
7620761388995898187           15        3.91                
