Sim_N                         Day       AVG_SF_per_Day      
4271650313918323924           1         3.03                
4271650313918323924           2         2.67                
4271650313918323924           3         2.83                
4271650313918323924           4         2.65                
4271650313918323924           5         1.86                
4271650313918323924           6         2.78                
4271650313918323924           7         3.34                
4271650313918323924           8         3.24                
4271650313918323924           9         2.99                
4271650313918323924           10        2.34                
4271650313918323924           11        2.06                
4271650313918323924           12        3.16                
4271650313918323924           13        3.39                
4271650313918323924           14        2.39                
4271650313918323924           15        4.21                
