Sim_N                         Day       AVG_SF_per_Day      
5722701573629018890           1         3.47                
5722701573629018890           2         2.43                
5722701573629018890           3         3.03                
5722701573629018890           4         4.56                
5722701573629018890           5         2.83                
5722701573629018890           6         3.31                
5722701573629018890           7         2.73                
5722701573629018890           8         3.21                
5722701573629018890           9         2.73                
5722701573629018890           10        2.54                
5722701573629018890           11        3.02                
5722701573629018890           12        2.95                
5722701573629018890           13        3.21                
5722701573629018890           14        3.66                
5722701573629018890           15        4.25                
