Sim_N                         Day       AVG_SF_per_Day      
5070015176751567341           1         3.16                
5070015176751567341           2         2.99                
5070015176751567341           3         2.52                
5070015176751567341           4         3.09                
5070015176751567341           5         3.32                
5070015176751567341           6         3.01                
5070015176751567341           7         3.31                
5070015176751567341           8         2.07                
5070015176751567341           9         3.63                
5070015176751567341           10        2.86                
5070015176751567341           11        2.85                
5070015176751567341           12        2.77                
5070015176751567341           13        2.98                
5070015176751567341           14        3.54                
5070015176751567341           15        3.97                
