Sim_N                         Day       AVG_SF_per_Day      
8339971156133533925           1         3.17                
8339971156133533925           2         3.74                
8339971156133533925           3         3.17                
8339971156133533925           4         4.74                
8339971156133533925           5         2.90                
8339971156133533925           6         2.89                
8339971156133533925           7         2.63                
8339971156133533925           8         2.75                
8339971156133533925           9         2.78                
8339971156133533925           10        2.91                
8339971156133533925           11        4.13                
8339971156133533925           12        3.56                
8339971156133533925           13        2.42                
8339971156133533925           14        3.59                
8339971156133533925           15        4.08                
