Sim_N                         Day       AVG_SF_per_Day      
3278708817769536839           1         3.24                
3278708817769536839           2         2.91                
3278708817769536839           3         4.06                
3278708817769536839           4         3.84                
3278708817769536839           5         3.16                
3278708817769536839           6         2.67                
3278708817769536839           7         3.09                
3278708817769536839           8         3.02                
3278708817769536839           9         3.09                
3278708817769536839           10        1.98                
3278708817769536839           11        2.68                
3278708817769536839           12        2.70                
3278708817769536839           13        2.50                
3278708817769536839           14        2.49                
3278708817769536839           15        4.75                
