Sim_N                         Day       AVG_SF_per_Day      
7003804123866248010           1         2.70                
7003804123866248010           2         3.59                
7003804123866248010           3         3.49                
7003804123866248010           4         3.54                
7003804123866248010           5         3.88                
7003804123866248010           6         3.04                
7003804123866248010           7         2.80                
7003804123866248010           8         2.39                
7003804123866248010           9         2.98                
7003804123866248010           10        3.99                
7003804123866248010           11        3.44                
7003804123866248010           12        3.22                
7003804123866248010           13        3.22                
7003804123866248010           14        2.88                
7003804123866248010           15        3.97                
