Sim_N                         Day       AVG_SF_per_Day      
3288894587074966984           1         4.98                
3288894587074966984           2         5.00                
3288894587074966984           3         4.91                
3288894587074966984           4         5.00                
3288894587074966984           5         5.00                
3288894587074966984           6         5.00                
3288894587074966984           7         4.79                
3288894587074966984           8         5.00                
3288894587074966984           9         5.00                
3288894587074966984           10        3.95                
3288894587074966984           11        4.58                
3288894587074966984           12        4.22                
3288894587074966984           13        3.94                
3288894587074966984           14        4.99                
3288894587074966984           15        4.99                
