Sim_N                         Day       AVG_SF_per_Day      
7851483255505449093           1         5.00                
7851483255505449093           2         4.93                
7851483255505449093           3         4.99                
7851483255505449093           4         4.96                
7851483255505449093           5         4.90                
7851483255505449093           6         4.92                
7851483255505449093           7         4.98                
7851483255505449093           8         4.98                
7851483255505449093           9         4.99                
7851483255505449093           10        4.99                
7851483255505449093           11        4.99                
7851483255505449093           12        4.25                
7851483255505449093           13        4.56                
7851483255505449093           14        4.53                
7851483255505449093           15        4.64                
