Sim_N                         Day       AVG_SF_per_Day      
6573534220762861578           1         5.00                
6573534220762861578           2         5.00                
6573534220762861578           3         5.00                
6573534220762861578           4         5.00                
6573534220762861578           5         5.00                
6573534220762861578           6         5.00                
6573534220762861578           7         4.98                
6573534220762861578           8         5.00                
6573534220762861578           9         5.00                
6573534220762861578           10        4.90                
6573534220762861578           11        4.96                
6573534220762861578           12        4.97                
6573534220762861578           13        4.89                
6573534220762861578           14        5.00                
6573534220762861578           15        5.00                
