Sim_N                         Day       AVG_SF_per_Day      
932181733631500209            1         5.00                
932181733631500209            2         4.99                
932181733631500209            3         4.00                
932181733631500209            4         4.98                
932181733631500209            5         4.31                
932181733631500209            6         5.00                
932181733631500209            7         5.00                
932181733631500209            8         4.98                
932181733631500209            9         4.97                
932181733631500209            10        4.94                
932181733631500209            11        4.75                
932181733631500209            12        4.99                
932181733631500209            13        4.92                
932181733631500209            14        5.00                
932181733631500209            15        5.00                
