Sim_N                         Day       AVG_SF_per_Day      
6189474908074855363           1         5.00                
6189474908074855363           2         4.78                
6189474908074855363           3         4.28                
6189474908074855363           4         4.99                
6189474908074855363           5         5.00                
6189474908074855363           6         4.98                
6189474908074855363           7         4.98                
6189474908074855363           8         4.68                
6189474908074855363           9         5.00                
6189474908074855363           10        4.88                
6189474908074855363           11        5.00                
6189474908074855363           12        4.86                
6189474908074855363           13        4.50                
6189474908074855363           14        4.45                
6189474908074855363           15        5.00                
