Sim_N                         Day       AVG_SF_per_Day      
412908657114306306            1         5.00                
412908657114306306            2         4.92                
412908657114306306            3         4.88                
412908657114306306            4         3.83                
412908657114306306            5         3.98                
412908657114306306            6         4.79                
412908657114306306            7         3.95                
412908657114306306            8         4.98                
412908657114306306            9         4.72                
412908657114306306            10        4.59                
412908657114306306            11        4.50                
412908657114306306            12        4.63                
412908657114306306            13        4.53                
412908657114306306            14        4.98                
412908657114306306            15        5.00                
