Sim_N                         Day       AVG_SF_per_Day      
8770111774616907685           1         5.00                
8770111774616907685           2         4.78                
8770111774616907685           3         4.63                
8770111774616907685           4         4.90                
8770111774616907685           5         4.97                
8770111774616907685           6         4.99                
8770111774616907685           7         4.20                
8770111774616907685           8         4.01                
8770111774616907685           9         4.96                
8770111774616907685           10        4.15                
8770111774616907685           11        4.88                
8770111774616907685           12        4.98                
8770111774616907685           13        5.00                
8770111774616907685           14        4.83                
8770111774616907685           15        4.45                
