Sim_N                         Day       AVG_SF_per_Day      
2183013908468213224           1         5.00                
2183013908468213224           2         4.92                
2183013908468213224           3         4.91                
2183013908468213224           4         4.99                
2183013908468213224           5         5.00                
2183013908468213224           6         5.00                
2183013908468213224           7         4.97                
2183013908468213224           8         4.84                
2183013908468213224           9         4.98                
2183013908468213224           10        4.93                
2183013908468213224           11        5.00                
2183013908468213224           12        5.00                
2183013908468213224           13        4.49                
2183013908468213224           14        5.00                
2183013908468213224           15        4.71                
