Sim_N                         Day       AVG_SF_per_Day      
3230095915020454793           1         3.82                
3230095915020454793           2         4.80                
3230095915020454793           3         4.81                
3230095915020454793           4         4.99                
3230095915020454793           5         4.91                
3230095915020454793           6         5.00                
3230095915020454793           7         4.08                
3230095915020454793           8         4.55                
3230095915020454793           9         4.85                
3230095915020454793           10        4.99                
3230095915020454793           11        4.13                
3230095915020454793           12        4.23                
3230095915020454793           13        4.84                
3230095915020454793           14        5.00                
3230095915020454793           15        4.84                
