Sim_N                         Day       AVG_SF_per_Day      
1773931511441550281           1         4.60                
1773931511441550281           2         4.38                
1773931511441550281           3         5.00                
1773931511441550281           4         4.81                
1773931511441550281           5         4.94                
1773931511441550281           6         4.98                
1773931511441550281           7         4.98                
1773931511441550281           8         4.75                
1773931511441550281           9         4.95                
1773931511441550281           10        5.00                
1773931511441550281           11        5.00                
1773931511441550281           12        5.00                
1773931511441550281           13        4.95                
1773931511441550281           14        4.97                
1773931511441550281           15        4.99                
