Sim_N                         Day       AVG_SF_per_Day      
183115492506884577            1         5.00                
183115492506884577            2         4.89                
183115492506884577            3         5.00                
183115492506884577            4         5.00                
183115492506884577            5         4.97                
183115492506884577            6         4.88                
183115492506884577            7         5.00                
183115492506884577            8         5.00                
183115492506884577            9         5.00                
183115492506884577            10        4.98                
183115492506884577            11        4.74                
183115492506884577            12        4.87                
183115492506884577            13        4.99                
183115492506884577            14        4.59                
183115492506884577            15        4.95                
