Sim_N                         Day       AVG_SF_per_Day      
3548667079965441662           1         4.99                
3548667079965441662           2         5.00                
3548667079965441662           3         4.99                
3548667079965441662           4         4.94                
3548667079965441662           5         5.00                
3548667079965441662           6         4.98                
3548667079965441662           7         4.68                
3548667079965441662           8         4.39                
3548667079965441662           9         5.00                
3548667079965441662           10        4.96                
3548667079965441662           11        3.93                
3548667079965441662           12        4.28                
3548667079965441662           13        5.00                
3548667079965441662           14        5.00                
3548667079965441662           15        4.74                
