Sim_N                         Day       AVG_SF_per_Day      
4096833819958652923           1         4.74                
4096833819958652923           2         4.98                
4096833819958652923           3         5.00                
4096833819958652923           4         5.00                
4096833819958652923           5         4.83                
4096833819958652923           6         4.44                
4096833819958652923           7         5.00                
4096833819958652923           8         5.00                
4096833819958652923           9         5.00                
4096833819958652923           10        5.00                
4096833819958652923           11        4.72                
4096833819958652923           12        4.95                
4096833819958652923           13        4.91                
4096833819958652923           14        5.00                
4096833819958652923           15        4.96                
