Sim_N                         Day       AVG_SF_per_Day      
1337777946756816414           1         4.73                
1337777946756816414           2         4.98                
1337777946756816414           3         4.95                
1337777946756816414           4         5.00                
1337777946756816414           5         4.43                
1337777946756816414           6         4.86                
1337777946756816414           7         5.00                
1337777946756816414           8         4.45                
1337777946756816414           9         4.90                
1337777946756816414           10        4.55                
1337777946756816414           11        4.54                
1337777946756816414           12        4.92                
1337777946756816414           13        5.00                
1337777946756816414           14        5.00                
1337777946756816414           15        4.96                
