Sim_N                         Day       AVG_SF_per_Day      
1054569708953620834           1         4.99                
1054569708953620834           2         3.61                
1054569708953620834           3         4.24                
1054569708953620834           4         4.93                
1054569708953620834           5         4.38                
1054569708953620834           6         5.00                
1054569708953620834           7         5.00                
1054569708953620834           8         5.00                
1054569708953620834           9         5.00                
1054569708953620834           10        5.00                
1054569708953620834           11        5.00                
1054569708953620834           12        4.58                
1054569708953620834           13        5.00                
1054569708953620834           14        4.98                
1054569708953620834           15        4.33                
