Sim_N                         Day       AVG_SF_per_Day      
7917273138705030600           1         5.00                
7917273138705030600           2         4.96                
7917273138705030600           3         4.96                
7917273138705030600           4         5.00                
7917273138705030600           5         4.77                
7917273138705030600           6         4.73                
7917273138705030600           7         5.00                
7917273138705030600           8         5.00                
7917273138705030600           9         4.70                
7917273138705030600           10        5.00                
7917273138705030600           11        5.00                
7917273138705030600           12        4.97                
7917273138705030600           13        5.00                
7917273138705030600           14        5.00                
7917273138705030600           15        5.00                
