Sim_N                         Day       AVG_SF_per_Day      
198862875224286933            1         4.94                
198862875224286933            2         4.98                
198862875224286933            3         5.00                
198862875224286933            4         5.00                
198862875224286933            5         4.99                
198862875224286933            6         5.00                
198862875224286933            7         4.31                
198862875224286933            8         4.85                
198862875224286933            9         4.95                
198862875224286933            10        4.50                
198862875224286933            11        5.00                
198862875224286933            12        5.00                
198862875224286933            13        5.00                
198862875224286933            14        5.00                
198862875224286933            15        5.00                
