Sim_N                         Day       Time      New_Patients        Waiting        Assigned  Discharged     Beds_Avail_EOH 
2930493401147179932           1         0:00      1                   0              1         0              14             
2930493401147179932           1         1:00      4                   0              3         2              12             
2930493401147179932           1         2:00      3                   0              4         2              11             
2930493401147179932           1         3:00      0                   0              3         1              12             
2930493401147179932           1         4:00      3                   0              6         0              9              
2930493401147179932           1         5:00      3                   0              8         1              7              
2930493401147179932           1         6:00      5                   0              11        1              4              
2930493401147179932           1         7:00      3                   0              12        2              3              
2930493401147179932           1         8:00      2                   0              9         5              6              
2930493401147179932           1         9:00      1                   0              7         3              8              
2930493401147179932           1         10:00     4                   0              7         3              8              
2930493401147179932           1         11:00     0                   0              6         1              9              
2930493401147179932           1         12:00     2                   0              6         2              9              
2930493401147179932           1         13:00     4                   0              9         1              6              
2930493401147179932           1         14:00     3                   0              9         3              6              
2930493401147179932           1         15:00     2                   0              10        1              5              
2930493401147179932           1         16:00     5                   0              12        2              3              
2930493401147179932           1         17:00     5                   0              14        3              1              
2930493401147179932           1         18:00     4                   0              15        3              0              
2930493401147179932           1         19:00     5                   0              14        6              1              
2930493401147179932           1         20:00     1                   0              13        2              2              
2930493401147179932           1         21:00     1                   0              13        0              2              
2930493401147179932           1         22:00     3                   0              14        2              1              
2930493401147179932           1         23:00     0                   0              14        0              1              
2930493401147179932           2         0:00      4                   0              15        3              0              
2930493401147179932           2         1:00      5                   3              15        1              0              
2930493401147179932           2         2:00      4                   6              15        1              0              
2930493401147179932           2         3:00      3                   6              15        3              0              
2930493401147179932           2         4:00      5                   9              15        2              0              
2930493401147179932           2         5:00      2                   9              15        2              0              
2930493401147179932           2         6:00      5                   14             15        0              0              
2930493401147179932           2         7:00      1                   12             15        3              0              
2930493401147179932           2         8:00      3                   14             15        1              0              
2930493401147179932           2         9:00      1                   14             15        1              0              
2930493401147179932           2         10:00     0                   13             15        1              0              
2930493401147179932           2         11:00     1                   9              15        5              0              
2930493401147179932           2         12:00     5                   8              15        6              0              
2930493401147179932           2         13:00     4                   9              15        2              0              
2930493401147179932           2         14:00     0                   3              15        6              0              
2930493401147179932           2         15:00     1                   0              13        6              2              
2930493401147179932           2         16:00     0                   0              10        3              5              
2930493401147179932           2         17:00     2                   0              11        1              4              
2930493401147179932           2         18:00     5                   0              13        3              2              
2930493401147179932           2         19:00     2                   0              11        4              4              
2930493401147179932           2         20:00     0                   0              10        1              5              
2930493401147179932           2         21:00     0                   0              8         2              7              
2930493401147179932           2         22:00     3                   0              8         3              7              
2930493401147179932           2         23:00     2                   0              8         2              7              
2930493401147179932           3         0:00      1                   0              8         1              7              
2930493401147179932           3         1:00      0                   0              6         2              9              
2930493401147179932           3         2:00      2                   0              7         1              8              
2930493401147179932           3         3:00      4                   0              9         2              6              
2930493401147179932           3         4:00      4                   0              12        1              3              
2930493401147179932           3         5:00      1                   0              11        2              4              
2930493401147179932           3         6:00      0                   0              10        1              5              
2930493401147179932           3         7:00      1                   0              9         2              6              
2930493401147179932           3         8:00      4                   0              13        0              2              
2930493401147179932           3         9:00      5                   0              12        6              3              
2930493401147179932           3         10:00     0                   0              9         3              6              
2930493401147179932           3         11:00     3                   0              10        1              5              
2930493401147179932           3         12:00     0                   0              8         2              7              
2930493401147179932           3         13:00     2                   0              7         2              8              
2930493401147179932           3         14:00     4                   0              11        0              4              
2930493401147179932           3         15:00     0                   0              9         2              6              
2930493401147179932           3         16:00     0                   0              8         1              7              
2930493401147179932           3         17:00     5                   0              10        2              5              
2930493401147179932           3         18:00     1                   0              7         4              8              
2930493401147179932           3         19:00     0                   0              6         1              9              
2930493401147179932           3         20:00     3                   0              8         1              7              
2930493401147179932           3         21:00     4                   0              10        2              5              
2930493401147179932           3         22:00     2                   0              10        2              5              
2930493401147179932           3         23:00     1                   0              10        1              5              
2930493401147179932           4         0:00      2                   0              8         4              7              
2930493401147179932           4         1:00      4                   0              11        0              4              
2930493401147179932           4         2:00      0                   0              8         3              7              
2930493401147179932           4         3:00      3                   0              10        1              5              
2930493401147179932           4         4:00      0                   0              9         1              6              
2930493401147179932           4         5:00      3                   0              11        0              4              
2930493401147179932           4         6:00      2                   0              8         5              7              
2930493401147179932           4         7:00      1                   0              7         2              8              
2930493401147179932           4         8:00      1                   0              6         2              9              
2930493401147179932           4         9:00      4                   0              8         2              7              
2930493401147179932           4         10:00     5                   0              9         3              6              
2930493401147179932           4         11:00     0                   0              7         2              8              
2930493401147179932           4         12:00     4                   0              8         2              7              
2930493401147179932           4         13:00     2                   0              8         2              7              
2930493401147179932           4         14:00     0                   0              8         0              7              
2930493401147179932           4         15:00     1                   0              5         4              10             
2930493401147179932           4         16:00     1                   0              3         3              12             
2930493401147179932           4         17:00     1                   0              4         0              11             
2930493401147179932           4         18:00     0                   0              1         3              14             
2930493401147179932           4         19:00     4                   0              5         0              10             
2930493401147179932           4         20:00     4                   0              9         0              6              
2930493401147179932           4         21:00     2                   0              9         2              6              
2930493401147179932           4         22:00     2                   0              8         3              7              
2930493401147179932           4         23:00     0                   0              5         3              10             
2930493401147179932           5         0:00      5                   0              8         2              7              
2930493401147179932           5         1:00      5                   0              11        1              4              
2930493401147179932           5         2:00      4                   0              12        3              3              
2930493401147179932           5         3:00      5                   0              15        2              0              
2930493401147179932           5         4:00      1                   0              15        1              0              
2930493401147179932           5         5:00      2                   0              15        2              0              
2930493401147179932           5         6:00      5                   4              15        1              0              
2930493401147179932           5         7:00      4                   8              15        0              0              
2930493401147179932           5         8:00      0                   7              15        1              0              
2930493401147179932           5         9:00      3                   9              15        1              0              
2930493401147179932           5         10:00     4                   10             15        3              0              
2930493401147179932           5         11:00     1                   10             15        1              0              
2930493401147179932           5         12:00     5                   12             15        3              0              
2930493401147179932           5         13:00     3                   9              15        6              0              
2930493401147179932           5         14:00     5                   10             15        4              0              
2930493401147179932           5         15:00     5                   7              15        7              0              
2930493401147179932           5         16:00     2                   6              15        3              0              
2930493401147179932           5         17:00     4                   6              15        4              0              
2930493401147179932           5         18:00     5                   8              15        2              0              
2930493401147179932           5         19:00     0                   6              15        2              0              
2930493401147179932           5         20:00     0                   2              15        4              0              
2930493401147179932           5         21:00     3                   0              15        5              0              
2930493401147179932           5         22:00     5                   1              15        4              0              
2930493401147179932           5         23:00     5                   0              12        9              3              
2930493401147179932           6         0:00      0                   0              11        1              4              
2930493401147179932           6         1:00      5                   0              11        4              4              
2930493401147179932           6         2:00      0                   0              9         2              6              
2930493401147179932           6         3:00      2                   0              9         2              6              
2930493401147179932           6         4:00      1                   0              9         1              6              
2930493401147179932           6         5:00      2                   0              8         3              7              
2930493401147179932           6         6:00      1                   0              8         1              7              
2930493401147179932           6         7:00      3                   0              11        0              4              
2930493401147179932           6         8:00      0                   0              9         2              6              
2930493401147179932           6         9:00      3                   0              11        1              4              
2930493401147179932           6         10:00     2                   0              12        1              3              
2930493401147179932           6         11:00     4                   0              14        1              1              
2930493401147179932           6         12:00     5                   3              15        1              0              
2930493401147179932           6         13:00     1                   1              15        3              0              
2930493401147179932           6         14:00     2                   0              14        4              1              
2930493401147179932           6         15:00     1                   0              9         6              6              
2930493401147179932           6         16:00     5                   0              14        0              1              
2930493401147179932           6         17:00     0                   0              13        1              2              
2930493401147179932           6         18:00     1                   0              13        1              2              
2930493401147179932           6         19:00     3                   0              13        3              2              
2930493401147179932           6         20:00     3                   0              15        1              0              
2930493401147179932           6         21:00     4                   0              15        3              0              
2930493401147179932           6         22:00     0                   0              14        1              1              
2930493401147179932           6         23:00     5                   2              15        2              0              
2930493401147179932           7         0:00      4                   4              15        2              0              
2930493401147179932           7         1:00      4                   3              15        4              0              
2930493401147179932           7         2:00      0                   2              15        1              0              
2930493401147179932           7         3:00      5                   6              15        1              0              
2930493401147179932           7         4:00      4                   8              15        2              0              
2930493401147179932           7         5:00      5                   12             15        1              0              
2930493401147179932           7         6:00      1                   9              15        4              0              
2930493401147179932           7         7:00      1                   9              15        1              0              
2930493401147179932           7         8:00      5                   13             15        1              0              
2930493401147179932           7         9:00      2                   12             15        3              0              
2930493401147179932           7         10:00     4                   13             15        3              0              
2930493401147179932           7         11:00     2                   8              15        7              0              
2930493401147179932           7         12:00     5                   9              15        4              0              
2930493401147179932           7         13:00     0                   7              15        2              0              
2930493401147179932           7         14:00     5                   12             15        0              0              
2930493401147179932           7         15:00     4                   15             15        1              0              
2930493401147179932           7         16:00     1                   15             15        1              0              
2930493401147179932           7         17:00     5                   16             15        3              0              
2930493401147179932           7         18:00     3                   14             15        5              0              
2930493401147179932           7         19:00     3                   11             15        6              0              
2930493401147179932           7         20:00     5                   12             15        4              0              
2930493401147179932           7         21:00     5                   10             15        7              0              
2930493401147179932           7         22:00     5                   10             15        4              0              
2930493401147179932           7         23:00     3                   10             15        3              0              
2930493401147179932           8         0:00      1                   9              15        2              0              
2930493401147179932           8         1:00      3                   11             15        1              0              
2930493401147179932           8         2:00      1                   9              15        3              0              
2930493401147179932           8         3:00      5                   10             15        3              0              
2930493401147179932           8         4:00      2                   10             15        2              0              
2930493401147179932           8         5:00      3                   9              15        4              0              
2930493401147179932           8         6:00      4                   10             15        2              0              
2930493401147179932           8         7:00      4                   8              15        5              0              
2930493401147179932           8         8:00      1                   8              15        1              0              
2930493401147179932           8         9:00      5                   8              15        5              0              
2930493401147179932           8         10:00     3                   8              15        3              0              
2930493401147179932           8         11:00     4                   10             15        2              0              
2930493401147179932           8         12:00     0                   6              15        4              0              
2930493401147179932           8         13:00     0                   4              15        2              0              
2930493401147179932           8         14:00     5                   7              15        2              0              
2930493401147179932           8         15:00     5                   10             15        2              0              
2930493401147179932           8         16:00     0                   7              15        3              0              
2930493401147179932           8         17:00     5                   10             15        2              0              
2930493401147179932           8         18:00     1                   8              15        3              0              
2930493401147179932           8         19:00     5                   10             15        3              0              
2930493401147179932           8         20:00     0                   8              15        2              0              
2930493401147179932           8         21:00     4                   7              15        5              0              
2930493401147179932           8         22:00     2                   5              15        4              0              
2930493401147179932           8         23:00     5                   10             15        0              0              
2930493401147179932           9         0:00      4                   12             15        1              0              
2930493401147179932           9         1:00      2                   11             15        3              0              
2930493401147179932           9         2:00      0                   8              15        3              0              
2930493401147179932           9         3:00      2                   7              15        3              0              
2930493401147179932           9         4:00      0                   6              15        1              0              
2930493401147179932           9         5:00      4                   5              15        4              0              
2930493401147179932           9         6:00      4                   5              15        4              0              
2930493401147179932           9         7:00      3                   8              15        0              0              
2930493401147179932           9         8:00      3                   10             15        1              0              
2930493401147179932           9         9:00      5                   11             15        4              0              
2930493401147179932           9         10:00     0                   9              15        2              0              
2930493401147179932           9         11:00     4                   13             15        0              0              
2930493401147179932           9         12:00     4                   14             15        3              0              
2930493401147179932           9         13:00     4                   15             15        3              0              
2930493401147179932           9         14:00     5                   17             15        3              0              
2930493401147179932           9         15:00     1                   15             15        3              0              
2930493401147179932           9         16:00     5                   15             15        5              0              
2930493401147179932           9         17:00     5                   17             15        2              0              
2930493401147179932           9         18:00     5                   17             15        5              0              
2930493401147179932           9         19:00     2                   14             15        5              0              
2930493401147179932           9         20:00     5                   16             15        3              0              
2930493401147179932           9         21:00     5                   15             15        6              0              
2930493401147179932           9         22:00     3                   14             15        4              0              
2930493401147179932           9         23:00     3                   14             15        3              0              
2930493401147179932           10        0:00      1                   11             15        4              0              
2930493401147179932           10        1:00      2                   9              15        4              0              
2930493401147179932           10        2:00      0                   9              15        0              0              
2930493401147179932           10        3:00      2                   6              15        5              0              
2930493401147179932           10        4:00      3                   4              15        5              0              
2930493401147179932           10        5:00      4                   5              15        3              0              
2930493401147179932           10        6:00      0                   5              15        0              0              
2930493401147179932           10        7:00      1                   1              15        5              0              
2930493401147179932           10        8:00      4                   3              15        2              0              
2930493401147179932           10        9:00      3                   6              15        0              0              
2930493401147179932           10        10:00     5                   9              15        2              0              
2930493401147179932           10        11:00     0                   7              15        2              0              
2930493401147179932           10        12:00     1                   8              15        0              0              
2930493401147179932           10        13:00     3                   9              15        2              0              
2930493401147179932           10        14:00     4                   6              15        7              0              
2930493401147179932           10        15:00     5                   9              15        2              0              
2930493401147179932           10        16:00     2                   10             15        1              0              
2930493401147179932           10        17:00     4                   10             15        4              0              
2930493401147179932           10        18:00     2                   8              15        4              0              
2930493401147179932           10        19:00     4                   6              15        6              0              
2930493401147179932           10        20:00     1                   4              15        3              0              
2930493401147179932           10        21:00     3                   5              15        2              0              
2930493401147179932           10        22:00     3                   5              15        3              0              
2930493401147179932           10        23:00     5                   7              15        3              0              
2930493401147179932           11        0:00      4                   9              15        2              0              
2930493401147179932           11        1:00      0                   7              15        2              0              
2930493401147179932           11        2:00      0                   6              15        1              0              
2930493401147179932           11        3:00      5                   7              15        4              0              
2930493401147179932           11        4:00      2                   7              15        2              0              
2930493401147179932           11        5:00      3                   8              15        2              0              
2930493401147179932           11        6:00      1                   6              15        3              0              
2930493401147179932           11        7:00      4                   7              15        3              0              
2930493401147179932           11        8:00      1                   7              15        1              0              
2930493401147179932           11        9:00      5                   10             15        2              0              
2930493401147179932           11        10:00     3                   11             15        2              0              
2930493401147179932           11        11:00     5                   14             15        2              0              
2930493401147179932           11        12:00     4                   15             15        3              0              
2930493401147179932           11        13:00     5                   18             15        1              0              
2930493401147179932           11        14:00     4                   19             15        3              0              
2930493401147179932           11        15:00     5                   19             15        4              0              
2930493401147179932           11        16:00     3                   18             15        4              0              
2930493401147179932           11        17:00     2                   16             15        4              0              
2930493401147179932           11        18:00     0                   12             15        4              0              
2930493401147179932           11        19:00     1                   9              15        4              0              
2930493401147179932           11        20:00     3                   11             15        1              0              
2930493401147179932           11        21:00     5                   14             15        2              0              
2930493401147179932           11        22:00     5                   16             15        3              0              
2930493401147179932           11        23:00     5                   19             15        2              0              
2930493401147179932           12        0:00      4                   17             15        5              0              
2930493401147179932           12        1:00      4                   19             15        2              0              
2930493401147179932           12        2:00      5                   21             15        3              0              
2930493401147179932           12        3:00      3                   23             15        1              0              
2930493401147179932           12        4:00      5                   25             15        3              0              
2930493401147179932           12        5:00      4                   27             15        2              0              
2930493401147179932           12        6:00      4                   29             15        2              0              
2930493401147179932           12        7:00      5                   33             15        0              0              
2930493401147179932           12        8:00      0                   33             15        0              0              
2930493401147179932           12        9:00      1                   31             15        2              0              
2930493401147179932           12        10:00     4                   31             15        2              0              
2930493401147179932           12        11:00     2                   31             15        1              0              
2930493401147179932           12        12:00     1                   29             15        2              0              
2930493401147179932           12        13:00     2                   26             15        3              0              
2930493401147179932           12        14:00     1                   22             15        3              0              
2930493401147179932           12        15:00     5                   24             15        2              0              
2930493401147179932           12        16:00     5                   24             15        4              0              
2930493401147179932           12        17:00     4                   25             15        2              0              
2930493401147179932           12        18:00     0                   20             15        3              0              
2930493401147179932           12        19:00     4                   18             15        4              0              
2930493401147179932           12        20:00     3                   15             15        5              0              
2930493401147179932           12        21:00     0                   13             15        2              0              
2930493401147179932           12        22:00     2                   12             15        3              0              
2930493401147179932           12        23:00     4                   14             15        2              0              
2930493401147179932           13        0:00      5                   18             15        1              0              
2930493401147179932           13        1:00      4                   21             15        1              0              
2930493401147179932           13        2:00      5                   19             15        6              0              
2930493401147179932           13        3:00      1                   17             15        3              0              
2930493401147179932           13        4:00      1                   14             15        4              0              
2930493401147179932           13        5:00      0                   8              15        6              0              
2930493401147179932           13        6:00      4                   10             15        2              0              
2930493401147179932           13        7:00      1                   10             15        1              0              
2930493401147179932           13        8:00      4                   11             15        2              0              
2930493401147179932           13        9:00      4                   13             15        2              0              
2930493401147179932           13        10:00     1                   14             15        0              0              
2930493401147179932           13        11:00     3                   15             15        2              0              
2930493401147179932           13        12:00     4                   18             15        1              0              
2930493401147179932           13        13:00     4                   19             15        3              0              
2930493401147179932           13        14:00     2                   20             15        1              0              
2930493401147179932           13        15:00     2                   18             15        4              0              
2930493401147179932           13        16:00     0                   14             15        4              0              
2930493401147179932           13        17:00     3                   17             15        0              0              
2930493401147179932           13        18:00     0                   13             15        4              0              
2930493401147179932           13        19:00     1                   13             15        1              0              
2930493401147179932           13        20:00     0                   10             15        2              0              
2930493401147179932           13        21:00     4                   10             15        4              0              
2930493401147179932           13        22:00     5                   11             15        4              0              
2930493401147179932           13        23:00     1                   8              15        4              0              
2930493401147179932           14        0:00      3                   9              15        2              0              
2930493401147179932           14        1:00      1                   6              15        4              0              
2930493401147179932           14        2:00      1                   7              15        0              0              
2930493401147179932           14        3:00      2                   9              15        0              0              
2930493401147179932           14        4:00      2                   9              15        2              0              
2930493401147179932           14        5:00      5                   12             15        2              0              
2930493401147179932           14        6:00      2                   11             15        3              0              
2930493401147179932           14        7:00      2                   8              15        5              0              
2930493401147179932           14        8:00      1                   8              15        1              0              
2930493401147179932           14        9:00      3                   9              15        2              0              
2930493401147179932           14        10:00     1                   8              15        2              0              
2930493401147179932           14        11:00     0                   5              15        3              0              
2930493401147179932           14        12:00     5                   5              15        5              0              
2930493401147179932           14        13:00     1                   6              15        0              0              
2930493401147179932           14        14:00     5                   9              15        2              0              
2930493401147179932           14        15:00     4                   6              15        7              0              
2930493401147179932           14        16:00     0                   5              15        1              0              
2930493401147179932           14        17:00     3                   6              15        2              0              
2930493401147179932           14        18:00     5                   8              15        3              0              
2930493401147179932           14        19:00     2                   8              15        2              0              
2930493401147179932           14        20:00     0                   4              15        4              0              
2930493401147179932           14        21:00     2                   5              15        1              0              
2930493401147179932           14        22:00     3                   6              15        2              0              
2930493401147179932           14        23:00     1                   7              15        0              0              
2930493401147179932           15        0:00      4                   8              15        3              0              
2930493401147179932           15        1:00      1                   6              15        3              0              
2930493401147179932           15        2:00      5                   9              15        2              0              
2930493401147179932           15        3:00      0                   3              15        6              0              
2930493401147179932           15        4:00      5                   6              15        2              0              
2930493401147179932           15        5:00      0                   5              15        1              0              
2930493401147179932           15        6:00      5                   7              15        3              0              
2930493401147179932           15        7:00      3                   8              15        2              0              
2930493401147179932           15        8:00      5                   11             15        2              0              
2930493401147179932           15        9:00      3                   11             15        3              0              
2930493401147179932           15        10:00     4                   9              15        6              0              
2930493401147179932           15        11:00     3                   8              15        4              0              
2930493401147179932           15        12:00     3                   10             15        1              0              
2930493401147179932           15        13:00     1                   9              15        2              0              
2930493401147179932           15        14:00     1                   7              15        3              0              
2930493401147179932           15        15:00     5                   10             15        2              0              
2930493401147179932           15        16:00     3                   9              15        4              0              
2930493401147179932           15        17:00     0                   8              15        1              0              
2930493401147179932           15        18:00     3                   7              15        4              0              
2930493401147179932           15        19:00     5                   10             15        2              0              
2930493401147179932           15        20:00     0                   9              15        1              0              
2930493401147179932           15        21:00     5                   11             15        3              0              
2930493401147179932           15        22:00     5                   14             15        2              0              
2930493401147179932           15        23:00     0                   8              15        6              0              
