Sim_N                         Day       Time      New_Patients        Waiting        Assigned  Discharged     Beds_Avail_EOH 
6662893191286092820           1         0:00      3                   0              3         0              12             
6662893191286092820           1         1:00      1                   0              3         1              12             
6662893191286092820           1         2:00      5                   0              7         1              8              
6662893191286092820           1         3:00      1                   0              5         3              10             
6662893191286092820           1         4:00      2                   0              7         0              8              
6662893191286092820           1         5:00      5                   0              10        2              5              
6662893191286092820           1         6:00      2                   0              11        1              4              
6662893191286092820           1         7:00      5                   0              9         6              6              
6662893191286092820           1         8:00      2                   0              7         4              8              
6662893191286092820           1         9:00      1                   0              8         0              7              
6662893191286092820           1         10:00     0                   0              8         0              7              
6662893191286092820           1         11:00     1                   0              7         2              8              
6662893191286092820           1         12:00     4                   0              8         3              7              
6662893191286092820           1         13:00     2                   0              7         3              8              
6662893191286092820           1         14:00     1                   0              8         0              7              
6662893191286092820           1         15:00     3                   0              10        1              5              
6662893191286092820           1         16:00     3                   0              9         4              6              
6662893191286092820           1         17:00     4                   0              11        2              4              
6662893191286092820           1         18:00     4                   0              12        3              3              
6662893191286092820           1         19:00     1                   0              11        2              4              
6662893191286092820           1         20:00     4                   0              10        5              5              
6662893191286092820           1         21:00     5                   0              13        2              2              
6662893191286092820           1         22:00     4                   0              15        2              0              
6662893191286092820           1         23:00     0                   0              11        4              4              
6662893191286092820           2         0:00      3                   0              11        3              4              
6662893191286092820           2         1:00      1                   0              10        2              5              
6662893191286092820           2         2:00      3                   0              12        1              3              
6662893191286092820           2         3:00      5                   0              14        3              1              
6662893191286092820           2         4:00      4                   0              14        4              1              
6662893191286092820           2         5:00      5                   0              15        4              0              
6662893191286092820           2         6:00      5                   0              15        5              0              
6662893191286092820           2         7:00      3                   3              15        0              0              
6662893191286092820           2         8:00      2                   4              15        1              0              
6662893191286092820           2         9:00      5                   9              15        0              0              
6662893191286092820           2         10:00     0                   9              15        0              0              
6662893191286092820           2         11:00     3                   10             15        2              0              
6662893191286092820           2         12:00     2                   9              15        3              0              
6662893191286092820           2         13:00     4                   9              15        4              0              
6662893191286092820           2         14:00     2                   8              15        3              0              
6662893191286092820           2         15:00     2                   7              15        3              0              
6662893191286092820           2         16:00     1                   2              15        6              0              
6662893191286092820           2         17:00     5                   5              15        2              0              
6662893191286092820           2         18:00     3                   6              15        2              0              
6662893191286092820           2         19:00     2                   6              15        1              0              
6662893191286092820           2         20:00     5                   9              15        2              0              
6662893191286092820           2         21:00     5                   11             15        3              0              
6662893191286092820           2         22:00     0                   5              15        6              0              
6662893191286092820           2         23:00     3                   6              15        2              0              
6662893191286092820           3         0:00      5                   11             15        0              0              
6662893191286092820           3         1:00      0                   8              15        3              0              
6662893191286092820           3         2:00      1                   4              15        5              0              
6662893191286092820           3         3:00      5                   7              15        2              0              
6662893191286092820           3         4:00      2                   7              15        2              0              
6662893191286092820           3         5:00      2                   6              15        3              0              
6662893191286092820           3         6:00      4                   5              15        5              0              
6662893191286092820           3         7:00      5                   7              15        3              0              
6662893191286092820           3         8:00      2                   6              15        3              0              
6662893191286092820           3         9:00      1                   4              15        3              0              
6662893191286092820           3         10:00     2                   0              13        7              2              
6662893191286092820           3         11:00     0                   0              8         5              7              
6662893191286092820           3         12:00     5                   0              11        2              4              
6662893191286092820           3         13:00     2                   0              11        2              4              
6662893191286092820           3         14:00     0                   0              8         3              7              
6662893191286092820           3         15:00     2                   0              7         3              8              
6662893191286092820           3         16:00     1                   0              7         1              8              
6662893191286092820           3         17:00     2                   0              8         1              7              
6662893191286092820           3         18:00     4                   0              10        2              5              
6662893191286092820           3         19:00     0                   0              7         3              8              
6662893191286092820           3         20:00     5                   0              10        2              5              
6662893191286092820           3         21:00     2                   0              10        2              5              
6662893191286092820           3         22:00     3                   0              10        3              5              
6662893191286092820           3         23:00     5                   0              13        2              2              
6662893191286092820           4         0:00      1                   0              14        0              1              
6662893191286092820           4         1:00      0                   0              12        2              3              
6662893191286092820           4         2:00      2                   0              13        1              2              
6662893191286092820           4         3:00      1                   0              14        0              1              
6662893191286092820           4         4:00      5                   0              15        4              0              
6662893191286092820           4         5:00      1                   0              12        4              3              
6662893191286092820           4         6:00      4                   0              15        1              0              
6662893191286092820           4         7:00      3                   3              15        0              0              
6662893191286092820           4         8:00      3                   5              15        1              0              
6662893191286092820           4         9:00      0                   2              15        3              0              
6662893191286092820           4         10:00     2                   2              15        2              0              
6662893191286092820           4         11:00     1                   0              14        4              1              
6662893191286092820           4         12:00     1                   0              11        4              4              
6662893191286092820           4         13:00     4                   0              14        0              1              
6662893191286092820           4         14:00     2                   1              15        0              0              
6662893191286092820           4         15:00     3                   1              15        3              0              
6662893191286092820           4         16:00     5                   2              15        4              0              
6662893191286092820           4         17:00     5                   4              15        3              0              
6662893191286092820           4         18:00     2                   5              15        1              0              
6662893191286092820           4         19:00     5                   9              15        1              0              
6662893191286092820           4         20:00     0                   8              15        1              0              
6662893191286092820           4         21:00     2                   8              15        2              0              
6662893191286092820           4         22:00     0                   5              15        3              0              
6662893191286092820           4         23:00     2                   4              15        3              0              
6662893191286092820           5         0:00      0                   0              15        4              0              
6662893191286092820           5         1:00      2                   0              14        3              1              
6662893191286092820           5         2:00      0                   0              9         5              6              
6662893191286092820           5         3:00      1                   0              7         2              8              
6662893191286092820           5         4:00      4                   0              10        1              5              
6662893191286092820           5         5:00      2                   0              10        2              5              
6662893191286092820           5         6:00      0                   0              8         2              7              
6662893191286092820           5         7:00      5                   0              8         5              7              
6662893191286092820           5         8:00      5                   0              11        1              4              
6662893191286092820           5         9:00      5                   0              15        1              0              
6662893191286092820           5         10:00     4                   3              15        1              0              
6662893191286092820           5         11:00     3                   5              15        1              0              
6662893191286092820           5         12:00     1                   3              15        3              0              
6662893191286092820           5         13:00     3                   4              15        2              0              
6662893191286092820           5         14:00     3                   5              15        2              0              
6662893191286092820           5         15:00     0                   1              15        4              0              
6662893191286092820           5         16:00     1                   0              14        3              1              
6662893191286092820           5         17:00     0                   0              9         5              6              
6662893191286092820           5         18:00     3                   0              10        2              5              
6662893191286092820           5         19:00     5                   0              13        2              2              
6662893191286092820           5         20:00     2                   0              10        5              5              
6662893191286092820           5         21:00     3                   0              11        2              4              
6662893191286092820           5         22:00     1                   0              10        2              5              
6662893191286092820           5         23:00     0                   0              7         3              8              
6662893191286092820           6         0:00      3                   0              7         3              8              
6662893191286092820           6         1:00      5                   0              7         4              8              
6662893191286092820           6         2:00      1                   0              7         1              8              
6662893191286092820           6         3:00      1                   0              7         1              8              
6662893191286092820           6         4:00      2                   0              8         1              7              
6662893191286092820           6         5:00      1                   0              6         3              9              
6662893191286092820           6         6:00      5                   0              11        0              4              
6662893191286092820           6         7:00      0                   0              8         3              7              
6662893191286092820           6         8:00      0                   0              7         1              8              
6662893191286092820           6         9:00      2                   0              7         2              8              
6662893191286092820           6         10:00     5                   0              9         2              6              
6662893191286092820           6         11:00     3                   0              12        0              3              
6662893191286092820           6         12:00     2                   0              9         5              6              
6662893191286092820           6         13:00     2                   0              8         3              7              
6662893191286092820           6         14:00     2                   0              9         1              6              
6662893191286092820           6         15:00     1                   0              10        0              5              
6662893191286092820           6         16:00     0                   0              7         3              8              
6662893191286092820           6         17:00     2                   0              6         3              9              
6662893191286092820           6         18:00     2                   0              8         0              7              
6662893191286092820           6         19:00     4                   0              10        1              5              
6662893191286092820           6         20:00     0                   0              10        0              5              
6662893191286092820           6         21:00     4                   0              11        3              4              
6662893191286092820           6         22:00     3                   0              12        2              3              
6662893191286092820           6         23:00     0                   0              10        2              5              
6662893191286092820           7         0:00      4                   0              11        3              4              
6662893191286092820           7         1:00      5                   0              14        2              1              
6662893191286092820           7         2:00      2                   0              15        1              0              
6662893191286092820           7         3:00      4                   1              15        1              0              
6662893191286092820           7         4:00      4                   2              15        3              0              
6662893191286092820           7         5:00      3                   0              14        5              1              
6662893191286092820           7         6:00      1                   0              13        2              2              
6662893191286092820           7         7:00      1                   0              12        2              3              
6662893191286092820           7         8:00      0                   0              11        1              4              
6662893191286092820           7         9:00      1                   0              12        0              3              
6662893191286092820           7         10:00     5                   0              11        6              4              
6662893191286092820           7         11:00     1                   0              9         3              6              
6662893191286092820           7         12:00     1                   0              8         2              7              
6662893191286092820           7         13:00     5                   0              12        1              3              
6662893191286092820           7         14:00     0                   0              10        2              5              
6662893191286092820           7         15:00     2                   0              10        2              5              
6662893191286092820           7         16:00     4                   0              11        3              4              
6662893191286092820           7         17:00     5                   0              12        4              3              
6662893191286092820           7         18:00     0                   0              11        1              4              
6662893191286092820           7         19:00     0                   0              8         3              7              
6662893191286092820           7         20:00     5                   0              9         2              6              
6662893191286092820           7         21:00     4                   0              10        2              5              
6662893191286092820           7         22:00     0                   0              7         3              8              
6662893191286092820           7         23:00     2                   0              8         1              7              
6662893191286092820           8         0:00      5                   0              12        1              3              
6662893191286092820           8         1:00      3                   0              11        4              4              
6662893191286092820           8         2:00      3                   0              10        4              5              
6662893191286092820           8         3:00      1                   0              8         3              7              
6662893191286092820           8         4:00      0                   0              5         3              10             
6662893191286092820           8         5:00      0                   0              5         0              10             
6662893191286092820           8         6:00      1                   0              6         0              9              
6662893191286092820           8         7:00      1                   0              6         1              9              
6662893191286092820           8         8:00      3                   0              9         0              6              
6662893191286092820           8         9:00      2                   0              8         3              7              
6662893191286092820           8         10:00     5                   0              10        2              5              
6662893191286092820           8         11:00     5                   0              13        2              2              
6662893191286092820           8         12:00     3                   0              12        3              3              
6662893191286092820           8         13:00     1                   0              10        3              5              
6662893191286092820           8         14:00     4                   0              11        3              4              
6662893191286092820           8         15:00     0                   0              11        0              4              
6662893191286092820           8         16:00     0                   0              9         2              6              
6662893191286092820           8         17:00     2                   0              11        0              4              
6662893191286092820           8         18:00     0                   0              9         2              6              
6662893191286092820           8         19:00     3                   0              9         3              6              
6662893191286092820           8         20:00     2                   0              10        1              5              
6662893191286092820           8         21:00     4                   0              10        3              5              
6662893191286092820           8         22:00     2                   0              9         3              6              
6662893191286092820           8         23:00     1                   0              8         2              7              
6662893191286092820           9         0:00      1                   0              6         3              9              
6662893191286092820           9         1:00      0                   0              4         2              11             
6662893191286092820           9         2:00      4                   0              6         2              9              
6662893191286092820           9         3:00      2                   0              6         2              9              
6662893191286092820           9         4:00      2                   0              7         1              8              
6662893191286092820           9         5:00      5                   0              11        1              4              
6662893191286092820           9         6:00      5                   0              12        3              3              
6662893191286092820           9         7:00      0                   0              9         3              6              
6662893191286092820           9         8:00      0                   0              7         2              8              
6662893191286092820           9         9:00      3                   0              8         1              7              
6662893191286092820           9         10:00     0                   0              6         2              9              
6662893191286092820           9         11:00     2                   0              8         0              7              
6662893191286092820           9         12:00     5                   0              12        1              3              
6662893191286092820           9         13:00     1                   0              12        1              3              
6662893191286092820           9         14:00     2                   0              12        2              3              
6662893191286092820           9         15:00     4                   0              14        2              1              
6662893191286092820           9         16:00     1                   0              13        2              2              
6662893191286092820           9         17:00     1                   0              9         5              6              
6662893191286092820           9         18:00     2                   0              10        1              5              
6662893191286092820           9         19:00     5                   0              10        4              5              
6662893191286092820           9         20:00     1                   0              7         4              8              
6662893191286092820           9         21:00     3                   0              9         1              6              
6662893191286092820           9         22:00     2                   0              9         2              6              
6662893191286092820           9         23:00     4                   0              11        2              4              
6662893191286092820           10        0:00      3                   0              13        1              2              
6662893191286092820           10        1:00      5                   1              15        2              0              
6662893191286092820           10        2:00      5                   4              15        2              0              
6662893191286092820           10        3:00      2                   6              15        0              0              
6662893191286092820           10        4:00      5                   8              15        2              0              
6662893191286092820           10        5:00      4                   10             15        1              0              
6662893191286092820           10        6:00      5                   9              15        5              0              
6662893191286092820           10        7:00      4                   13             15        0              0              
6662893191286092820           10        8:00      4                   12             15        5              0              
6662893191286092820           10        9:00      4                   12             15        4              0              
6662893191286092820           10        10:00     0                   6              15        6              0              
6662893191286092820           10        11:00     0                   3              15        3              0              
6662893191286092820           10        12:00     1                   0              15        4              0              
6662893191286092820           10        13:00     2                   1              15        1              0              
6662893191286092820           10        14:00     4                   2              15        3              0              
6662893191286092820           10        15:00     3                   5              15        0              0              
6662893191286092820           10        16:00     2                   3              15        4              0              
6662893191286092820           10        17:00     4                   5              15        2              0              
6662893191286092820           10        18:00     3                   5              15        2              0              
6662893191286092820           10        19:00     2                   6              15        1              0              
6662893191286092820           10        20:00     5                   8              15        3              0              
6662893191286092820           10        21:00     3                   6              15        5              0              
6662893191286092820           10        22:00     4                   6              15        4              0              
6662893191286092820           10        23:00     0                   2              15        4              0              
6662893191286092820           11        0:00      0                   2              15        0              0              
6662893191286092820           11        1:00      5                   6              15        1              0              
6662893191286092820           11        2:00      2                   6              15        2              0              
6662893191286092820           11        3:00      3                   3              15        6              0              
6662893191286092820           11        4:00      2                   0              14        6              1              
6662893191286092820           11        5:00      5                   0              15        3              0              
6662893191286092820           11        6:00      0                   0              8         7              7              
6662893191286092820           11        7:00      4                   0              11        1              4              
6662893191286092820           11        8:00      2                   0              11        2              4              
6662893191286092820           11        9:00      2                   0              13        0              2              
6662893191286092820           11        10:00     5                   0              15        3              0              
6662893191286092820           11        11:00     0                   0              13        2              2              
6662893191286092820           11        12:00     0                   0              10        3              5              
6662893191286092820           11        13:00     0                   0              8         2              7              
6662893191286092820           11        14:00     0                   0              7         1              8              
6662893191286092820           11        15:00     3                   0              6         4              9              
6662893191286092820           11        16:00     2                   0              7         1              8              
6662893191286092820           11        17:00     3                   0              9         1              6              
6662893191286092820           11        18:00     5                   0              13        1              2              
6662893191286092820           11        19:00     3                   0              15        1              0              
6662893191286092820           11        20:00     3                   0              15        3              0              
6662893191286092820           11        21:00     4                   2              15        2              0              
6662893191286092820           11        22:00     2                   4              15        0              0              
6662893191286092820           11        23:00     0                   1              15        3              0              
6662893191286092820           12        0:00      0                   0              15        1              0              
6662893191286092820           12        1:00      3                   0              15        3              0              
6662893191286092820           12        2:00      3                   0              10        8              5              
6662893191286092820           12        3:00      5                   0              13        2              2              
6662893191286092820           12        4:00      0                   0              12        1              3              
6662893191286092820           12        5:00      3                   0              15        0              0              
6662893191286092820           12        6:00      3                   3              15        0              0              
6662893191286092820           12        7:00      3                   5              15        1              0              
6662893191286092820           12        8:00      4                   5              15        3              0              
6662893191286092820           12        9:00      0                   2              15        3              0              
6662893191286092820           12        10:00     5                   6              15        1              0              
6662893191286092820           12        11:00     1                   7              15        0              0              
6662893191286092820           12        12:00     0                   5              15        2              0              
6662893191286092820           12        13:00     0                   1              15        4              0              
6662893191286092820           12        14:00     0                   0              12        4              3              
6662893191286092820           12        15:00     3                   0              12        3              3              
6662893191286092820           12        16:00     4                   0              14        2              1              
6662893191286092820           12        17:00     4                   0              15        3              0              
6662893191286092820           12        18:00     4                   1              15        3              0              
6662893191286092820           12        19:00     2                   0              13        5              2              
6662893191286092820           12        20:00     4                   0              14        3              1              
6662893191286092820           12        21:00     2                   0              13        3              2              
6662893191286092820           12        22:00     1                   0              12        2              3              
6662893191286092820           12        23:00     2                   0              12        2              3              
6662893191286092820           13        0:00      1                   0              10        3              5              
6662893191286092820           13        1:00      5                   0              13        2              2              
6662893191286092820           13        2:00      2                   0              14        1              1              
6662893191286092820           13        3:00      4                   1              15        2              0              
6662893191286092820           13        4:00      3                   0              14        5              1              
6662893191286092820           13        5:00      5                   2              15        1              0              
6662893191286092820           13        6:00      4                   5              15        1              0              
6662893191286092820           13        7:00      1                   1              15        5              0              
6662893191286092820           13        8:00      5                   5              15        0              0              
6662893191286092820           13        9:00      3                   7              15        1              0              
6662893191286092820           13        10:00     3                   7              15        3              0              
6662893191286092820           13        11:00     5                   9              15        3              0              
6662893191286092820           13        12:00     1                   4              15        6              0              
6662893191286092820           13        13:00     5                   4              15        5              0              
6662893191286092820           13        14:00     3                   1              15        6              0              
6662893191286092820           13        15:00     0                   0              15        1              0              
6662893191286092820           13        16:00     2                   1              15        1              0              
6662893191286092820           13        17:00     3                   1              15        3              0              
6662893191286092820           13        18:00     3                   0              15        4              0              
6662893191286092820           13        19:00     4                   0              14        5              1              
6662893191286092820           13        20:00     0                   0              13        1              2              
6662893191286092820           13        21:00     4                   0              15        2              0              
6662893191286092820           13        22:00     0                   0              11        4              4              
6662893191286092820           13        23:00     5                   0              15        1              0              
6662893191286092820           14        0:00      5                   3              15        2              0              
6662893191286092820           14        1:00      5                   4              15        4              0              
6662893191286092820           14        2:00      2                   4              15        2              0              
6662893191286092820           14        3:00      5                   9              15        0              0              
6662893191286092820           14        4:00      2                   8              15        2              0              
6662893191286092820           14        5:00      4                   10             15        1              0              
6662893191286092820           14        6:00      5                   12             15        1              0              
6662893191286092820           14        7:00      1                   9              15        4              0              
6662893191286092820           14        8:00      1                   9              15        1              0              
6662893191286092820           14        9:00      1                   5              15        5              0              
6662893191286092820           14        10:00     1                   2              15        4              0              
6662893191286092820           14        11:00     3                   3              15        2              0              
6662893191286092820           14        12:00     4                   4              15        3              0              
6662893191286092820           14        13:00     4                   8              15        0              0              
6662893191286092820           14        14:00     5                   8              15        3              0              
6662893191286092820           14        15:00     0                   7              15        1              0              
6662893191286092820           14        16:00     1                   6              15        2              0              
6662893191286092820           14        17:00     0                   0              15        6              0              
6662893191286092820           14        18:00     1                   0              12        4              3              
6662893191286092820           14        19:00     2                   0              12        2              3              
6662893191286092820           14        20:00     5                   0              14        3              1              
6662893191286092820           14        21:00     2                   0              11        5              4              
6662893191286092820           14        22:00     1                   0              9         3              6              
6662893191286092820           14        23:00     4                   0              10        3              5              
6662893191286092820           15        0:00      2                   0              10        2              5              
6662893191286092820           15        1:00      3                   0              8         5              7              
6662893191286092820           15        2:00      5                   0              10        2              5              
6662893191286092820           15        3:00      3                   0              11        2              4              
6662893191286092820           15        4:00      5                   0              13        3              2              
6662893191286092820           15        5:00      2                   0              14        1              1              
6662893191286092820           15        6:00      0                   0              13        1              2              
6662893191286092820           15        7:00      2                   0              13        2              2              
6662893191286092820           15        8:00      5                   3              15        0              0              
6662893191286092820           15        9:00      4                   5              15        2              0              
6662893191286092820           15        10:00     1                   5              15        1              0              
6662893191286092820           15        11:00     4                   8              15        1              0              
6662893191286092820           15        12:00     2                   8              15        2              0              
6662893191286092820           15        13:00     5                   12             15        1              0              
6662893191286092820           15        14:00     5                   17             15        0              0              
6662893191286092820           15        15:00     4                   19             15        2              0              
6662893191286092820           15        16:00     1                   12             15        8              0              
6662893191286092820           15        17:00     0                   8              15        4              0              
6662893191286092820           15        18:00     1                   8              15        1              0              
6662893191286092820           15        19:00     1                   7              15        2              0              
6662893191286092820           15        20:00     2                   5              15        4              0              
6662893191286092820           15        21:00     5                   5              15        5              0              
6662893191286092820           15        22:00     3                   5              15        3              0              
6662893191286092820           15        23:00     2                   5              15        2              0              
