Sim_N                         Day       Time      New_Patients        Waiting        Assigned  Discharged     Beds_Avail_EOH 
3992848243910887367           1         0:00      2                   0              2         0              13             
3992848243910887367           1         1:00      1                   0              3         0              12             
3992848243910887367           1         2:00      1                   0              3         1              12             
3992848243910887367           1         3:00      3                   0              5         1              10             
3992848243910887367           1         4:00      1                   0              5         1              10             
3992848243910887367           1         5:00      0                   0              4         1              11             
3992848243910887367           1         6:00      2                   0              5         1              10             
3992848243910887367           1         7:00      3                   0              7         1              8              
3992848243910887367           1         8:00      0                   0              6         1              9              
3992848243910887367           1         9:00      4                   0              7         2              8              
3992848243910887367           1         10:00     0                   0              6         1              9              
3992848243910887367           1         11:00     5                   0              10        1              5              
3992848243910887367           1         12:00     4                   0              13        1              2              
3992848243910887367           1         13:00     1                   0              13        1              2              
3992848243910887367           1         14:00     2                   0              10        5              5              
3992848243910887367           1         15:00     3                   0              12        1              3              
3992848243910887367           1         16:00     3                   0              9         6              6              
3992848243910887367           1         17:00     2                   0              9         2              6              
3992848243910887367           1         18:00     4                   0              12        0              3              
3992848243910887367           1         19:00     5                   0              14        3              1              
3992848243910887367           1         20:00     1                   0              14        1              1              
3992848243910887367           1         21:00     4                   1              15        2              0              
3992848243910887367           1         22:00     2                   0              15        3              0              
3992848243910887367           1         23:00     3                   3              15        0              0              
3992848243910887367           2         0:00      4                   6              15        1              0              
3992848243910887367           2         1:00      2                   5              15        3              0              
3992848243910887367           2         2:00      2                   5              15        2              0              
3992848243910887367           2         3:00      0                   2              15        3              0              
3992848243910887367           2         4:00      4                   6              15        0              0              
3992848243910887367           2         5:00      1                   0              15        7              0              
3992848243910887367           2         6:00      3                   2              15        1              0              
3992848243910887367           2         7:00      2                   3              15        1              0              
3992848243910887367           2         8:00      2                   2              15        3              0              
3992848243910887367           2         9:00      5                   3              15        4              0              
3992848243910887367           2         10:00     2                   1              15        4              0              
3992848243910887367           2         11:00     1                   0              15        2              0              
3992848243910887367           2         12:00     3                   0              13        5              2              
3992848243910887367           2         13:00     2                   0              11        4              4              
3992848243910887367           2         14:00     0                   0              8         3              7              
3992848243910887367           2         15:00     2                   0              6         4              9              
3992848243910887367           2         16:00     2                   0              8         0              7              
3992848243910887367           2         17:00     3                   0              7         4              8              
3992848243910887367           2         18:00     3                   0              7         3              8              
3992848243910887367           2         19:00     0                   0              6         1              9              
3992848243910887367           2         20:00     0                   0              5         1              10             
3992848243910887367           2         21:00     5                   0              8         1              7              
3992848243910887367           2         22:00     0                   0              6         2              9              
3992848243910887367           2         23:00     1                   0              6         1              9              
3992848243910887367           3         0:00      0                   0              3         3              12             
3992848243910887367           3         1:00      0                   0              3         0              12             
3992848243910887367           3         2:00      2                   0              3         2              12             
3992848243910887367           3         3:00      2                   0              5         0              10             
3992848243910887367           3         4:00      1                   0              4         2              11             
3992848243910887367           3         5:00      0                   0              3         1              12             
3992848243910887367           3         6:00      0                   0              3         0              12             
3992848243910887367           3         7:00      4                   0              6         1              9              
3992848243910887367           3         8:00      5                   0              9         1              6              
3992848243910887367           3         9:00      0                   0              5         4              10             
3992848243910887367           3         10:00     1                   0              6         0              9              
3992848243910887367           3         11:00     5                   0              7         4              8              
3992848243910887367           3         12:00     3                   0              8         1              7              
3992848243910887367           3         13:00     0                   0              6         2              9              
3992848243910887367           3         14:00     1                   0              5         2              10             
3992848243910887367           3         15:00     0                   0              5         0              10             
3992848243910887367           3         16:00     5                   0              8         2              7              
3992848243910887367           3         17:00     5                   0              11        2              4              
3992848243910887367           3         18:00     2                   0              11        2              4              
3992848243910887367           3         19:00     2                   0              11        2              4              
3992848243910887367           3         20:00     1                   0              9         3              6              
3992848243910887367           3         21:00     1                   0              8         2              7              
3992848243910887367           3         22:00     5                   0              11        2              4              
3992848243910887367           3         23:00     1                   0              11        1              4              
3992848243910887367           4         0:00      2                   0              12        1              3              
3992848243910887367           4         1:00      4                   0              13        3              2              
3992848243910887367           4         2:00      3                   0              14        2              1              
3992848243910887367           4         3:00      4                   0              15        3              0              
3992848243910887367           4         4:00      5                   2              15        3              0              
3992848243910887367           4         5:00      5                   3              15        3              0              
3992848243910887367           4         6:00      3                   5              15        1              0              
3992848243910887367           4         7:00      0                   3              15        2              0              
3992848243910887367           4         8:00      3                   4              15        2              0              
3992848243910887367           4         9:00      3                   2              15        5              0              
3992848243910887367           4         10:00     3                   4              15        1              0              
3992848243910887367           4         11:00     1                   0              14        6              1              
3992848243910887367           4         12:00     4                   1              15        2              0              
3992848243910887367           4         13:00     5                   2              15        4              0              
3992848243910887367           4         14:00     5                   1              15        6              0              
3992848243910887367           4         15:00     1                   0              12        5              3              
3992848243910887367           4         16:00     4                   0              15        1              0              
3992848243910887367           4         17:00     5                   0              15        4              0              
3992848243910887367           4         18:00     1                   0              11        5              4              
3992848243910887367           4         19:00     3                   0              12        2              3              
3992848243910887367           4         20:00     4                   0              15        1              0              
3992848243910887367           4         21:00     3                   1              15        2              0              
3992848243910887367           4         22:00     0                   1              15        0              0              
3992848243910887367           4         23:00     1                   0              13        4              2              
3992848243910887367           5         0:00      4                   1              15        1              0              
3992848243910887367           5         1:00      0                   0              13        3              2              
3992848243910887367           5         2:00      4                   0              15        2              0              
3992848243910887367           5         3:00      0                   0              14        1              1              
3992848243910887367           5         4:00      1                   0              12        3              3              
3992848243910887367           5         5:00      4                   0              15        1              0              
3992848243910887367           5         6:00      5                   0              15        5              0              
3992848243910887367           5         7:00      3                   1              15        2              0              
3992848243910887367           5         8:00      0                   0              12        4              3              
3992848243910887367           5         9:00      5                   0              10        5              5              
3992848243910887367           5         10:00     3                   0              11        2              4              
3992848243910887367           5         11:00     4                   0              11        4              4              
3992848243910887367           5         12:00     1                   0              9         3              6              
3992848243910887367           5         13:00     3                   0              9         3              6              
3992848243910887367           5         14:00     2                   0              10        1              5              
3992848243910887367           5         15:00     3                   0              12        1              3              
3992848243910887367           5         16:00     0                   0              11        1              4              
3992848243910887367           5         17:00     5                   0              11        4              4              
3992848243910887367           5         18:00     5                   0              15        0              0              
3992848243910887367           5         19:00     1                   0              11        5              4              
3992848243910887367           5         20:00     5                   0              11        5              4              
3992848243910887367           5         21:00     0                   0              10        1              5              
3992848243910887367           5         22:00     4                   0              11        3              4              
3992848243910887367           5         23:00     2                   0              10        3              5              
3992848243910887367           6         0:00      5                   0              13        2              2              
3992848243910887367           6         1:00      4                   1              15        1              0              
3992848243910887367           6         2:00      1                   0              13        4              2              
3992848243910887367           6         3:00      0                   0              12        1              3              
3992848243910887367           6         4:00      0                   0              11        1              4              
3992848243910887367           6         5:00      0                   0              9         2              6              
3992848243910887367           6         6:00      4                   0              11        2              4              
3992848243910887367           6         7:00      0                   0              10        1              5              
3992848243910887367           6         8:00      5                   0              11        3              4              
3992848243910887367           6         9:00      0                   0              9         2              6              
3992848243910887367           6         10:00     1                   0              8         2              7              
3992848243910887367           6         11:00     2                   0              10        0              5              
3992848243910887367           6         12:00     1                   0              8         3              7              
3992848243910887367           6         13:00     4                   0              11        1              4              
3992848243910887367           6         14:00     2                   0              12        1              3              
3992848243910887367           6         15:00     3                   0              12        3              3              
3992848243910887367           6         16:00     5                   0              11        6              4              
3992848243910887367           6         17:00     1                   0              11        1              4              
3992848243910887367           6         18:00     3                   0              12        2              3              
3992848243910887367           6         19:00     0                   0              11        1              4              
3992848243910887367           6         20:00     3                   0              13        1              2              
3992848243910887367           6         21:00     3                   0              14        2              1              
3992848243910887367           6         22:00     1                   0              12        3              3              
3992848243910887367           6         23:00     4                   0              14        2              1              
3992848243910887367           7         0:00      5                   2              15        2              0              
3992848243910887367           7         1:00      0                   2              15        0              0              
3992848243910887367           7         2:00      3                   1              15        4              0              
3992848243910887367           7         3:00      1                   0              14        3              1              
3992848243910887367           7         4:00      3                   1              15        1              0              
3992848243910887367           7         5:00      4                   0              15        5              0              
3992848243910887367           7         6:00      4                   0              15        4              0              
3992848243910887367           7         7:00      5                   1              15        4              0              
3992848243910887367           7         8:00      1                   0              15        2              0              
3992848243910887367           7         9:00      4                   2              15        2              0              
3992848243910887367           7         10:00     1                   0              15        3              0              
3992848243910887367           7         11:00     3                   0              13        4              2              
3992848243910887367           7         12:00     2                   0              14        1              1              
3992848243910887367           7         13:00     0                   0              12        2              3              
3992848243910887367           7         14:00     5                   0              14        2              1              
3992848243910887367           7         15:00     5                   2              15        2              0              
3992848243910887367           7         16:00     2                   2              15        2              0              
3992848243910887367           7         17:00     1                   0              13        5              2              
3992848243910887367           7         18:00     2                   0              10        5              5              
3992848243910887367           7         19:00     1                   0              7         4              8              
3992848243910887367           7         20:00     0                   0              5         2              10             
3992848243910887367           7         21:00     2                   0              7         0              8              
3992848243910887367           7         22:00     3                   0              10        0              5              
3992848243910887367           7         23:00     1                   0              9         2              6              
3992848243910887367           8         0:00      3                   0              9         3              6              
3992848243910887367           8         1:00      5                   0              12        2              3              
3992848243910887367           8         2:00      3                   0              14        1              1              
3992848243910887367           8         3:00      0                   0              12        2              3              
3992848243910887367           8         4:00      1                   0              9         4              6              
3992848243910887367           8         5:00      4                   0              13        0              2              
3992848243910887367           8         6:00      5                   0              11        7              4              
3992848243910887367           8         7:00      1                   0              12        0              3              
3992848243910887367           8         8:00      4                   0              13        3              2              
3992848243910887367           8         9:00      1                   0              13        1              2              
3992848243910887367           8         10:00     2                   0              11        4              4              
3992848243910887367           8         11:00     5                   0              14        2              1              
3992848243910887367           8         12:00     3                   0              14        3              1              
3992848243910887367           8         13:00     2                   0              14        2              1              
3992848243910887367           8         14:00     5                   1              15        3              0              
3992848243910887367           8         15:00     4                   3              15        2              0              
3992848243910887367           8         16:00     5                   4              15        4              0              
3992848243910887367           8         17:00     1                   1              15        4              0              
3992848243910887367           8         18:00     5                   4              15        2              0              
3992848243910887367           8         19:00     2                   3              15        3              0              
3992848243910887367           8         20:00     3                   4              15        2              0              
3992848243910887367           8         21:00     2                   4              15        2              0              
3992848243910887367           8         22:00     3                   5              15        2              0              
3992848243910887367           8         23:00     3                   4              15        4              0              
3992848243910887367           9         0:00      4                   1              15        7              0              
3992848243910887367           9         1:00      5                   2              15        4              0              
3992848243910887367           9         2:00      0                   0              12        5              3              
3992848243910887367           9         3:00      2                   0              10        4              5              
3992848243910887367           9         4:00      3                   0              10        3              5              
3992848243910887367           9         5:00      5                   0              12        3              3              
3992848243910887367           9         6:00      1                   0              12        1              3              
3992848243910887367           9         7:00      0                   0              9         3              6              
3992848243910887367           9         8:00      5                   0              12        2              3              
3992848243910887367           9         9:00      5                   0              15        1              0              
3992848243910887367           9         10:00     1                   0              13        3              2              
3992848243910887367           9         11:00     3                   0              15        1              0              
3992848243910887367           9         12:00     0                   0              13        2              2              
3992848243910887367           9         13:00     3                   0              12        4              3              
3992848243910887367           9         14:00     1                   0              11        2              4              
3992848243910887367           9         15:00     0                   0              8         3              7              
3992848243910887367           9         16:00     4                   0              11        1              4              
3992848243910887367           9         17:00     4                   0              12        3              3              
3992848243910887367           9         18:00     0                   0              11        1              4              
3992848243910887367           9         19:00     1                   0              9         3              6              
3992848243910887367           9         20:00     2                   0              9         2              6              
3992848243910887367           9         21:00     5                   0              13        1              2              
3992848243910887367           9         22:00     4                   0              14        3              1              
3992848243910887367           9         23:00     0                   0              8         6              7              
3992848243910887367           10        0:00      1                   0              8         1              7              
3992848243910887367           10        1:00      0                   0              5         3              10             
3992848243910887367           10        2:00      0                   0              4         1              11             
3992848243910887367           10        3:00      2                   0              6         0              9              
3992848243910887367           10        4:00      1                   0              6         1              9              
3992848243910887367           10        5:00      5                   0              11        0              4              
3992848243910887367           10        6:00      5                   0              15        1              0              
3992848243910887367           10        7:00      4                   2              15        2              0              
3992848243910887367           10        8:00      4                   4              15        1              0              
3992848243910887367           10        9:00      1                   2              15        3              0              
3992848243910887367           10        10:00     3                   3              15        2              0              
3992848243910887367           10        11:00     2                   0              15        5              0              
3992848243910887367           10        12:00     4                   0              15        4              0              
3992848243910887367           10        13:00     2                   0              14        3              1              
3992848243910887367           10        14:00     5                   3              15        1              0              
3992848243910887367           10        15:00     5                   5              15        3              0              
3992848243910887367           10        16:00     4                   4              15        5              0              
3992848243910887367           10        17:00     3                   6              15        1              0              
3992848243910887367           10        18:00     0                   1              15        5              0              
3992848243910887367           10        19:00     1                   1              15        1              0              
3992848243910887367           10        20:00     1                   0              14        3              1              
3992848243910887367           10        21:00     3                   0              13        3              2              
3992848243910887367           10        22:00     3                   0              14        2              1              
3992848243910887367           10        23:00     0                   0              12        2              3              
3992848243910887367           11        0:00      0                   0              10        2              5              
3992848243910887367           11        1:00      2                   0              10        2              5              
3992848243910887367           11        2:00      1                   0              8         3              7              
3992848243910887367           11        3:00      5                   0              12        1              3              
3992848243910887367           11        4:00      2                   0              14        0              1              
3992848243910887367           11        5:00      3                   1              15        1              0              
3992848243910887367           11        6:00      1                   0              14        3              1              
3992848243910887367           11        7:00      1                   0              12        3              3              
3992848243910887367           11        8:00      0                   0              10        2              5              
3992848243910887367           11        9:00      3                   0              12        1              3              
3992848243910887367           11        10:00     0                   0              10        2              5              
3992848243910887367           11        11:00     5                   0              12        3              3              
3992848243910887367           11        12:00     2                   0              10        4              5              
3992848243910887367           11        13:00     4                   0              12        2              3              
3992848243910887367           11        14:00     3                   0              13        2              2              
3992848243910887367           11        15:00     0                   0              13        0              2              
3992848243910887367           11        16:00     4                   1              15        1              0              
3992848243910887367           11        17:00     1                   0              12        5              3              
3992848243910887367           11        18:00     1                   0              9         4              6              
3992848243910887367           11        19:00     5                   0              10        3              5              
3992848243910887367           11        20:00     3                   0              12        1              3              
3992848243910887367           11        21:00     2                   0              13        1              2              
3992848243910887367           11        22:00     2                   0              13        2              2              
3992848243910887367           11        23:00     1                   0              13        1              2              
3992848243910887367           12        0:00      0                   0              11        2              4              
3992848243910887367           12        1:00      5                   0              14        1              1              
3992848243910887367           12        2:00      1                   0              12        3              3              
3992848243910887367           12        3:00      2                   0              12        2              3              
3992848243910887367           12        4:00      5                   0              11        6              4              
3992848243910887367           12        5:00      0                   0              10        1              5              
3992848243910887367           12        6:00      4                   0              12        2              3              
3992848243910887367           12        7:00      5                   1              15        0              0              
3992848243910887367           12        8:00      0                   0              11        5              4              
3992848243910887367           12        9:00      4                   0              14        1              1              
3992848243910887367           12        10:00     5                   1              15        3              0              
3992848243910887367           12        11:00     5                   3              15        2              0              
3992848243910887367           12        12:00     1                   1              15        3              0              
3992848243910887367           12        13:00     4                   0              11        9              4              
3992848243910887367           12        14:00     3                   0              11        3              4              
3992848243910887367           12        15:00     4                   0              8         7              7              
3992848243910887367           12        16:00     0                   0              6         2              9              
3992848243910887367           12        17:00     0                   0              5         1              10             
3992848243910887367           12        18:00     5                   0              9         1              6              
3992848243910887367           12        19:00     4                   0              12        1              3              
3992848243910887367           12        20:00     0                   0              8         4              7              
3992848243910887367           12        21:00     2                   0              7         3              8              
3992848243910887367           12        22:00     3                   0              9         1              6              
3992848243910887367           12        23:00     3                   0              10        2              5              
3992848243910887367           13        0:00      2                   0              11        1              4              
3992848243910887367           13        1:00      2                   0              13        0              2              
3992848243910887367           13        2:00      0                   0              13        0              2              
3992848243910887367           13        3:00      3                   0              13        2              2              
3992848243910887367           13        4:00      2                   0              11        4              4              
3992848243910887367           13        5:00      4                   0              12        3              3              
3992848243910887367           13        6:00      4                   0              13        2              2              
3992848243910887367           13        7:00      0                   0              12        1              3              
3992848243910887367           13        8:00      0                   0              10        2              5              
3992848243910887367           13        9:00      2                   0              11        1              4              
3992848243910887367           13        10:00     0                   0              9         2              6              
3992848243910887367           13        11:00     4                   0              11        2              4              
3992848243910887367           13        12:00     2                   0              10        3              5              
3992848243910887367           13        13:00     3                   0              11        2              4              
3992848243910887367           13        14:00     1                   0              10        2              5              
3992848243910887367           13        15:00     0                   0              8         2              7              
3992848243910887367           13        16:00     0                   0              7         1              8              
3992848243910887367           13        17:00     4                   0              8         3              7              
3992848243910887367           13        18:00     4                   0              9         3              6              
3992848243910887367           13        19:00     0                   0              9         0              6              
3992848243910887367           13        20:00     3                   0              11        1              4              
3992848243910887367           13        21:00     5                   0              15        0              0              
3992848243910887367           13        22:00     3                   0              15        3              0              
3992848243910887367           13        23:00     3                   2              15        1              0              
3992848243910887367           14        0:00      5                   5              15        2              0              
3992848243910887367           14        1:00      1                   5              15        1              0              
3992848243910887367           14        2:00      5                   7              15        3              0              
3992848243910887367           14        3:00      0                   4              15        3              0              
3992848243910887367           14        4:00      5                   5              15        4              0              
3992848243910887367           14        5:00      1                   3              15        3              0              
3992848243910887367           14        6:00      0                   0              13        5              2              
3992848243910887367           14        7:00      1                   0              13        1              2              
3992848243910887367           14        8:00      2                   0              14        1              1              
3992848243910887367           14        9:00      1                   0              12        3              3              
3992848243910887367           14        10:00     5                   0              14        3              1              
3992848243910887367           14        11:00     5                   3              15        1              0              
3992848243910887367           14        12:00     5                   3              15        4              0              
3992848243910887367           14        13:00     2                   5              15        0              0              
3992848243910887367           14        14:00     3                   5              15        3              0              
3992848243910887367           14        15:00     1                   5              15        1              0              
3992848243910887367           14        16:00     4                   8              15        1              0              
3992848243910887367           14        17:00     1                   5              15        4              0              
3992848243910887367           14        18:00     1                   1              15        5              0              
3992848243910887367           14        19:00     1                   0              12        5              3              
3992848243910887367           14        20:00     1                   0              12        1              3              
3992848243910887367           14        21:00     4                   0              15        1              0              
3992848243910887367           14        22:00     1                   0              14        2              1              
3992848243910887367           14        23:00     1                   0              13        2              2              
3992848243910887367           15        0:00      5                   2              15        1              0              
3992848243910887367           15        1:00      2                   1              15        3              0              
3992848243910887367           15        2:00      5                   4              15        2              0              
3992848243910887367           15        3:00      3                   5              15        2              0              
3992848243910887367           15        4:00      4                   7              15        2              0              
3992848243910887367           15        5:00      5                   9              15        3              0              
3992848243910887367           15        6:00      1                   6              15        4              0              
3992848243910887367           15        7:00      3                   6              15        3              0              
3992848243910887367           15        8:00      2                   2              15        6              0              
3992848243910887367           15        9:00      3                   0              14        6              1              
3992848243910887367           15        10:00     1                   0              11        3              4              
3992848243910887367           15        11:00     3                   0              13        1              2              
3992848243910887367           15        12:00     5                   0              13        5              2              
3992848243910887367           15        13:00     5                   0              14        4              1              
3992848243910887367           15        14:00     4                   2              15        1              0              
3992848243910887367           15        15:00     4                   2              15        4              0              
3992848243910887367           15        16:00     0                   0              15        2              0              
3992848243910887367           15        17:00     0                   0              13        2              2              
3992848243910887367           15        18:00     2                   0              15        0              0              
3992848243910887367           15        19:00     1                   0              13        3              2              
3992848243910887367           15        20:00     2                   0              14        1              1              
3992848243910887367           15        21:00     0                   0              10        4              5              
3992848243910887367           15        22:00     3                   0              9         4              6              
3992848243910887367           15        23:00     4                   0              10        3              5              
