Sim_N                         Day       Time      New_Patients        Waiting        Assigned  Discharged     Beds_Avail_EOH 
6678888530223425391           1         0:00      5                   0              4         0              11             
6678888530223425391           1         1:00      4                   0              7         0              8              
6678888530223425391           1         2:00      4                   0              10        1              5              
6678888530223425391           1         3:00      3                   0              11        2              4              
6678888530223425391           1         4:00      2                   0              10        3              5              
6678888530223425391           1         5:00      1                   0              10        1              5              
6678888530223425391           1         6:00      5                   0              11        3              4              
6678888530223425391           1         7:00      5                   0              14        2              1              
6678888530223425391           1         8:00      5                   1              15        3              0              
6678888530223425391           1         9:00      5                   0              13        7              2              
6678888530223425391           1         10:00     5                   1              15        2              0              
6678888530223425391           1         11:00     0                   0              14        2              1              
6678888530223425391           1         12:00     4                   0              15        3              0              
6678888530223425391           1         13:00     5                   4              15        1              0              
6678888530223425391           1         14:00     3                   5              15        1              0              
6678888530223425391           1         15:00     3                   7              15        1              0              
6678888530223425391           1         16:00     4                   10             15        1              0              
6678888530223425391           1         17:00     0                   7              15        3              0              
6678888530223425391           1         18:00     4                   7              15        4              0              
6678888530223425391           1         19:00     2                   5              15        4              0              
6678888530223425391           1         20:00     1                   2              15        4              0              
6678888530223425391           1         21:00     1                   2              15        1              0              
6678888530223425391           1         22:00     2                   0              14        5              1              
6678888530223425391           1         23:00     5                   0              15        4              0              
6678888530223425391           2         0:00      4                   0              14        5              1              
6678888530223425391           2         1:00      1                   0              12        3              3              
6678888530223425391           2         2:00      2                   0              12        2              3              
6678888530223425391           2         3:00      5                   0              12        4              3              
6678888530223425391           2         4:00      1                   0              9         4              6              
6678888530223425391           2         5:00      2                   0              7         4              8              
6678888530223425391           2         6:00      2                   0              6         2              9              
6678888530223425391           2         7:00      4                   0              8         1              7              
6678888530223425391           2         8:00      2                   0              8         2              7              
6678888530223425391           2         9:00      0                   0              5         3              10             
6678888530223425391           2         10:00     2                   0              5         2              10             
6678888530223425391           2         11:00     3                   0              8         0              7              
6678888530223425391           2         12:00     0                   0              5         3              10             
6678888530223425391           2         13:00     1                   0              4         2              11             
6678888530223425391           2         14:00     3                   0              7         0              8              
6678888530223425391           2         15:00     3                   0              8         2              7              
6678888530223425391           2         16:00     1                   0              8         1              7              
6678888530223425391           2         17:00     5                   0              11        2              4              
6678888530223425391           2         18:00     3                   0              13        1              2              
6678888530223425391           2         19:00     2                   0              14        1              1              
6678888530223425391           2         20:00     4                   2              15        1              0              
6678888530223425391           2         21:00     2                   0              14        5              1              
6678888530223425391           2         22:00     4                   0              14        4              1              
6678888530223425391           2         23:00     3                   0              15        2              0              
6678888530223425391           3         0:00      3                   2              15        1              0              
6678888530223425391           3         1:00      0                   0              15        2              0              
6678888530223425391           3         2:00      4                   4              15        0              0              
6678888530223425391           3         3:00      4                   3              15        4              0              
6678888530223425391           3         4:00      5                   5              15        3              0              
6678888530223425391           3         5:00      5                   8              15        2              0              
6678888530223425391           3         6:00      1                   2              15        7              0              
6678888530223425391           3         7:00      3                   0              14        6              1              
6678888530223425391           3         8:00      0                   0              12        2              3              
6678888530223425391           3         9:00      5                   0              15        2              0              
6678888530223425391           3         10:00     3                   1              15        2              0              
6678888530223425391           3         11:00     0                   0              12        4              3              
6678888530223425391           3         12:00     5                   0              11        6              4              
6678888530223425391           3         13:00     3                   0              14        0              1              
6678888530223425391           3         14:00     4                   1              15        2              0              
6678888530223425391           3         15:00     0                   0              13        3              2              
6678888530223425391           3         16:00     1                   0              11        3              4              
6678888530223425391           3         17:00     0                   0              9         2              6              
6678888530223425391           3         18:00     2                   0              9         2              6              
6678888530223425391           3         19:00     3                   0              10        1              5              
6678888530223425391           3         20:00     1                   0              8         3              7              
6678888530223425391           3         21:00     5                   0              8         2              7              
6678888530223425391           3         22:00     3                   0              11        0              4              
6678888530223425391           3         23:00     5                   0              13        2              2              
6678888530223425391           4         0:00      4                   0              15        2              0              
6678888530223425391           4         1:00      2                   0              14        3              1              
6678888530223425391           4         2:00      4                   0              15        3              0              
6678888530223425391           4         3:00      5                   2              15        2              0              
6678888530223425391           4         4:00      0                   0              13        4              2              
6678888530223425391           4         5:00      5                   0              13        5              2              
6678888530223425391           4         6:00      1                   0              13        1              2              
6678888530223425391           4         7:00      4                   0              13        3              2              
6678888530223425391           4         8:00      2                   0              11        4              4              
6678888530223425391           4         9:00      2                   0              10        3              5              
6678888530223425391           4         10:00     2                   0              10        2              5              
6678888530223425391           4         11:00     5                   0              11        4              4              
6678888530223425391           4         12:00     1                   0              12        0              3              
6678888530223425391           4         13:00     5                   0              13        4              2              
6678888530223425391           4         14:00     1                   0              11        3              4              
6678888530223425391           4         15:00     0                   0              9         2              6              
6678888530223425391           4         16:00     2                   0              10        1              5              
6678888530223425391           4         17:00     1                   0              8         3              7              
6678888530223425391           4         18:00     1                   0              8         1              7              
6678888530223425391           4         19:00     4                   0              12        0              3              
6678888530223425391           4         20:00     2                   0              11        3              4              
6678888530223425391           4         21:00     4                   0              11        4              4              
6678888530223425391           4         22:00     5                   0              13        3              2              
6678888530223425391           4         23:00     2                   0              12        3              3              
6678888530223425391           5         0:00      3                   0              13        1              2              
6678888530223425391           5         1:00      5                   0              13        5              2              
6678888530223425391           5         2:00      4                   0              15        2              0              
6678888530223425391           5         3:00      2                   0              15        2              0              
6678888530223425391           5         4:00      5                   2              15        3              0              
6678888530223425391           5         5:00      2                   0              12        7              3              
6678888530223425391           5         6:00      5                   0              13        3              2              
6678888530223425391           5         7:00      2                   0              14        1              1              
6678888530223425391           5         8:00      2                   0              14        2              1              
6678888530223425391           5         9:00      1                   0              13        2              2              
6678888530223425391           5         10:00     0                   0              11        2              4              
6678888530223425391           5         11:00     1                   0              12        0              3              
6678888530223425391           5         12:00     3                   0              15        0              0              
6678888530223425391           5         13:00     0                   0              13        2              2              
6678888530223425391           5         14:00     0                   0              11        2              4              
6678888530223425391           5         15:00     2                   0              13        0              2              
6678888530223425391           5         16:00     3                   0              14        2              1              
6678888530223425391           5         17:00     1                   0              12        3              3              
6678888530223425391           5         18:00     0                   0              11        1              4              
6678888530223425391           5         19:00     4                   0              13        2              2              
6678888530223425391           5         20:00     5                   0              15        2              0              
6678888530223425391           5         21:00     4                   3              15        1              0              
6678888530223425391           5         22:00     2                   4              15        1              0              
6678888530223425391           5         23:00     4                   3              15        5              0              
6678888530223425391           6         0:00      0                   1              15        2              0              
6678888530223425391           6         1:00      2                   2              15        1              0              
6678888530223425391           6         2:00      3                   1              15        4              0              
6678888530223425391           6         3:00      2                   1              15        2              0              
6678888530223425391           6         4:00      1                   1              15        1              0              
6678888530223425391           6         5:00      5                   1              15        3              0              
6678888530223425391           6         6:00      3                   0              13        6              2              
6678888530223425391           6         7:00      4                   1              15        0              0              
6678888530223425391           6         8:00      4                   2              15        3              0              
6678888530223425391           6         9:00      1                   0              15        3              0              
6678888530223425391           6         10:00     2                   0              11        6              4              
6678888530223425391           6         11:00     0                   0              8         3              7              
6678888530223425391           6         12:00     4                   0              11        1              4              
6678888530223425391           6         13:00     0                   0              10        1              5              
6678888530223425391           6         14:00     4                   0              13        1              2              
6678888530223425391           6         15:00     4                   0              15        2              0              
6678888530223425391           6         16:00     3                   2              15        1              0              
6678888530223425391           6         17:00     5                   7              15        0              0              
6678888530223425391           6         18:00     5                   8              15        2              0              
6678888530223425391           6         19:00     5                   10             15        3              0              
6678888530223425391           6         20:00     4                   6              15        7              0              
6678888530223425391           6         21:00     0                   1              15        5              0              
6678888530223425391           6         22:00     5                   1              15        5              0              
6678888530223425391           6         23:00     2                   3              15        0              0              
6678888530223425391           7         0:00      4                   2              15        4              0              
6678888530223425391           7         1:00      0                   0              15        2              0              
6678888530223425391           7         2:00      3                   1              15        2              0              
6678888530223425391           7         3:00      2                   0              15        3              0              
6678888530223425391           7         4:00      0                   0              9         6              6              
6678888530223425391           7         5:00      3                   0              9         3              6              
6678888530223425391           7         6:00      0                   0              8         1              7              
6678888530223425391           7         7:00      2                   0              9         1              6              
6678888530223425391           7         8:00      1                   0              9         1              6              
6678888530223425391           7         9:00      2                   0              6         5              9              
6678888530223425391           7         10:00     3                   0              7         2              8              
6678888530223425391           7         11:00     0                   0              4         3              11             
6678888530223425391           7         12:00     3                   0              7         0              8              
6678888530223425391           7         13:00     3                   0              7         3              8              
6678888530223425391           7         14:00     5                   0              10        2              5              
6678888530223425391           7         15:00     4                   0              13        1              2              
6678888530223425391           7         16:00     4                   0              14        3              1              
6678888530223425391           7         17:00     1                   0              10        5              5              
6678888530223425391           7         18:00     2                   0              10        2              5              
6678888530223425391           7         19:00     4                   0              11        3              4              
6678888530223425391           7         20:00     5                   0              11        5              4              
6678888530223425391           7         21:00     2                   0              10        3              5              
6678888530223425391           7         22:00     5                   0              11        4              4              
6678888530223425391           7         23:00     3                   0              12        2              3              
6678888530223425391           8         0:00      1                   0              12        1              3              
6678888530223425391           8         1:00      1                   0              11        2              4              
6678888530223425391           8         2:00      5                   0              13        3              2              
6678888530223425391           8         3:00      4                   1              15        1              0              
6678888530223425391           8         4:00      4                   2              15        3              0              
6678888530223425391           8         5:00      2                   0              14        5              1              
6678888530223425391           8         6:00      4                   0              9         9              6              
6678888530223425391           8         7:00      2                   0              10        1              5              
6678888530223425391           8         8:00      5                   0              12        2              3              
6678888530223425391           8         9:00      0                   0              9         3              6              
6678888530223425391           8         10:00     4                   0              11        2              4              
6678888530223425391           8         11:00     0                   0              10        1              5              
6678888530223425391           8         12:00     4                   0              11        2              4              
6678888530223425391           8         13:00     5                   0              13        2              2              
6678888530223425391           8         14:00     5                   2              15        0              0              
6678888530223425391           8         15:00     0                   2              15        0              0              
6678888530223425391           8         16:00     2                   0              13        6              2              
6678888530223425391           8         17:00     0                   0              11        2              4              
6678888530223425391           8         18:00     4                   0              14        1              1              
6678888530223425391           8         19:00     0                   0              12        2              3              
6678888530223425391           8         20:00     5                   0              14        2              1              
6678888530223425391           8         21:00     2                   1              15        0              0              
6678888530223425391           8         22:00     4                   4              15        1              0              
6678888530223425391           8         23:00     5                   3              15        5              0              
6678888530223425391           9         0:00      3                   4              15        2              0              
6678888530223425391           9         1:00      4                   7              15        1              0              
6678888530223425391           9         2:00      0                   2              15        5              0              
6678888530223425391           9         3:00      3                   4              15        1              0              
6678888530223425391           9         4:00      2                   3              15        3              0              
6678888530223425391           9         5:00      0                   0              11        7              4              
6678888530223425391           9         6:00      0                   0              11        0              4              
6678888530223425391           9         7:00      2                   0              11        2              4              
6678888530223425391           9         8:00      4                   0              14        1              1              
6678888530223425391           9         9:00      1                   0              10        5              5              
6678888530223425391           9         10:00     4                   0              13        1              2              
6678888530223425391           9         11:00     4                   0              14        3              1              
6678888530223425391           9         12:00     2                   0              15        1              0              
6678888530223425391           9         13:00     4                   0              15        3              0              
6678888530223425391           9         14:00     4                   0              15        4              0              
6678888530223425391           9         15:00     2                   0              15        2              0              
6678888530223425391           9         16:00     0                   0              14        1              1              
6678888530223425391           9         17:00     2                   0              13        3              2              
6678888530223425391           9         18:00     2                   0              14        1              1              
6678888530223425391           9         19:00     0                   0              13        1              2              
6678888530223425391           9         20:00     5                   2              15        1              0              
6678888530223425391           9         21:00     2                   2              15        2              0              
6678888530223425391           9         22:00     2                   3              15        1              0              
6678888530223425391           9         23:00     4                   3              15        4              0              
6678888530223425391           10        0:00      3                   4              15        2              0              
6678888530223425391           10        1:00      2                   3              15        3              0              
6678888530223425391           10        2:00      5                   1              15        7              0              
6678888530223425391           10        3:00      3                   0              15        4              0              
6678888530223425391           10        4:00      5                   2              15        3              0              
6678888530223425391           10        5:00      1                   0              15        3              0              
6678888530223425391           10        6:00      1                   0              9         7              6              
6678888530223425391           10        7:00      1                   0              10        0              5              
6678888530223425391           10        8:00      1                   0              8         3              7              
6678888530223425391           10        9:00      2                   0              9         1              6              
6678888530223425391           10        10:00     2                   0              10        1              5              
6678888530223425391           10        11:00     1                   0              8         3              7              
6678888530223425391           10        12:00     5                   0              10        3              5              
6678888530223425391           10        13:00     4                   0              11        3              4              
6678888530223425391           10        14:00     0                   0              7         4              8              
6678888530223425391           10        15:00     3                   0              9         1              6              
6678888530223425391           10        16:00     3                   0              10        1              5              
6678888530223425391           10        17:00     0                   0              10        0              5              
6678888530223425391           10        18:00     0                   0              7         3              8              
6678888530223425391           10        19:00     2                   0              8         1              7              
6678888530223425391           10        20:00     5                   0              10        3              5              
6678888530223425391           10        21:00     2                   0              11        1              4              
6678888530223425391           10        22:00     3                   0              11        3              4              
6678888530223425391           10        23:00     1                   0              8         4              7              
6678888530223425391           11        0:00      2                   0              10        0              5              
6678888530223425391           11        1:00      5                   0              13        2              2              
6678888530223425391           11        2:00      4                   1              15        1              0              
6678888530223425391           11        3:00      1                   1              15        1              0              
6678888530223425391           11        4:00      1                   1              15        1              0              
6678888530223425391           11        5:00      1                   1              15        1              0              
6678888530223425391           11        6:00      0                   0              13        3              2              
6678888530223425391           11        7:00      5                   3              15        0              0              
6678888530223425391           11        8:00      2                   3              15        2              0              
6678888530223425391           11        9:00      1                   0              14        5              1              
6678888530223425391           11        10:00     5                   0              15        4              0              
6678888530223425391           11        11:00     5                   0              15        4              0              
6678888530223425391           11        12:00     1                   0              13        3              2              
6678888530223425391           11        13:00     5                   2              15        0              0              
6678888530223425391           11        14:00     0                   0              14        3              1              
6678888530223425391           11        15:00     0                   0              11        3              4              
6678888530223425391           11        16:00     5                   0              11        5              4              
6678888530223425391           11        17:00     4                   0              11        4              4              
6678888530223425391           11        18:00     3                   0              12        2              3              
6678888530223425391           11        19:00     3                   0              13        2              2              
6678888530223425391           11        20:00     4                   0              15        2              0              
6678888530223425391           11        21:00     2                   0              13        4              2              
6678888530223425391           11        22:00     2                   0              13        1              2              
6678888530223425391           11        23:00     5                   0              15        3              0              
6678888530223425391           12        0:00      0                   0              12        3              3              
6678888530223425391           12        1:00      4                   0              13        3              2              
6678888530223425391           12        2:00      0                   0              11        2              4              
6678888530223425391           12        3:00      3                   0              12        2              3              
6678888530223425391           12        4:00      2                   0              12        2              3              
6678888530223425391           12        5:00      3                   0              12        3              3              
6678888530223425391           12        6:00      0                   0              10        2              5              
6678888530223425391           12        7:00      1                   0              8         3              7              
6678888530223425391           12        8:00      3                   0              7         4              8              
6678888530223425391           12        9:00      2                   0              8         0              7              
6678888530223425391           12        10:00     2                   0              10        0              5              
6678888530223425391           12        11:00     2                   0              11        1              4              
6678888530223425391           12        12:00     0                   0              7         4              8              
6678888530223425391           12        13:00     3                   0              8         2              7              
6678888530223425391           12        14:00     4                   0              9         3              6              
6678888530223425391           12        15:00     2                   0              10        1              5              
6678888530223425391           12        16:00     5                   0              15        0              0              
6678888530223425391           12        17:00     4                   0              14        5              1              
6678888530223425391           12        18:00     0                   0              13        1              2              
6678888530223425391           12        19:00     0                   0              11        2              4              
6678888530223425391           12        20:00     5                   0              14        2              1              
6678888530223425391           12        21:00     3                   0              15        2              0              
6678888530223425391           12        22:00     2                   0              14        3              1              
6678888530223425391           12        23:00     3                   0              15        2              0              
6678888530223425391           13        0:00      3                   2              15        1              0              
6678888530223425391           13        1:00      3                   0              15        5              0              
6678888530223425391           13        2:00      0                   0              13        2              2              
6678888530223425391           13        3:00      2                   0              12        3              3              
6678888530223425391           13        4:00      4                   0              14        1              1              
6678888530223425391           13        5:00      5                   4              15        0              0              
6678888530223425391           13        6:00      5                   6              15        3              0              
6678888530223425391           13        7:00      0                   4              15        2              0              
6678888530223425391           13        8:00      3                   2              15        5              0              
6678888530223425391           13        9:00      4                   2              15        4              0              
6678888530223425391           13        10:00     2                   2              15        2              0              
6678888530223425391           13        11:00     2                   3              15        1              0              
6678888530223425391           13        12:00     4                   5              15        2              0              
6678888530223425391           13        13:00     2                   7              15        0              0              
6678888530223425391           13        14:00     4                   9              15        2              0              
6678888530223425391           13        15:00     5                   14             15        0              0              
6678888530223425391           13        16:00     3                   10             15        7              0              
6678888530223425391           13        17:00     2                   11             15        1              0              
6678888530223425391           13        18:00     2                   11             15        2              0              
6678888530223425391           13        19:00     5                   12             15        3              0              
6678888530223425391           13        20:00     1                   8              15        5              0              
6678888530223425391           13        21:00     5                   10             15        3              0              
6678888530223425391           13        22:00     5                   13             15        1              0              
6678888530223425391           13        23:00     4                   11             15        6              0              
6678888530223425391           14        0:00      2                   8              15        5              0              
6678888530223425391           14        1:00      0                   5              15        3              0              
6678888530223425391           14        2:00      2                   3              15        4              0              
6678888530223425391           14        3:00      0                   0              15        3              0              
6678888530223425391           14        4:00      3                   1              15        2              0              
6678888530223425391           14        5:00      3                   0              12        7              3              
6678888530223425391           14        6:00      0                   0              11        1              4              
6678888530223425391           14        7:00      2                   0              9         4              6              
6678888530223425391           14        8:00      0                   0              8         1              7              
6678888530223425391           14        9:00      0                   0              6         2              9              
6678888530223425391           14        10:00     1                   0              5         2              10             
6678888530223425391           14        11:00     3                   0              4         4              11             
6678888530223425391           14        12:00     4                   0              7         1              8              
6678888530223425391           14        13:00     3                   0              8         2              7              
6678888530223425391           14        14:00     3                   0              10        1              5              
6678888530223425391           14        15:00     4                   0              10        4              5              
6678888530223425391           14        16:00     0                   0              6         4              9              
6678888530223425391           14        17:00     3                   0              8         1              7              
6678888530223425391           14        18:00     1                   0              8         1              7              
6678888530223425391           14        19:00     2                   0              8         2              7              
6678888530223425391           14        20:00     1                   0              8         1              7              
6678888530223425391           14        21:00     5                   0              8         5              7              
6678888530223425391           14        22:00     4                   0              10        2              5              
6678888530223425391           14        23:00     1                   0              10        1              5              
6678888530223425391           15        0:00      1                   0              7         4              8              
6678888530223425391           15        1:00      2                   0              8         1              7              
6678888530223425391           15        2:00      3                   0              11        0              4              
6678888530223425391           15        3:00      2                   0              13        0              2              
6678888530223425391           15        4:00      1                   0              14        0              1              
6678888530223425391           15        5:00      4                   0              12        6              3              
6678888530223425391           15        6:00      3                   0              13        2              2              
6678888530223425391           15        7:00      1                   0              9         5              6              
6678888530223425391           15        8:00      1                   0              9         1              6              
6678888530223425391           15        9:00      4                   0              11        2              4              
6678888530223425391           15        10:00     2                   0              10        3              5              
6678888530223425391           15        11:00     2                   0              10        2              5              
6678888530223425391           15        12:00     1                   0              9         2              6              
6678888530223425391           15        13:00     3                   0              11        1              4              
6678888530223425391           15        14:00     2                   0              11        2              4              
6678888530223425391           15        15:00     3                   0              10        4              5              
6678888530223425391           15        16:00     4                   0              14        0              1              
6678888530223425391           15        17:00     2                   0              14        2              1              
6678888530223425391           15        18:00     3                   0              14        3              1              
6678888530223425391           15        19:00     2                   0              14        2              1              
6678888530223425391           15        20:00     1                   0              12        3              3              
6678888530223425391           15        21:00     5                   1              15        1              0              
6678888530223425391           15        22:00     3                   2              15        2              0              
6678888530223425391           15        23:00     4                   4              15        2              0              
