Sim_N                         Day       Time      New_Patients        Waiting        Assigned  Discharged     Beds_Avail_EOH 
2100494274449120467           1         0:00      4                   0              4         0              11             
2100494274449120467           1         1:00      0                   0              4         0              11             
2100494274449120467           1         2:00      3                   0              7         0              8              
2100494274449120467           1         3:00      5                   0              11        1              4              
2100494274449120467           1         4:00      1                   0              11        1              4              
2100494274449120467           1         5:00      3                   0              13        1              2              
2100494274449120467           1         6:00      4                   0              14        3              1              
2100494274449120467           1         7:00      4                   1              15        2              0              
2100494274449120467           1         8:00      4                   0              15        5              0              
2100494274449120467           1         9:00      2                   1              15        1              0              
2100494274449120467           1         10:00     5                   4              15        2              0              
2100494274449120467           1         11:00     2                   3              15        3              0              
2100494274449120467           1         12:00     5                   6              15        2              0              
2100494274449120467           1         13:00     1                   5              15        2              0              
2100494274449120467           1         14:00     4                   7              15        2              0              
2100494274449120467           1         15:00     5                   8              15        4              0              
2100494274449120467           1         16:00     2                   10             15        0              0              
2100494274449120467           1         17:00     0                   7              15        3              0              
2100494274449120467           1         18:00     1                   2              15        6              0              
2100494274449120467           1         19:00     0                   0              13        4              2              
2100494274449120467           1         20:00     0                   0              10        3              5              
2100494274449120467           1         21:00     2                   0              10        2              5              
2100494274449120467           1         22:00     5                   0              10        5              5              
2100494274449120467           1         23:00     0                   0              7         3              8              
2100494274449120467           2         0:00      1                   0              5         3              10             
2100494274449120467           2         1:00      3                   0              8         0              7              
2100494274449120467           2         2:00      2                   0              7         3              8              
2100494274449120467           2         3:00      2                   0              8         1              7              
2100494274449120467           2         4:00      2                   0              7         3              8              
2100494274449120467           2         5:00      3                   0              7         2              8              
2100494274449120467           2         6:00      1                   0              8         0              7              
2100494274449120467           2         7:00      3                   0              8         3              7              
2100494274449120467           2         8:00      5                   0              10        3              5              
2100494274449120467           2         9:00      2                   0              8         4              7              
2100494274449120467           2         10:00     5                   0              11        2              4              
2100494274449120467           2         11:00     1                   0              11        1              4              
2100494274449120467           2         12:00     0                   0              9         2              6              
2100494274449120467           2         13:00     2                   0              9         2              6              
2100494274449120467           2         14:00     3                   0              11        1              4              
2100494274449120467           2         15:00     2                   0              12        1              3              
2100494274449120467           2         16:00     2                   0              14        0              1              
2100494274449120467           2         17:00     3                   0              13        4              2              
2100494274449120467           2         18:00     3                   1              15        0              0              
2100494274449120467           2         19:00     3                   1              15        3              0              
2100494274449120467           2         20:00     0                   0              12        4              3              
2100494274449120467           2         21:00     5                   0              14        3              1              
2100494274449120467           2         22:00     5                   0              15        3              0              
2100494274449120467           2         23:00     5                   4              15        1              0              
2100494274449120467           3         0:00      0                   3              15        1              0              
2100494274449120467           3         1:00      1                   3              15        1              0              
2100494274449120467           3         2:00      3                   3              15        3              0              
2100494274449120467           3         3:00      2                   4              15        1              0              
2100494274449120467           3         4:00      4                   3              15        5              0              
2100494274449120467           3         5:00      1                   0              15        4              0              
2100494274449120467           3         6:00      2                   0              15        2              0              
2100494274449120467           3         7:00      0                   0              10        5              5              
2100494274449120467           3         8:00      4                   0              13        1              2              
2100494274449120467           3         9:00      0                   0              9         4              6              
2100494274449120467           3         10:00     4                   0              10        2              5              
2100494274449120467           3         11:00     3                   0              11        2              4              
2100494274449120467           3         12:00     3                   0              12        2              3              
2100494274449120467           3         13:00     5                   1              15        1              0              
2100494274449120467           3         14:00     4                   0              14        6              1              
2100494274449120467           3         15:00     1                   0              10        5              5              
2100494274449120467           3         16:00     4                   0              11        3              4              
2100494274449120467           3         17:00     3                   0              12        2              3              
2100494274449120467           3         18:00     3                   0              13        2              2              
2100494274449120467           3         19:00     1                   0              10        4              5              
2100494274449120467           3         20:00     1                   0              9         2              6              
2100494274449120467           3         21:00     4                   0              11        2              4              
2100494274449120467           3         22:00     5                   0              13        3              2              
2100494274449120467           3         23:00     3                   0              14        2              1              
2100494274449120467           4         0:00      3                   0              15        2              0              
2100494274449120467           4         1:00      1                   0              13        3              2              
2100494274449120467           4         2:00      2                   0              14        1              1              
2100494274449120467           4         3:00      3                   1              15        1              0              
2100494274449120467           4         4:00      1                   1              15        1              0              
2100494274449120467           4         5:00      3                   3              15        1              0              
2100494274449120467           4         6:00      1                   1              15        3              0              
2100494274449120467           4         7:00      5                   2              15        4              0              
2100494274449120467           4         8:00      4                   2              15        4              0              
2100494274449120467           4         9:00      5                   2              15        5              0              
2100494274449120467           4         10:00     0                   0              13        4              2              
2100494274449120467           4         11:00     3                   0              14        2              1              
2100494274449120467           4         12:00     2                   0              13        3              2              
2100494274449120467           4         13:00     3                   0              14        2              1              
2100494274449120467           4         14:00     0                   0              11        3              4              
2100494274449120467           4         15:00     1                   0              11        0              4              
2100494274449120467           4         16:00     5                   0              15        1              0              
2100494274449120467           4         17:00     0                   0              10        5              5              
2100494274449120467           4         18:00     1                   0              10        1              5              
2100494274449120467           4         19:00     1                   0              10        1              5              
2100494274449120467           4         20:00     0                   0              7         3              8              
2100494274449120467           4         21:00     1                   0              6         2              9              
2100494274449120467           4         22:00     5                   0              9         2              6              
2100494274449120467           4         23:00     4                   0              12        1              3              
2100494274449120467           5         0:00      0                   0              8         4              7              
2100494274449120467           5         1:00      1                   0              6         3              9              
2100494274449120467           5         2:00      3                   0              8         1              7              
2100494274449120467           5         3:00      1                   0              8         1              7              
2100494274449120467           5         4:00      2                   0              8         1              7              
2100494274449120467           5         5:00      5                   0              12        1              3              
2100494274449120467           5         6:00      4                   0              9         6              6              
2100494274449120467           5         7:00      5                   0              13        1              2              
2100494274449120467           5         8:00      2                   0              11        4              4              
2100494274449120467           5         9:00      1                   0              11        1              4              
2100494274449120467           5         10:00     2                   0              11        2              4              
2100494274449120467           5         11:00     4                   0              12        2              3              
2100494274449120467           5         12:00     2                   0              13        1              2              
2100494274449120467           5         13:00     5                   0              15        3              0              
2100494274449120467           5         14:00     5                   2              15        2              0              
2100494274449120467           5         15:00     5                   7              15        0              0              
2100494274449120467           5         16:00     0                   4              15        3              0              
2100494274449120467           5         17:00     3                   4              15        3              0              
2100494274449120467           5         18:00     0                   1              15        3              0              
2100494274449120467           5         19:00     3                   2              15        2              0              
2100494274449120467           5         20:00     4                   1              15        5              0              
2100494274449120467           5         21:00     4                   3              15        2              0              
2100494274449120467           5         22:00     5                   5              15        3              0              
2100494274449120467           5         23:00     3                   7              15        1              0              
2100494274449120467           6         0:00      4                   8              15        2              0              
2100494274449120467           6         1:00      2                   5              15        5              0              
2100494274449120467           6         2:00      5                   3              15        7              0              
2100494274449120467           6         3:00      3                   0              15        5              0              
2100494274449120467           6         4:00      4                   1              15        3              0              
2100494274449120467           6         5:00      0                   0              13        3              2              
2100494274449120467           6         6:00      3                   0              14        2              1              
2100494274449120467           6         7:00      5                   3              15        0              0              
2100494274449120467           6         8:00      3                   3              15        3              0              
2100494274449120467           6         9:00      4                   5              15        2              0              
2100494274449120467           6         10:00     1                   6              15        0              0              
2100494274449120467           6         11:00     1                   4              15        3              0              
2100494274449120467           6         12:00     3                   1              15        5              0              
2100494274449120467           6         13:00     0                   0              11        5              4              
2100494274449120467           6         14:00     1                   0              10        2              5              
2100494274449120467           6         15:00     0                   0              9         1              6              
2100494274449120467           6         16:00     2                   0              11        0              4              
2100494274449120467           6         17:00     0                   0              8         3              7              
2100494274449120467           6         18:00     0                   0              5         3              10             
2100494274449120467           6         19:00     5                   0              8         2              7              
2100494274449120467           6         20:00     0                   0              6         2              9              
2100494274449120467           6         21:00     0                   0              6         0              9              
2100494274449120467           6         22:00     4                   0              8         1              7              
2100494274449120467           6         23:00     0                   0              6         2              9              
2100494274449120467           7         0:00      0                   0              5         1              10             
2100494274449120467           7         1:00      0                   0              4         1              11             
2100494274449120467           7         2:00      2                   0              6         0              9              
2100494274449120467           7         3:00      1                   0              6         1              9              
2100494274449120467           7         4:00      2                   0              5         3              10             
2100494274449120467           7         5:00      5                   0              9         1              6              
2100494274449120467           7         6:00      0                   0              8         1              7              
2100494274449120467           7         7:00      0                   0              8         0              7              
2100494274449120467           7         8:00      5                   0              10        3              5              
2100494274449120467           7         9:00      3                   0              11        2              4              
2100494274449120467           7         10:00     3                   0              13        1              2              
2100494274449120467           7         11:00     1                   0              12        2              3              
2100494274449120467           7         12:00     5                   0              15        2              0              
2100494274449120467           7         13:00     5                   3              15        2              0              
2100494274449120467           7         14:00     1                   0              15        4              0              
2100494274449120467           7         15:00     4                   3              15        0              0              
2100494274449120467           7         16:00     2                   2              15        3              0              
2100494274449120467           7         17:00     4                   1              15        5              0              
2100494274449120467           7         18:00     0                   0              12        4              3              
2100494274449120467           7         19:00     2                   0              13        1              2              
2100494274449120467           7         20:00     5                   2              15        1              0              
2100494274449120467           7         21:00     3                   1              15        4              0              
2100494274449120467           7         22:00     0                   0              14        2              1              
2100494274449120467           7         23:00     0                   0              12        2              3              
2100494274449120467           8         0:00      0                   0              9         3              6              
2100494274449120467           8         1:00      0                   0              9         0              6              
2100494274449120467           8         2:00      4                   0              12        1              3              
2100494274449120467           8         3:00      2                   0              10        4              5              
2100494274449120467           8         4:00      3                   0              13        0              2              
2100494274449120467           8         5:00      3                   0              14        2              1              
2100494274449120467           8         6:00      1                   0              14        1              1              
2100494274449120467           8         7:00      5                   1              15        3              0              
2100494274449120467           8         8:00      5                   1              15        4              0              
2100494274449120467           8         9:00      5                   3              15        3              0              
2100494274449120467           8         10:00     4                   2              15        5              0              
2100494274449120467           8         11:00     2                   0              15        4              0              
2100494274449120467           8         12:00     3                   2              15        1              0              
2100494274449120467           8         13:00     0                   2              15        0              0              
2100494274449120467           8         14:00     3                   4              15        1              0              
2100494274449120467           8         15:00     0                   0              15        4              0              
2100494274449120467           8         16:00     1                   0              14        2              1              
2100494274449120467           8         17:00     0                   0              12        2              3              
2100494274449120467           8         18:00     2                   0              10        4              5              
2100494274449120467           8         19:00     4                   0              12        2              3              
2100494274449120467           8         20:00     5                   0              14        3              1              
2100494274449120467           8         21:00     4                   0              15        3              0              
2100494274449120467           8         22:00     2                   0              14        3              1              
2100494274449120467           8         23:00     5                   0              14        5              1              
2100494274449120467           9         0:00      1                   0              13        2              2              
2100494274449120467           9         1:00      0                   0              9         4              6              
2100494274449120467           9         2:00      4                   0              11        1              4              
2100494274449120467           9         3:00      0                   0              11        0              4              
2100494274449120467           9         4:00      3                   0              13        1              2              
2100494274449120467           9         5:00      3                   0              14        2              1              
2100494274449120467           9         6:00      2                   0              12        4              3              
2100494274449120467           9         7:00      4                   0              12        3              3              
2100494274449120467           9         8:00      1                   0              12        1              3              
2100494274449120467           9         9:00      5                   0              13        4              2              
2100494274449120467           9         10:00     3                   0              12        3              3              
2100494274449120467           9         11:00     3                   0              13        2              2              
2100494274449120467           9         12:00     4                   0              14        3              1              
2100494274449120467           9         13:00     1                   0              13        2              2              
2100494274449120467           9         14:00     5                   0              15        3              0              
2100494274449120467           9         15:00     1                   0              13        3              2              
2100494274449120467           9         16:00     2                   0              12        3              3              
2100494274449120467           9         17:00     1                   0              11        2              4              
2100494274449120467           9         18:00     3                   0              12        1              3              
2100494274449120467           9         19:00     4                   0              14        2              1              
2100494274449120467           9         20:00     0                   0              13        1              2              
2100494274449120467           9         21:00     1                   0              14        0              1              
2100494274449120467           9         22:00     4                   0              15        3              0              
2100494274449120467           9         23:00     0                   0              13        2              2              
2100494274449120467           10        0:00      3                   0              14        2              1              
2100494274449120467           10        1:00      3                   0              14        3              1              
2100494274449120467           10        2:00      0                   0              11        3              4              
2100494274449120467           10        3:00      2                   0              11        2              4              
2100494274449120467           10        4:00      4                   0              10        4              5              
2100494274449120467           10        5:00      3                   0              12        1              3              
2100494274449120467           10        6:00      1                   0              12        1              3              
2100494274449120467           10        7:00      4                   0              13        3              2              
2100494274449120467           10        8:00      1                   0              9         5              6              
2100494274449120467           10        9:00      5                   0              14        0              1              
2100494274449120467           10        10:00     2                   0              15        1              0              
2100494274449120467           10        11:00     2                   2              15        0              0              
2100494274449120467           10        12:00     0                   0              14        3              1              
2100494274449120467           10        13:00     0                   0              12        2              3              
2100494274449120467           10        14:00     0                   0              10        2              5              
2100494274449120467           10        15:00     1                   0              7         4              8              
2100494274449120467           10        16:00     0                   0              6         1              9              
2100494274449120467           10        17:00     3                   0              8         1              7              
2100494274449120467           10        18:00     3                   0              11        0              4              
2100494274449120467           10        19:00     1                   0              10        2              5              
2100494274449120467           10        20:00     2                   0              12        0              3              
2100494274449120467           10        21:00     3                   0              13        2              2              
2100494274449120467           10        22:00     0                   0              12        1              3              
2100494274449120467           10        23:00     2                   0              12        2              3              
2100494274449120467           11        0:00      0                   0              11        1              4              
2100494274449120467           11        1:00      5                   0              14        2              1              
2100494274449120467           11        2:00      3                   2              15        0              0              
2100494274449120467           11        3:00      1                   1              15        2              0              
2100494274449120467           11        4:00      1                   0              12        5              3              
2100494274449120467           11        5:00      2                   0              12        2              3              
2100494274449120467           11        6:00      3                   0              13        2              2              
2100494274449120467           11        7:00      4                   0              13        4              2              
2100494274449120467           11        8:00      1                   0              10        4              5              
2100494274449120467           11        9:00      2                   0              10        2              5              
2100494274449120467           11        10:00     3                   0              13        0              2              
2100494274449120467           11        11:00     1                   0              11        3              4              
2100494274449120467           11        12:00     1                   0              9         3              6              
2100494274449120467           11        13:00     2                   0              8         3              7              
2100494274449120467           11        14:00     1                   0              7         2              8              
2100494274449120467           11        15:00     0                   0              6         1              9              
2100494274449120467           11        16:00     2                   0              7         1              8              
2100494274449120467           11        17:00     1                   0              6         2              9              
2100494274449120467           11        18:00     1                   0              5         2              10             
2100494274449120467           11        19:00     1                   0              5         1              10             
2100494274449120467           11        20:00     3                   0              8         0              7              
2100494274449120467           11        21:00     1                   0              9         0              6              
2100494274449120467           11        22:00     1                   0              10        0              5              
2100494274449120467           11        23:00     5                   0              8         6              7              
2100494274449120467           12        0:00      5                   0              11        1              4              
2100494274449120467           12        1:00      2                   0              12        1              3              
2100494274449120467           12        2:00      3                   0              13        2              2              
2100494274449120467           12        3:00      0                   0              11        2              4              
2100494274449120467           12        4:00      3                   0              12        2              3              
2100494274449120467           12        5:00      2                   0              10        4              5              
2100494274449120467           12        6:00      3                   0              8         4              7              
2100494274449120467           12        7:00      1                   0              7         2              8              
2100494274449120467           12        8:00      3                   0              9         1              6              
2100494274449120467           12        9:00      2                   0              10        1              5              
2100494274449120467           12        10:00     2                   0              10        1              5              
2100494274449120467           12        11:00     3                   0              10        3              5              
2100494274449120467           12        12:00     1                   0              8         3              7              
2100494274449120467           12        13:00     1                   0              9         0              6              
2100494274449120467           12        14:00     1                   0              9         1              6              
2100494274449120467           12        15:00     0                   0              8         1              7              
2100494274449120467           12        16:00     4                   0              11        1              4              
2100494274449120467           12        17:00     3                   0              11        3              4              
2100494274449120467           12        18:00     2                   0              11        2              4              
2100494274449120467           12        19:00     0                   0              10        1              5              
2100494274449120467           12        20:00     0                   0              8         2              7              
2100494274449120467           12        21:00     5                   0              12        0              3              
2100494274449120467           12        22:00     1                   0              12        1              3              
2100494274449120467           12        23:00     4                   0              15        1              0              
2100494274449120467           13        0:00      4                   2              15        1              0              
2100494274449120467           13        1:00      2                   3              15        1              0              
2100494274449120467           13        2:00      0                   0              12        6              3              
2100494274449120467           13        3:00      0                   0              11        1              4              
2100494274449120467           13        4:00      1                   0              9         3              6              
2100494274449120467           13        5:00      1                   0              8         2              7              
2100494274449120467           13        6:00      1                   0              9         0              6              
2100494274449120467           13        7:00      0                   0              8         1              7              
2100494274449120467           13        8:00      3                   0              9         2              6              
2100494274449120467           13        9:00      3                   0              9         2              6              
2100494274449120467           13        10:00     1                   0              7         3              8              
2100494274449120467           13        11:00     4                   0              11        0              4              
2100494274449120467           13        12:00     2                   0              8         5              7              
2100494274449120467           13        13:00     2                   0              10        0              5              
2100494274449120467           13        14:00     0                   0              8         2              7              
2100494274449120467           13        15:00     4                   0              12        0              3              
2100494274449120467           13        16:00     3                   0              12        3              3              
2100494274449120467           13        17:00     3                   0              11        4              4              
2100494274449120467           13        18:00     3                   0              11        3              4              
2100494274449120467           13        19:00     4                   0              12        3              3              
2100494274449120467           13        20:00     5                   0              13        4              2              
2100494274449120467           13        21:00     5                   0              15        3              0              
2100494274449120467           13        22:00     0                   0              14        1              1              
2100494274449120467           13        23:00     3                   1              15        1              0              
2100494274449120467           14        0:00      5                   1              15        4              0              
2100494274449120467           14        1:00      1                   2              15        0              0              
2100494274449120467           14        2:00      5                   1              15        5              0              
2100494274449120467           14        3:00      4                   3              15        2              0              
2100494274449120467           14        4:00      5                   6              15        2              0              
2100494274449120467           14        5:00      1                   4              15        3              0              
2100494274449120467           14        6:00      1                   4              15        1              0              
2100494274449120467           14        7:00      0                   3              15        1              0              
2100494274449120467           14        8:00      1                   2              15        2              0              
2100494274449120467           14        9:00      1                   1              15        2              0              
2100494274449120467           14        10:00     1                   0              14        3              1              
2100494274449120467           14        11:00     2                   0              11        5              4              
2100494274449120467           14        12:00     5                   0              11        5              4              
2100494274449120467           14        13:00     5                   0              13        3              2              
2100494274449120467           14        14:00     2                   0              11        4              4              
2100494274449120467           14        15:00     2                   0              12        1              3              
2100494274449120467           14        16:00     4                   0              12        4              3              
2100494274449120467           14        17:00     4                   0              15        0              0              
2100494274449120467           14        18:00     0                   0              13        2              2              
2100494274449120467           14        19:00     2                   0              11        4              4              
2100494274449120467           14        20:00     5                   0              10        6              5              
2100494274449120467           14        21:00     3                   0              10        2              5              
2100494274449120467           14        22:00     1                   0              6         5              9              
2100494274449120467           14        23:00     4                   0              8         2              7              
2100494274449120467           15        0:00      0                   0              8         0              7              
2100494274449120467           15        1:00      0                   0              7         1              8              
2100494274449120467           15        2:00      1                   0              7         1              8              
2100494274449120467           15        3:00      0                   0              6         1              9              
2100494274449120467           15        4:00      0                   0              4         2              11             
2100494274449120467           15        5:00      5                   0              9         0              6              
2100494274449120467           15        6:00      3                   0              11        1              4              
2100494274449120467           15        7:00      1                   0              11        1              4              
2100494274449120467           15        8:00      1                   0              11        1              4              
2100494274449120467           15        9:00      4                   0              11        4              4              
2100494274449120467           15        10:00     1                   0              8         4              7              
2100494274449120467           15        11:00     2                   0              7         3              8              
2100494274449120467           15        12:00     2                   0              9         0              6              
2100494274449120467           15        13:00     3                   0              8         4              7              
2100494274449120467           15        14:00     1                   0              8         1              7              
2100494274449120467           15        15:00     0                   0              6         2              9              
2100494274449120467           15        16:00     2                   0              7         1              8              
2100494274449120467           15        17:00     5                   0              9         1              6              
2100494274449120467           15        18:00     2                   0              10        1              5              
2100494274449120467           15        19:00     2                   0              11        1              4              
2100494274449120467           15        20:00     1                   0              9         3              6              
2100494274449120467           15        21:00     1                   0              10        0              5              
2100494274449120467           15        22:00     2                   0              10        2              5              
2100494274449120467           15        23:00     0                   0              10        0              5              
