Sim_N                         Day       Time      New_Patients        Waiting        Assigned  Discharged     Beds_Avail_EOH 
4245437103118934934           1         0:00      0                   0              0         0              12             
4245437103118934934           1         1:00      0                   0              0         0              12             
4245437103118934934           1         2:00      4                   0              4         0              8              
4245437103118934934           1         3:00      0                   0              3         1              9              
4245437103118934934           1         4:00      0                   0              0         3              12             
4245437103118934934           1         5:00      3                   0              2         1              10             
4245437103118934934           1         6:00      5                   0              6         1              6              
4245437103118934934           1         7:00      2                   0              5         3              7              
4245437103118934934           1         8:00      4                   0              6         3              6              
4245437103118934934           1         9:00      5                   0              8         2              4              
4245437103118934934           1         10:00     1                   0              9         0              3              
4245437103118934934           1         11:00     3                   0              11        1              1              
4245437103118934934           1         12:00     4                   1              12        1              0              
4245437103118934934           1         13:00     4                   3              12        2              0              
4245437103118934934           1         14:00     4                   6              12        1              0              
4245437103118934934           1         15:00     0                   4              12        2              0              
4245437103118934934           1         16:00     4                   5              12        3              0              
4245437103118934934           1         17:00     5                   10             12        0              0              
4245437103118934934           1         18:00     2                   10             12        2              0              
4245437103118934934           1         19:00     5                   12             12        3              0              
4245437103118934934           1         20:00     5                   13             12        4              0              
4245437103118934934           1         21:00     1                   13             12        1              0              
4245437103118934934           1         22:00     2                   12             12        3              0              
4245437103118934934           1         23:00     1                   10             12        3              0              
4245437103118934934           2         0:00      4                   13             12        1              0              
4245437103118934934           2         1:00      1                   14             12        0              0              
4245437103118934934           2         2:00      0                   9              12        5              0              
4245437103118934934           2         3:00      5                   13             12        1              0              
4245437103118934934           2         4:00      5                   16             12        2              0              
4245437103118934934           2         5:00      5                   17             12        3              0              
4245437103118934934           2         6:00      5                   19             12        2              0              
4245437103118934934           2         7:00      4                   21             12        2              0              
4245437103118934934           2         8:00      3                   23             12        1              0              
4245437103118934934           2         9:00      1                   19             12        5              0              
4245437103118934934           2         10:00     1                   18             12        2              0              
4245437103118934934           2         11:00     0                   16             12        2              0              
4245437103118934934           2         12:00     5                   18             12        3              0              
4245437103118934934           2         13:00     5                   19             12        4              0              
4245437103118934934           2         14:00     0                   17             12        2              0              
4245437103118934934           2         15:00     4                   19             12        2              0              
4245437103118934934           2         16:00     1                   16             12        4              0              
4245437103118934934           2         17:00     5                   17             12        3              0              
4245437103118934934           2         18:00     1                   16             12        2              0              
4245437103118934934           2         19:00     2                   16             12        2              0              
4245437103118934934           2         20:00     3                   17             12        2              0              
4245437103118934934           2         21:00     0                   15             12        2              0              
4245437103118934934           2         22:00     0                   15             12        0              0              
4245437103118934934           2         23:00     2                   14             12        3              0              
4245437103118934934           3         0:00      1                   13             12        2              0              
4245437103118934934           3         1:00      2                   14             12        1              0              
4245437103118934934           3         2:00      0                   12             12        2              0              
4245437103118934934           3         3:00      4                   15             12        1              0              
4245437103118934934           3         4:00      2                   14             12        3              0              
4245437103118934934           3         5:00      1                   9              12        6              0              
4245437103118934934           3         6:00      2                   5              12        6              0              
4245437103118934934           3         7:00      0                   3              12        2              0              
4245437103118934934           3         8:00      3                   5              12        1              0              
4245437103118934934           3         9:00      1                   6              12        0              0              
4245437103118934934           3         10:00     2                   7              12        1              0              
4245437103118934934           3         11:00     4                   5              12        6              0              
4245437103118934934           3         12:00     0                   3              12        2              0              
4245437103118934934           3         13:00     3                   6              12        0              0              
4245437103118934934           3         14:00     2                   3              12        4              0              
4245437103118934934           3         15:00     1                   3              12        1              0              
4245437103118934934           3         16:00     3                   5              12        1              0              
4245437103118934934           3         17:00     0                   2              12        3              0              
4245437103118934934           3         18:00     5                   6              12        1              0              
4245437103118934934           3         19:00     3                   8              12        1              0              
4245437103118934934           3         20:00     5                   13             12        0              0              
4245437103118934934           3         21:00     1                   11             12        3              0              
4245437103118934934           3         22:00     5                   16             12        0              0              
4245437103118934934           3         23:00     4                   15             12        5              0              
4245437103118934934           4         0:00      2                   17             12        0              0              
4245437103118934934           4         1:00      5                   21             12        1              0              
4245437103118934934           4         2:00      3                   24             12        0              0              
4245437103118934934           4         3:00      4                   26             12        2              0              
4245437103118934934           4         4:00      4                   29             12        1              0              
4245437103118934934           4         5:00      3                   27             12        5              0              
4245437103118934934           4         6:00      1                   26             12        2              0              
4245437103118934934           4         7:00      4                   28             12        1              0              
4245437103118934934           4         8:00      5                   32             12        1              0              
4245437103118934934           4         9:00      3                   31             12        4              0              
4245437103118934934           4         10:00     5                   35             12        1              0              
4245437103118934934           4         11:00     3                   36             12        2              0              
4245437103118934934           4         12:00     4                   37             12        3              0              
4245437103118934934           4         13:00     4                   37             12        4              0              
4245437103118934934           4         14:00     4                   37             12        4              0              
4245437103118934934           4         15:00     1                   34             12        4              0              
4245437103118934934           4         16:00     2                   33             12        3              0              
4245437103118934934           4         17:00     2                   34             12        1              0              
4245437103118934934           4         18:00     5                   36             12        3              0              
4245437103118934934           4         19:00     3                   36             12        2              0              
4245437103118934934           4         20:00     1                   35             12        2              0              
4245437103118934934           4         21:00     0                   33             12        2              0              
4245437103118934934           4         22:00     4                   34             12        2              0              
4245437103118934934           4         23:00     1                   30             12        4              0              
4245437103118934934           5         0:00      3                   30             12        1              0              
4245437103118934934           5         1:00      2                   29             12        1              0              
4245437103118934934           5         2:00      2                   27             12        1              0              
4245437103118934934           5         3:00      2                   21             12        6              0              
4245437103118934934           5         4:00      3                   19             12        5              0              
4245437103118934934           5         5:00      2                   20             12        1              0              
4245437103118934934           5         6:00      5                   22             12        2              0              
4245437103118934934           5         7:00      3                   24             12        1              0              
4245437103118934934           5         8:00      5                   24             12        5              0              
4245437103118934934           5         9:00      0                   17             12        7              0              
4245437103118934934           5         10:00     3                   18             12        2              0              
4245437103118934934           5         11:00     5                   20             12        3              0              
4245437103118934934           5         12:00     3                   21             12        2              0              
4245437103118934934           5         13:00     3                   21             12        2              0              
4245437103118934934           5         14:00     4                   23             12        2              0              
4245437103118934934           5         15:00     0                   19             12        4              0              
4245437103118934934           5         16:00     5                   21             12        3              0              
4245437103118934934           5         17:00     1                   18             12        4              0              
4245437103118934934           5         18:00     4                   20             12        2              0              
4245437103118934934           5         19:00     2                   21             12        1              0              
4245437103118934934           5         20:00     2                   22             12        1              0              
4245437103118934934           5         21:00     1                   19             12        4              0              
4245437103118934934           5         22:00     0                   14             12        5              0              
4245437103118934934           5         23:00     3                   16             12        1              0              
4245437103118934934           6         0:00      5                   16             12        5              0              
4245437103118934934           6         1:00      0                   15             12        1              0              
4245437103118934934           6         2:00      1                   14             12        2              0              
4245437103118934934           6         3:00      1                   15             12        0              0              
4245437103118934934           6         4:00      5                   18             12        1              0              
4245437103118934934           6         5:00      5                   19             12        4              0              
4245437103118934934           6         6:00      0                   12             12        7              0              
4245437103118934934           6         7:00      5                   12             12        5              0              
4245437103118934934           6         8:00      0                   7              12        5              0              
4245437103118934934           6         9:00      3                   6              12        4              0              
4245437103118934934           6         10:00     0                   5              12        1              0              
4245437103118934934           6         11:00     2                   5              12        2              0              
4245437103118934934           6         12:00     3                   5              12        3              0              
4245437103118934934           6         13:00     1                   6              12        0              0              
4245437103118934934           6         14:00     1                   6              12        1              0              
4245437103118934934           6         15:00     2                   7              12        1              0              
4245437103118934934           6         16:00     4                   10             12        1              0              
4245437103118934934           6         17:00     0                   8              12        2              0              
4245437103118934934           6         18:00     2                   7              12        3              0              
4245437103118934934           6         19:00     0                   3              12        4              0              
4245437103118934934           6         20:00     1                   0              11        5              1              
4245437103118934934           6         21:00     1                   0              12        0              0              
4245437103118934934           6         22:00     5                   3              12        2              0              
4245437103118934934           6         23:00     4                   6              12        1              0              
4245437103118934934           7         0:00      0                   4              12        2              0              
4245437103118934934           7         1:00      4                   7              12        1              0              
4245437103118934934           7         2:00      5                   12             12        0              0              
4245437103118934934           7         3:00      4                   16             12        0              0              
4245437103118934934           7         4:00      4                   17             12        3              0              
4245437103118934934           7         5:00      0                   15             12        2              0              
4245437103118934934           7         6:00      5                   16             12        4              0              
4245437103118934934           7         7:00      0                   13             12        3              0              
4245437103118934934           7         8:00      2                   15             12        0              0              
4245437103118934934           7         9:00      2                   15             12        2              0              
4245437103118934934           7         10:00     4                   18             12        1              0              
4245437103118934934           7         11:00     5                   21             12        2              0              
4245437103118934934           7         12:00     1                   18             12        4              0              
4245437103118934934           7         13:00     3                   20             12        1              0              
4245437103118934934           7         14:00     4                   24             12        0              0              
4245437103118934934           7         15:00     5                   27             12        2              0              
4245437103118934934           7         16:00     1                   25             12        3              0              
4245437103118934934           7         17:00     1                   23             12        3              0              
4245437103118934934           7         18:00     5                   25             12        3              0              
4245437103118934934           7         19:00     1                   21             12        5              0              
4245437103118934934           7         20:00     2                   23             12        0              0              
4245437103118934934           7         21:00     1                   22             12        2              0              
4245437103118934934           7         22:00     5                   26             12        1              0              
4245437103118934934           7         23:00     4                   29             12        1              0              
4245437103118934934           8         0:00      4                   32             12        1              0              
4245437103118934934           8         1:00      5                   35             12        2              0              
4245437103118934934           8         2:00      4                   36             12        2              0              
4245437103118934934           8         3:00      4                   38             12        1              0              
4245437103118934934           8         4:00      2                   37             12        1              0              
4245437103118934934           8         5:00      3                   39             12        1              0              
4245437103118934934           8         6:00      2                   37             12        2              0              
4245437103118934934           8         7:00      1                   34             12        4              0              
4245437103118934934           8         8:00      2                   31             12        5              0              
4245437103118934934           8         9:00      0                   29             12        2              0              
4245437103118934934           8         10:00     0                   27             12        2              0              
4245437103118934934           8         11:00     2                   26             12        3              0              
4245437103118934934           8         12:00     2                   27             12        1              0              
4245437103118934934           8         13:00     0                   21             12        3              0              
4245437103118934934           8         14:00     3                   22             12        2              0              
4245437103118934934           8         15:00     1                   20             12        1              0              
4245437103118934934           8         16:00     4                   20             12        0              0              
4245437103118934934           8         17:00     4                   19             12        2              0              
4245437103118934934           8         18:00     3                   21             12        1              0              
4245437103118934934           8         19:00     4                   22             12        2              0              
4245437103118934934           8         20:00     5                   25             12        2              0              
4245437103118934934           8         21:00     3                   25             12        3              0              
4245437103118934934           8         22:00     5                   26             12        3              0              
4245437103118934934           8         23:00     5                   27             12        4              0              
4245437103118934934           9         0:00      1                   27             12        1              0              
4245437103118934934           9         1:00      0                   22             12        5              0              
4245437103118934934           9         2:00      0                   19             12        3              0              
4245437103118934934           9         3:00      1                   17             12        3              0              
4245437103118934934           9         4:00      2                   17             12        2              0              
4245437103118934934           9         5:00      4                   17             12        4              0              
4245437103118934934           9         6:00      1                   13             12        5              0              
4245437103118934934           9         7:00      0                   10             12        3              0              
4245437103118934934           9         8:00      4                   10             12        4              0              
4245437103118934934           9         9:00      5                   12             12        3              0              
4245437103118934934           9         10:00     1                   9              12        4              0              
4245437103118934934           9         11:00     4                   12             12        1              0              
4245437103118934934           9         12:00     3                   11             12        4              0              
4245437103118934934           9         13:00     5                   15             12        0              0              
4245437103118934934           9         14:00     3                   16             12        2              0              
4245437103118934934           9         15:00     1                   14             12        3              0              
4245437103118934934           9         16:00     3                   9              12        7              0              
4245437103118934934           9         17:00     2                   7              12        4              0              
4245437103118934934           9         18:00     2                   6              12        3              0              
4245437103118934934           9         19:00     1                   5              12        2              0              
4245437103118934934           9         20:00     2                   5              12        2              0              
4245437103118934934           9         21:00     2                   4              12        3              0              
4245437103118934934           9         22:00     5                   8              12        1              0              
4245437103118934934           9         23:00     4                   8              12        4              0              
4245437103118934934           10        0:00      0                   5              12        3              0              
4245437103118934934           10        1:00      2                   6              12        1              0              
4245437103118934934           10        2:00      4                   9              12        1              0              
4245437103118934934           10        3:00      1                   10             12        0              0              
4245437103118934934           10        4:00      1                   9              12        2              0              
4245437103118934934           10        5:00      5                   11             12        2              0              
4245437103118934934           10        6:00      4                   14             12        1              0              
4245437103118934934           10        7:00      5                   18             12        1              0              
4245437103118934934           10        8:00      0                   14             12        4              0              
4245437103118934934           10        9:00      2                   13             12        3              0              
4245437103118934934           10        10:00     2                   15             12        0              0              
4245437103118934934           10        11:00     3                   16             12        2              0              
4245437103118934934           10        12:00     2                   16             12        2              0              
4245437103118934934           10        13:00     1                   13             12        4              0              
4245437103118934934           10        14:00     1                   11             12        3              0              
4245437103118934934           10        15:00     3                   9              12        5              0              
4245437103118934934           10        16:00     0                   6              12        3              0              
4245437103118934934           10        17:00     4                   8              12        2              0              
4245437103118934934           10        18:00     1                   9              12        0              0              
4245437103118934934           10        19:00     2                   4              12        6              0              
4245437103118934934           10        20:00     1                   1              12        4              0              
4245437103118934934           10        21:00     0                   0              10        3              2              
4245437103118934934           10        22:00     0                   0              9         1              3              
4245437103118934934           10        23:00     3                   0              11        1              1              
4245437103118934934           11        0:00      0                   0              11        0              1              
4245437103118934934           11        1:00      1                   0              11        1              1              
4245437103118934934           11        2:00      4                   2              12        1              0              
4245437103118934934           11        3:00      2                   2              12        2              0              
4245437103118934934           11        4:00      1                   1              12        2              0              
4245437103118934934           11        5:00      4                   5              12        0              0              
4245437103118934934           11        6:00      4                   5              12        4              0              
4245437103118934934           11        7:00      1                   0              11        7              1              
4245437103118934934           11        8:00      0                   0              9         2              3              
4245437103118934934           11        9:00      1                   0              7         3              5              
4245437103118934934           11        10:00     1                   0              6         2              6              
4245437103118934934           11        11:00     4                   0              9         1              3              
4245437103118934934           11        12:00     1                   0              8         2              4              
4245437103118934934           11        13:00     0                   0              5         3              7              
4245437103118934934           11        14:00     1                   0              5         1              7              
4245437103118934934           11        15:00     0                   0              5         0              7              
4245437103118934934           11        16:00     2                   0              6         1              6              
4245437103118934934           11        17:00     4                   0              6         4              6              
4245437103118934934           11        18:00     5                   0              7         4              5              
4245437103118934934           11        19:00     5                   0              10        2              2              
4245437103118934934           11        20:00     5                   0              12        3              0              
4245437103118934934           11        21:00     4                   3              12        1              0              
4245437103118934934           11        22:00     5                   3              12        5              0              
4245437103118934934           11        23:00     2                   5              12        0              0              
4245437103118934934           12        0:00      2                   7              12        0              0              
4245437103118934934           12        1:00      0                   0              12        7              0              
4245437103118934934           12        2:00      5                   2              12        3              0              
4245437103118934934           12        3:00      3                   3              12        2              0              
4245437103118934934           12        4:00      1                   4              12        0              0              
4245437103118934934           12        5:00      3                   5              12        2              0              
4245437103118934934           12        6:00      4                   7              12        2              0              
4245437103118934934           12        7:00      3                   8              12        2              0              
4245437103118934934           12        8:00      3                   8              12        3              0              
4245437103118934934           12        9:00      3                   9              12        2              0              
4245437103118934934           12        10:00     0                   8              12        1              0              
4245437103118934934           12        11:00     4                   9              12        3              0              
4245437103118934934           12        12:00     2                   11             12        0              0              
4245437103118934934           12        13:00     0                   9              12        2              0              
4245437103118934934           12        14:00     3                   9              12        3              0              
4245437103118934934           12        15:00     0                   6              12        3              0              
4245437103118934934           12        16:00     5                   11             12        0              0              
4245437103118934934           12        17:00     0                   11             12        0              0              
4245437103118934934           12        18:00     3                   12             12        2              0              
4245437103118934934           12        19:00     1                   10             12        3              0              
4245437103118934934           12        20:00     5                   11             12        4              0              
4245437103118934934           12        21:00     1                   12             12        0              0              
4245437103118934934           12        22:00     4                   15             12        1              0              
4245437103118934934           12        23:00     1                   15             12        1              0              
4245437103118934934           13        0:00      2                   15             12        2              0              
4245437103118934934           13        1:00      0                   13             12        2              0              
4245437103118934934           13        2:00      1                   10             12        4              0              
4245437103118934934           13        3:00      2                   8              12        4              0              
4245437103118934934           13        4:00      4                   10             12        2              0              
4245437103118934934           13        5:00      4                   11             12        3              0              
4245437103118934934           13        6:00      1                   8              12        4              0              
4245437103118934934           13        7:00      2                   8              12        2              0              
4245437103118934934           13        8:00      5                   10             12        3              0              
4245437103118934934           13        9:00      0                   9              12        1              0              
4245437103118934934           13        10:00     1                   2              12        8              0              
4245437103118934934           13        11:00     2                   0              11        5              1              
4245437103118934934           13        12:00     1                   0              10        2              2              
4245437103118934934           13        13:00     1                   0              10        1              2              
4245437103118934934           13        14:00     2                   0              10        2              2              
4245437103118934934           13        15:00     4                   1              12        1              0              
4245437103118934934           13        16:00     5                   3              12        3              0              
4245437103118934934           13        17:00     4                   6              12        1              0              
4245437103118934934           13        18:00     1                   6              12        1              0              
4245437103118934934           13        19:00     1                   2              12        5              0              
4245437103118934934           13        20:00     1                   0              12        2              0              
4245437103118934934           13        21:00     2                   0              12        2              0              
4245437103118934934           13        22:00     1                   0              8         5              4              
4245437103118934934           13        23:00     4                   0              10        2              2              
4245437103118934934           14        0:00      5                   2              12        1              0              
4245437103118934934           14        1:00      0                   0              10        4              2              
4245437103118934934           14        2:00      1                   0              9         2              3              
4245437103118934934           14        3:00      4                   0              11        2              1              
4245437103118934934           14        4:00      0                   0              11        0              1              
4245437103118934934           14        5:00      2                   0              10        1              2              
4245437103118934934           14        6:00      4                   0              11        3              1              
4245437103118934934           14        7:00      1                   0              8         4              4              
4245437103118934934           14        8:00      4                   0              10        2              2              
4245437103118934934           14        9:00      3                   0              9         3              3              
4245437103118934934           14        10:00     2                   0              11        0              1              
4245437103118934934           14        11:00     4                   2              12        1              0              
4245437103118934934           14        12:00     4                   4              12        2              0              
4245437103118934934           14        13:00     3                   5              12        2              0              
4245437103118934934           14        14:00     3                   5              12        2              0              
4245437103118934934           14        15:00     4                   6              12        3              0              
4245437103118934934           14        16:00     3                   8              12        0              0              
4245437103118934934           14        17:00     1                   7              12        2              0              
4245437103118934934           14        18:00     0                   7              12        0              0              
4245437103118934934           14        19:00     5                   11             12        1              0              
4245437103118934934           14        20:00     3                   12             12        2              0              
4245437103118934934           14        21:00     3                   9              12        6              0              
4245437103118934934           14        22:00     5                   10             12        4              0              
4245437103118934934           14        23:00     4                   10             12        4              0              
4245437103118934934           15        0:00      5                   12             12        3              0              
4245437103118934934           15        1:00      2                   11             12        3              0              
4245437103118934934           15        2:00      5                   14             12        1              0              
4245437103118934934           15        3:00      3                   17             12        0              0              
4245437103118934934           15        4:00      5                   19             12        3              0              
4245437103118934934           15        5:00      2                   20             12        1              0              
4245437103118934934           15        6:00      1                   21             12        0              0              
4245437103118934934           15        7:00      1                   20             12        2              0              
4245437103118934934           15        8:00      4                   22             12        2              0              
4245437103118934934           15        9:00      3                   22             12        3              0              
4245437103118934934           15        10:00     3                   23             12        2              0              
4245437103118934934           15        11:00     0                   19             12        4              0              
4245437103118934934           15        12:00     5                   22             12        1              0              
4245437103118934934           15        13:00     1                   21             12        2              0              
4245437103118934934           15        14:00     0                   19             12        2              0              
4245437103118934934           15        15:00     0                   17             12        2              0              
4245437103118934934           15        16:00     0                   17             12        0              0              
4245437103118934934           15        17:00     5                   22             12        0              0              
4245437103118934934           15        18:00     0                   21             12        0              0              
4245437103118934934           15        19:00     4                   24             12        1              0              
4245437103118934934           15        20:00     5                   26             12        3              0              
4245437103118934934           15        21:00     1                   22             12        4              0              
4245437103118934934           15        22:00     2                   22             12        2              0              
4245437103118934934           15        23:00     0                   17             12        5              0              
