Sim_N                         Day       Time      New_Patients        Waiting        Assigned  Discharged     Beds_Avail_EOH 
2254927811037076307           1         0:00      3                   0              1         0              11             
2254927811037076307           1         1:00      3                   0              2         2              10             
2254927811037076307           1         2:00      1                   0              2         1              10             
2254927811037076307           1         3:00      5                   0              6         1              6              
2254927811037076307           1         4:00      4                   0              10        0              2              
2254927811037076307           1         5:00      3                   0              7         6              5              
2254927811037076307           1         6:00      5                   0              6         4              6              
2254927811037076307           1         7:00      2                   0              7         1              5              
2254927811037076307           1         8:00      3                   0              7         3              5              
2254927811037076307           1         9:00      2                   0              8         1              4              
2254927811037076307           1         10:00     5                   1              12        0              0              
2254927811037076307           1         11:00     5                   4              12        2              0              
2254927811037076307           1         12:00     1                   4              12        1              0              
2254927811037076307           1         13:00     4                   8              12        0              0              
2254927811037076307           1         14:00     0                   7              12        1              0              
2254927811037076307           1         15:00     2                   8              12        1              0              
2254927811037076307           1         16:00     1                   9              12        0              0              
2254927811037076307           1         17:00     2                   10             12        1              0              
2254927811037076307           1         18:00     0                   7              12        3              0              
2254927811037076307           1         19:00     3                   7              12        3              0              
2254927811037076307           1         20:00     3                   9              12        1              0              
2254927811037076307           1         21:00     2                   7              12        4              0              
2254927811037076307           1         22:00     5                   9              12        3              0              
2254927811037076307           1         23:00     5                   12             12        2              0              
2254927811037076307           2         0:00      3                   13             12        2              0              
2254927811037076307           2         1:00      0                   10             12        3              0              
2254927811037076307           2         2:00      5                   11             12        4              0              
2254927811037076307           2         3:00      5                   12             12        4              0              
2254927811037076307           2         4:00      5                   14             12        3              0              
2254927811037076307           2         5:00      3                   14             12        3              0              
2254927811037076307           2         6:00      1                   12             12        3              0              
2254927811037076307           2         7:00      4                   14             12        1              0              
2254927811037076307           2         8:00      2                   15             12        1              0              
2254927811037076307           2         9:00      2                   12             12        4              0              
2254927811037076307           2         10:00     5                   14             12        3              0              
2254927811037076307           2         11:00     3                   14             12        3              0              
2254927811037076307           2         12:00     0                   10             12        4              0              
2254927811037076307           2         13:00     0                   7              12        3              0              
2254927811037076307           2         14:00     0                   3              12        4              0              
2254927811037076307           2         15:00     1                   3              12        1              0              
2254927811037076307           2         16:00     3                   3              12        3              0              
2254927811037076307           2         17:00     5                   5              12        3              0              
2254927811037076307           2         18:00     3                   6              12        2              0              
2254927811037076307           2         19:00     5                   9              12        2              0              
2254927811037076307           2         20:00     3                   10             12        2              0              
2254927811037076307           2         21:00     5                   12             12        3              0              
2254927811037076307           2         22:00     1                   9              12        4              0              
2254927811037076307           2         23:00     2                   11             12        0              0              
2254927811037076307           3         0:00      3                   10             12        4              0              
2254927811037076307           3         1:00      4                   12             12        2              0              
2254927811037076307           3         2:00      0                   11             12        1              0              
2254927811037076307           3         3:00      3                   14             12        0              0              
2254927811037076307           3         4:00      4                   16             12        1              0              
2254927811037076307           3         5:00      2                   17             12        1              0              
2254927811037076307           3         6:00      4                   17             12        3              0              
2254927811037076307           3         7:00      2                   16             12        3              0              
2254927811037076307           3         8:00      0                   12             12        4              0              
2254927811037076307           3         9:00      3                   10             12        5              0              
2254927811037076307           3         10:00     1                   9              12        2              0              
2254927811037076307           3         11:00     5                   8              12        5              0              
2254927811037076307           3         12:00     5                   7              12        6              0              
2254927811037076307           3         13:00     1                   4              12        4              0              
2254927811037076307           3         14:00     1                   5              12        0              0              
2254927811037076307           3         15:00     3                   6              12        2              0              
2254927811037076307           3         16:00     5                   8              12        2              0              
2254927811037076307           3         17:00     5                   10             12        3              0              
2254927811037076307           3         18:00     4                   12             12        2              0              
2254927811037076307           3         19:00     2                   13             12        1              0              
2254927811037076307           3         20:00     5                   10             12        8              0              
2254927811037076307           3         21:00     4                   14             12        0              0              
2254927811037076307           3         22:00     2                   15             12        1              0              
2254927811037076307           3         23:00     4                   15             12        4              0              
2254927811037076307           4         0:00      1                   14             12        2              0              
2254927811037076307           4         1:00      1                   15             12        0              0              
2254927811037076307           4         2:00      3                   17             12        1              0              
2254927811037076307           4         3:00      5                   21             12        1              0              
2254927811037076307           4         4:00      0                   21             12        0              0              
2254927811037076307           4         5:00      2                   22             12        1              0              
2254927811037076307           4         6:00      5                   24             12        3              0              
2254927811037076307           4         7:00      0                   20             12        4              0              
2254927811037076307           4         8:00      0                   19             12        1              0              
2254927811037076307           4         9:00      1                   19             12        1              0              
2254927811037076307           4         10:00     4                   16             12        6              0              
2254927811037076307           4         11:00     4                   14             12        5              0              
2254927811037076307           4         12:00     2                   14             12        2              0              
2254927811037076307           4         13:00     3                   14             12        3              0              
2254927811037076307           4         14:00     4                   15             12        3              0              
2254927811037076307           4         15:00     4                   17             12        2              0              
2254927811037076307           4         16:00     4                   20             12        1              0              
2254927811037076307           4         17:00     4                   22             12        1              0              
2254927811037076307           4         18:00     0                   19             12        3              0              
2254927811037076307           4         19:00     3                   20             12        2              0              
2254927811037076307           4         20:00     4                   22             12        2              0              
2254927811037076307           4         21:00     1                   21             12        2              0              
2254927811037076307           4         22:00     1                   19             12        3              0              
2254927811037076307           4         23:00     3                   21             12        1              0              
2254927811037076307           5         0:00      0                   20             12        1              0              
2254927811037076307           5         1:00      0                   18             12        2              0              
2254927811037076307           5         2:00      1                   17             12        2              0              
2254927811037076307           5         3:00      0                   12             12        5              0              
2254927811037076307           5         4:00      3                   13             12        2              0              
2254927811037076307           5         5:00      2                   12             12        3              0              
2254927811037076307           5         6:00      0                   11             12        1              0              
2254927811037076307           5         7:00      4                   13             12        2              0              
2254927811037076307           5         8:00      3                   14             12        2              0              
2254927811037076307           5         9:00      3                   12             12        4              0              
2254927811037076307           5         10:00     5                   15             12        2              0              
2254927811037076307           5         11:00     5                   19             12        1              0              
2254927811037076307           5         12:00     0                   18             12        1              0              
2254927811037076307           5         13:00     3                   16             12        5              0              
2254927811037076307           5         14:00     5                   20             12        1              0              
2254927811037076307           5         15:00     3                   20             12        3              0              
2254927811037076307           5         16:00     5                   25             12        0              0              
2254927811037076307           5         17:00     3                   24             12        4              0              
2254927811037076307           5         18:00     4                   25             12        3              0              
2254927811037076307           5         19:00     4                   26             12        2              0              
2254927811037076307           5         20:00     1                   25             12        2              0              
2254927811037076307           5         21:00     1                   25             12        1              0              
2254927811037076307           5         22:00     5                   27             12        3              0              
2254927811037076307           5         23:00     4                   31             12        0              0              
2254927811037076307           6         0:00      3                   30             12        4              0              
2254927811037076307           6         1:00      2                   28             12        4              0              
2254927811037076307           6         2:00      1                   27             12        2              0              
2254927811037076307           6         3:00      3                   28             12        1              0              
2254927811037076307           6         4:00      5                   31             12        2              0              
2254927811037076307           6         5:00      4                   31             12        4              0              
2254927811037076307           6         6:00      0                   31             12        0              0              
2254927811037076307           6         7:00      2                   31             12        1              0              
2254927811037076307           6         8:00      4                   31             12        3              0              
2254927811037076307           6         9:00      2                   31             12        2              0              
2254927811037076307           6         10:00     2                   31             12        2              0              
2254927811037076307           6         11:00     2                   30             12        3              0              
2254927811037076307           6         12:00     1                   27             12        3              0              
2254927811037076307           6         13:00     0                   24             12        3              0              
2254927811037076307           6         14:00     5                   25             12        3              0              
2254927811037076307           6         15:00     2                   26             12        1              0              
2254927811037076307           6         16:00     4                   29             12        1              0              
2254927811037076307           6         17:00     1                   25             12        4              0              
2254927811037076307           6         18:00     5                   27             12        2              0              
2254927811037076307           6         19:00     3                   28             12        2              0              
2254927811037076307           6         20:00     5                   30             12        2              0              
2254927811037076307           6         21:00     5                   34             12        0              0              
2254927811037076307           6         22:00     5                   37             12        1              0              
2254927811037076307           6         23:00     5                   40             12        0              0              
2254927811037076307           7         0:00      0                   37             12        2              0              
2254927811037076307           7         1:00      3                   37             12        3              0              
2254927811037076307           7         2:00      0                   35             12        2              0              
2254927811037076307           7         3:00      4                   35             12        4              0              
2254927811037076307           7         4:00      0                   32             12        3              0              
2254927811037076307           7         5:00      2                   31             12        3              0              
2254927811037076307           7         6:00      1                   29             12        3              0              
2254927811037076307           7         7:00      5                   30             12        4              0              
2254927811037076307           7         8:00      5                   33             12        1              0              
2254927811037076307           7         9:00      5                   35             12        2              0              
2254927811037076307           7         10:00     4                   36             12        3              0              
2254927811037076307           7         11:00     2                   32             12        2              0              
2254927811037076307           7         12:00     1                   30             12        3              0              
2254927811037076307           7         13:00     1                   29             12        2              0              
2254927811037076307           7         14:00     4                   30             12        3              0              
2254927811037076307           7         15:00     1                   29             12        2              0              
2254927811037076307           7         16:00     0                   27             12        2              0              
2254927811037076307           7         17:00     5                   32             12        0              0              
2254927811037076307           7         18:00     3                   28             12        7              0              
2254927811037076307           7         19:00     0                   27             12        1              0              
2254927811037076307           7         20:00     1                   26             12        2              0              
2254927811037076307           7         21:00     3                   25             12        4              0              
2254927811037076307           7         22:00     3                   25             12        2              0              
2254927811037076307           7         23:00     1                   22             12        3              0              
2254927811037076307           8         0:00      3                   22             12        3              0              
2254927811037076307           8         1:00      3                   24             12        1              0              
2254927811037076307           8         2:00      3                   26             12        1              0              
2254927811037076307           8         3:00      1                   26             12        1              0              
2254927811037076307           8         4:00      1                   23             12        4              0              
2254927811037076307           8         5:00      5                   25             12        2              0              
2254927811037076307           8         6:00      5                   23             12        7              0              
2254927811037076307           8         7:00      0                   20             12        3              0              
2254927811037076307           8         8:00      1                   19             12        2              0              
2254927811037076307           8         9:00      0                   15             12        4              0              
2254927811037076307           8         10:00     5                   18             12        2              0              
2254927811037076307           8         11:00     4                   20             12        2              0              
2254927811037076307           8         12:00     4                   20             12        4              0              
2254927811037076307           8         13:00     5                   24             12        1              0              
2254927811037076307           8         14:00     2                   24             12        2              0              
2254927811037076307           8         15:00     3                   27             12        0              0              
2254927811037076307           8         16:00     3                   27             12        3              0              
2254927811037076307           8         17:00     5                   31             12        1              0              
2254927811037076307           8         18:00     5                   33             12        2              0              
2254927811037076307           8         19:00     5                   37             12        1              0              
2254927811037076307           8         20:00     2                   35             12        4              0              
2254927811037076307           8         21:00     2                   35             12        2              0              
2254927811037076307           8         22:00     0                   33             12        2              0              
2254927811037076307           8         23:00     5                   33             12        5              0              
2254927811037076307           9         0:00      3                   33             12        3              0              
2254927811037076307           9         1:00      3                   33             12        3              0              
2254927811037076307           9         2:00      0                   27             12        6              0              
2254927811037076307           9         3:00      0                   26             12        1              0              
2254927811037076307           9         4:00      1                   24             12        3              0              
2254927811037076307           9         5:00      2                   25             12        1              0              
2254927811037076307           9         6:00      1                   21             12        5              0              
2254927811037076307           9         7:00      3                   23             12        1              0              
2254927811037076307           9         8:00      2                   21             12        3              0              
2254927811037076307           9         9:00      0                   20             12        1              0              
2254927811037076307           9         10:00     0                   17             12        3              0              
2254927811037076307           9         11:00     0                   15             12        2              0              
2254927811037076307           9         12:00     4                   16             12        3              0              
2254927811037076307           9         13:00     3                   14             12        4              0              
2254927811037076307           9         14:00     2                   11             12        5              0              
2254927811037076307           9         15:00     3                   13             12        1              0              
2254927811037076307           9         16:00     2                   9              12        6              0              
2254927811037076307           9         17:00     1                   7              12        3              0              
2254927811037076307           9         18:00     3                   9              12        1              0              
2254927811037076307           9         19:00     1                   8              12        2              0              
2254927811037076307           9         20:00     3                   8              12        3              0              
2254927811037076307           9         21:00     4                   11             12        1              0              
2254927811037076307           9         22:00     1                   9              12        3              0              
2254927811037076307           9         23:00     3                   9              12        3              0              
2254927811037076307           10        0:00      3                   12             12        0              0              
2254927811037076307           10        1:00      3                   12             12        3              0              
2254927811037076307           10        2:00      0                   11             12        1              0              
2254927811037076307           10        3:00      2                   8              12        5              0              
2254927811037076307           10        4:00      5                   9              12        3              0              
2254927811037076307           10        5:00      5                   12             12        2              0              
2254927811037076307           10        6:00      0                   11             12        1              0              
2254927811037076307           10        7:00      1                   7              12        5              0              
2254927811037076307           10        8:00      0                   4              12        3              0              
2254927811037076307           10        9:00      0                   0              9         7              3              
2254927811037076307           10        10:00     3                   0              9         3              3              
2254927811037076307           10        11:00     1                   0              6         4              6              
2254927811037076307           10        12:00     0                   0              3         3              9              
2254927811037076307           10        13:00     0                   0              3         0              9              
2254927811037076307           10        14:00     1                   0              4         0              8              
2254927811037076307           10        15:00     5                   0              7         1              5              
2254927811037076307           10        16:00     4                   0              10        1              2              
2254927811037076307           10        17:00     0                   0              8         2              4              
2254927811037076307           10        18:00     3                   0              9         2              3              
2254927811037076307           10        19:00     0                   0              9         0              3              
2254927811037076307           10        20:00     2                   0              11        0              1              
2254927811037076307           10        21:00     1                   0              12        0              0              
2254927811037076307           10        22:00     3                   0              12        3              0              
2254927811037076307           10        23:00     3                   0              11        4              1              
2254927811037076307           11        0:00      3                   0              10        4              2              
2254927811037076307           11        1:00      0                   0              9         1              3              
2254927811037076307           11        2:00      3                   0              10        2              2              
2254927811037076307           11        3:00      0                   0              8         2              4              
2254927811037076307           11        4:00      4                   0              10        1              2              
2254927811037076307           11        5:00      5                   1              12        2              0              
2254927811037076307           11        6:00      2                   1              12        2              0              
2254927811037076307           11        7:00      4                   2              12        3              0              
2254927811037076307           11        8:00      0                   0              12        2              0              
2254927811037076307           11        9:00      2                   0              12        2              0              
2254927811037076307           11        10:00     5                   1              12        4              0              
2254927811037076307           11        11:00     3                   4              12        0              0              
2254927811037076307           11        12:00     1                   2              12        3              0              
2254927811037076307           11        13:00     2                   4              12        0              0              
2254927811037076307           11        14:00     5                   6              12        3              0              
2254927811037076307           11        15:00     3                   5              12        4              0              
2254927811037076307           11        16:00     0                   3              12        2              0              
2254927811037076307           11        17:00     0                   0              12        3              0              
2254927811037076307           11        18:00     5                   1              12        3              0              
2254927811037076307           11        19:00     2                   1              12        2              0              
2254927811037076307           11        20:00     0                   0              9         4              3              
2254927811037076307           11        21:00     1                   0              8         2              4              
2254927811037076307           11        22:00     0                   0              8         0              4              
2254927811037076307           11        23:00     2                   0              9         1              3              
2254927811037076307           12        0:00      2                   0              6         5              6              
2254927811037076307           12        1:00      3                   0              9         0              3              
2254927811037076307           12        2:00      0                   0              8         1              4              
2254927811037076307           12        3:00      2                   0              9         1              3              
2254927811037076307           12        4:00      2                   0              10        1              2              
2254927811037076307           12        5:00      1                   0              10        1              2              
2254927811037076307           12        6:00      5                   2              12        1              0              
2254927811037076307           12        7:00      1                   1              12        2              0              
2254927811037076307           12        8:00      1                   1              12        1              0              
2254927811037076307           12        9:00      5                   3              12        3              0              
2254927811037076307           12        10:00     3                   4              12        2              0              
2254927811037076307           12        11:00     1                   3              12        2              0              
2254927811037076307           12        12:00     4                   5              12        2              0              
2254927811037076307           12        13:00     2                   7              12        0              0              
2254927811037076307           12        14:00     2                   7              12        2              0              
2254927811037076307           12        15:00     2                   9              12        0              0              
2254927811037076307           12        16:00     1                   8              12        2              0              
2254927811037076307           12        17:00     4                   8              12        4              0              
2254927811037076307           12        18:00     3                   7              12        4              0              
2254927811037076307           12        19:00     3                   4              12        6              0              
2254927811037076307           12        20:00     4                   4              12        4              0              
2254927811037076307           12        21:00     0                   1              12        3              0              
2254927811037076307           12        22:00     1                   0              10        4              2              
2254927811037076307           12        23:00     4                   1              12        1              0              
2254927811037076307           13        0:00      1                   0              10        4              2              
2254927811037076307           13        1:00      4                   0              12        1              0              
2254927811037076307           13        2:00      3                   2              12        1              0              
2254927811037076307           13        3:00      4                   5              12        1              0              
2254927811037076307           13        4:00      2                   7              12        0              0              
2254927811037076307           13        5:00      4                   10             12        1              0              
2254927811037076307           13        6:00      0                   8              12        2              0              
2254927811037076307           13        7:00      1                   7              12        2              0              
2254927811037076307           13        8:00      3                   7              12        3              0              
2254927811037076307           13        9:00      5                   9              12        3              0              
2254927811037076307           13        10:00     0                   5              12        4              0              
2254927811037076307           13        11:00     3                   6              12        2              0              
2254927811037076307           13        12:00     4                   10             12        0              0              
2254927811037076307           13        13:00     1                   6              12        5              0              
2254927811037076307           13        14:00     5                   10             12        1              0              
2254927811037076307           13        15:00     3                   11             12        2              0              
2254927811037076307           13        16:00     2                   8              12        5              0              
2254927811037076307           13        17:00     5                   11             12        2              0              
2254927811037076307           13        18:00     0                   9              12        2              0              
2254927811037076307           13        19:00     4                   9              12        4              0              
2254927811037076307           13        20:00     4                   13             12        0              0              
2254927811037076307           13        21:00     0                   10             12        3              0              
2254927811037076307           13        22:00     4                   12             12        2              0              
2254927811037076307           13        23:00     0                   8              12        4              0              
2254927811037076307           14        0:00      4                   8              12        4              0              
2254927811037076307           14        1:00      2                   7              12        3              0              
2254927811037076307           14        2:00      5                   8              12        3              0              
2254927811037076307           14        3:00      0                   5              12        3              0              
2254927811037076307           14        4:00      1                   3              12        3              0              
2254927811037076307           14        5:00      1                   0              12        4              0              
2254927811037076307           14        6:00      4                   2              12        2              0              
2254927811037076307           14        7:00      0                   1              12        1              0              
2254927811037076307           14        8:00      0                   0              9         4              3              
2254927811037076307           14        9:00      2                   0              7         4              5              
2254927811037076307           14        10:00     3                   0              9         1              3              
2254927811037076307           14        11:00     1                   0              7         3              5              
2254927811037076307           14        12:00     0                   0              7         0              5              
2254927811037076307           14        13:00     5                   0              10        2              2              
2254927811037076307           14        14:00     1                   0              7         4              5              
2254927811037076307           14        15:00     5                   0              9         3              3              
2254927811037076307           14        16:00     4                   0              10        3              2              
2254927811037076307           14        17:00     4                   0              12        1              0              
2254927811037076307           14        18:00     1                   0              11        2              1              
2254927811037076307           14        19:00     2                   0              12        1              0              
2254927811037076307           14        20:00     1                   0              12        1              0              
2254927811037076307           14        21:00     4                   1              12        3              0              
2254927811037076307           14        22:00     2                   0              12        3              0              
2254927811037076307           14        23:00     4                   4              12        0              0              
2254927811037076307           15        0:00      3                   6              12        1              0              
2254927811037076307           15        1:00      1                   7              12        0              0              
2254927811037076307           15        2:00      1                   5              12        3              0              
2254927811037076307           15        3:00      3                   4              12        4              0              
2254927811037076307           15        4:00      2                   5              12        1              0              
2254927811037076307           15        5:00      4                   3              12        6              0              
2254927811037076307           15        6:00      1                   3              12        1              0              
2254927811037076307           15        7:00      3                   0              12        6              0              
2254927811037076307           15        8:00      5                   5              12        0              0              
2254927811037076307           15        9:00      3                   8              12        0              0              
2254927811037076307           15        10:00     4                   8              12        4              0              
2254927811037076307           15        11:00     4                   8              12        4              0              
2254927811037076307           15        12:00     2                   9              12        1              0              
2254927811037076307           15        13:00     3                   11             12        1              0              
2254927811037076307           15        14:00     2                   12             12        1              0              
2254927811037076307           15        15:00     2                   13             12        1              0              
2254927811037076307           15        16:00     4                   16             12        1              0              
2254927811037076307           15        17:00     2                   15             12        3              0              
2254927811037076307           15        18:00     4                   18             12        1              0              
2254927811037076307           15        19:00     2                   18             12        2              0              
2254927811037076307           15        20:00     3                   18             12        3              0              
2254927811037076307           15        21:00     1                   16             12        3              0              
2254927811037076307           15        22:00     3                   15             12        4              0              
2254927811037076307           15        23:00     2                   14             12        3              0              
