Sim_N                         Day       Time      New_Patients        Waiting        Assigned  Discharged     Beds_Avail_EOH 
6492264939698352172           1         0:00      5                   0              5         0              7              
6492264939698352172           1         1:00      3                   0              6         2              6              
6492264939698352172           1         2:00      5                   0              9         1              3              
6492264939698352172           1         3:00      1                   0              10        0              2              
6492264939698352172           1         4:00      2                   0              10        2              2              
6492264939698352172           1         5:00      2                   0              9         3              3              
6492264939698352172           1         6:00      1                   0              8         2              4              
6492264939698352172           1         7:00      3                   0              11        0              1              
6492264939698352172           1         8:00      2                   0              11        2              1              
6492264939698352172           1         9:00      2                   0              11        2              1              
6492264939698352172           1         10:00     1                   0              11        1              1              
6492264939698352172           1         11:00     3                   1              12        1              0              
6492264939698352172           1         12:00     4                   1              12        4              0              
6492264939698352172           1         13:00     1                   0              11        3              1              
6492264939698352172           1         14:00     4                   0              12        2              0              
6492264939698352172           1         15:00     4                   1              12        3              0              
6492264939698352172           1         16:00     0                   1              12        0              0              
6492264939698352172           1         17:00     2                   0              12        3              0              
6492264939698352172           1         18:00     5                   2              12        3              0              
6492264939698352172           1         19:00     0                   0              11        3              1              
6492264939698352172           1         20:00     2                   0              11        2              1              
6492264939698352172           1         21:00     5                   3              12        1              0              
6492264939698352172           1         22:00     0                   2              12        1              0              
6492264939698352172           1         23:00     3                   4              12        0              0              
6492264939698352172           2         0:00      0                   2              12        2              0              
6492264939698352172           2         1:00      2                   2              12        2              0              
6492264939698352172           2         2:00      2                   2              12        2              0              
6492264939698352172           2         3:00      4                   5              12        1              0              
6492264939698352172           2         4:00      3                   8              12        0              0              
6492264939698352172           2         5:00      0                   7              12        1              0              
6492264939698352172           2         6:00      1                   7              12        1              0              
6492264939698352172           2         7:00      4                   10             12        1              0              
6492264939698352172           2         8:00      2                   10             12        2              0              
6492264939698352172           2         9:00      0                   6              12        4              0              
6492264939698352172           2         10:00     5                   5              12        6              0              
6492264939698352172           2         11:00     1                   1              12        5              0              
6492264939698352172           2         12:00     0                   0              9         4              3              
6492264939698352172           2         13:00     3                   0              12        0              0              
6492264939698352172           2         14:00     0                   0              10        2              2              
6492264939698352172           2         15:00     2                   0              8         4              4              
6492264939698352172           2         16:00     2                   0              9         1              3              
6492264939698352172           2         17:00     0                   0              6         3              6              
6492264939698352172           2         18:00     1                   0              5         2              7              
6492264939698352172           2         19:00     2                   0              5         1              7              
6492264939698352172           2         20:00     5                   0              9         1              3              
6492264939698352172           2         21:00     4                   0              11        2              1              
6492264939698352172           2         22:00     4                   1              12        2              0              
6492264939698352172           2         23:00     5                   5              12        1              0              
6492264939698352172           3         0:00      5                   8              12        2              0              
6492264939698352172           3         1:00      2                   8              12        1              0              
6492264939698352172           3         2:00      0                   5              12        3              0              
6492264939698352172           3         3:00      5                   7              12        3              0              
6492264939698352172           3         4:00      2                   5              12        4              0              
6492264939698352172           3         5:00      2                   5              12        2              0              
6492264939698352172           3         6:00      4                   7              12        1              0              
6492264939698352172           3         7:00      0                   3              12        4              0              
6492264939698352172           3         8:00      5                   4              12        4              0              
6492264939698352172           3         9:00      4                   8              12        0              0              
6492264939698352172           3         10:00     5                   12             12        1              0              
6492264939698352172           3         11:00     0                   8              12        4              0              
6492264939698352172           3         12:00     4                   8              12        3              0              
6492264939698352172           3         13:00     5                   8              12        5              0              
6492264939698352172           3         14:00     0                   7              12        1              0              
6492264939698352172           3         15:00     5                   9              12        2              0              
6492264939698352172           3         16:00     0                   7              12        2              0              
6492264939698352172           3         17:00     1                   7              12        1              0              
6492264939698352172           3         18:00     5                   9              12        3              0              
6492264939698352172           3         19:00     0                   7              12        2              0              
6492264939698352172           3         20:00     2                   9              12        0              0              
6492264939698352172           3         21:00     2                   11             12        0              0              
6492264939698352172           3         22:00     1                   11             12        1              0              
6492264939698352172           3         23:00     5                   14             12        2              0              
6492264939698352172           4         0:00      0                   12             12        2              0              
6492264939698352172           4         1:00      0                   10             12        2              0              
6492264939698352172           4         2:00      2                   5              12        6              0              
6492264939698352172           4         3:00      0                   3              12        2              0              
6492264939698352172           4         4:00      1                   0              12        4              0              
6492264939698352172           4         5:00      5                   4              12        1              0              
6492264939698352172           4         6:00      3                   4              12        3              0              
6492264939698352172           4         7:00      1                   3              12        2              0              
6492264939698352172           4         8:00      2                   2              12        3              0              
6492264939698352172           4         9:00      0                   2              12        0              0              
6492264939698352172           4         10:00     3                   3              12        2              0              
6492264939698352172           4         11:00     0                   0              12        3              0              
6492264939698352172           4         12:00     0                   0              11        1              1              
6492264939698352172           4         13:00     0                   0              9         2              3              
6492264939698352172           4         14:00     0                   0              7         2              5              
6492264939698352172           4         15:00     3                   0              8         2              4              
6492264939698352172           4         16:00     1                   0              6         3              6              
6492264939698352172           4         17:00     1                   0              4         3              8              
6492264939698352172           4         18:00     2                   0              4         2              8              
6492264939698352172           4         19:00     3                   0              4         3              8              
6492264939698352172           4         20:00     3                   0              7         0              5              
6492264939698352172           4         21:00     3                   0              9         1              3              
6492264939698352172           4         22:00     0                   0              8         1              4              
6492264939698352172           4         23:00     0                   0              7         1              5              
6492264939698352172           5         0:00      5                   0              11        0              1              
6492264939698352172           5         1:00      5                   1              12        2              0              
6492264939698352172           5         2:00      0                   1              12        0              0              
6492264939698352172           5         3:00      2                   1              12        2              0              
6492264939698352172           5         4:00      3                   1              12        3              0              
6492264939698352172           5         5:00      3                   3              12        1              0              
6492264939698352172           5         6:00      1                   0              12        4              0              
6492264939698352172           5         7:00      1                   0              10        3              2              
6492264939698352172           5         8:00      2                   0              10        2              2              
6492264939698352172           5         9:00      3                   0              11        2              1              
6492264939698352172           5         10:00     3                   0              12        2              0              
6492264939698352172           5         11:00     4                   0              11        5              1              
6492264939698352172           5         12:00     2                   0              7         6              5              
6492264939698352172           5         13:00     0                   0              6         1              6              
6492264939698352172           5         14:00     3                   0              9         0              3              
6492264939698352172           5         15:00     1                   0              6         4              6              
6492264939698352172           5         16:00     3                   0              5         4              7              
6492264939698352172           5         17:00     5                   0              9         0              3              
6492264939698352172           5         18:00     0                   0              4         5              8              
6492264939698352172           5         19:00     5                   0              7         2              5              
6492264939698352172           5         20:00     4                   0              10        1              2              
6492264939698352172           5         21:00     0                   0              10        0              2              
6492264939698352172           5         22:00     4                   0              12        2              0              
6492264939698352172           5         23:00     0                   0              11        1              1              
6492264939698352172           6         0:00      4                   1              12        2              0              
6492264939698352172           6         1:00      5                   4              12        1              0              
6492264939698352172           6         2:00      4                   5              12        2              0              
6492264939698352172           6         3:00      1                   3              12        3              0              
6492264939698352172           6         4:00      4                   5              12        2              0              
6492264939698352172           6         5:00      2                   5              12        2              0              
6492264939698352172           6         6:00      5                   7              12        3              0              
6492264939698352172           6         7:00      4                   11             12        0              0              
6492264939698352172           6         8:00      2                   11             12        2              0              
6492264939698352172           6         9:00      2                   9              12        4              0              
6492264939698352172           6         10:00     1                   9              12        1              0              
6492264939698352172           6         11:00     4                   12             12        1              0              
6492264939698352172           6         12:00     1                   12             12        1              0              
6492264939698352172           6         13:00     4                   16             12        0              0              
6492264939698352172           6         14:00     4                   14             12        6              0              
6492264939698352172           6         15:00     4                   18             12        0              0              
6492264939698352172           6         16:00     4                   21             12        1              0              
6492264939698352172           6         17:00     1                   20             12        2              0              
6492264939698352172           6         18:00     3                   22             12        1              0              
6492264939698352172           6         19:00     2                   23             12        1              0              
6492264939698352172           6         20:00     3                   21             12        5              0              
6492264939698352172           6         21:00     4                   22             12        2              0              
6492264939698352172           6         22:00     4                   20             12        5              0              
6492264939698352172           6         23:00     3                   21             12        2              0              
6492264939698352172           7         0:00      1                   18             12        4              0              
6492264939698352172           7         1:00      4                   20             12        2              0              
6492264939698352172           7         2:00      3                   18             12        5              0              
6492264939698352172           7         3:00      4                   17             12        5              0              
6492264939698352172           7         4:00      5                   19             12        3              0              
6492264939698352172           7         5:00      5                   22             12        2              0              
6492264939698352172           7         6:00      4                   23             12        3              0              
6492264939698352172           7         7:00      0                   21             12        2              0              
6492264939698352172           7         8:00      1                   21             12        1              0              
6492264939698352172           7         9:00      4                   22             12        3              0              
6492264939698352172           7         10:00     5                   22             12        5              0              
6492264939698352172           7         11:00     5                   27             12        0              0              
6492264939698352172           7         12:00     5                   30             12        2              0              
6492264939698352172           7         13:00     0                   27             12        3              0              
6492264939698352172           7         14:00     4                   31             12        0              0              
6492264939698352172           7         15:00     1                   28             12        4              0              
6492264939698352172           7         16:00     5                   32             12        1              0              
6492264939698352172           7         17:00     1                   33             12        0              0              
6492264939698352172           7         18:00     3                   34             12        2              0              
6492264939698352172           7         19:00     5                   37             12        1              0              
6492264939698352172           7         20:00     3                   37             12        3              0              
6492264939698352172           7         21:00     3                   36             12        4              0              
6492264939698352172           7         22:00     3                   35             12        4              0              
6492264939698352172           7         23:00     5                   36             12        3              0              
6492264939698352172           8         0:00      1                   34             12        1              0              
6492264939698352172           8         1:00      0                   31             12        1              0              
6492264939698352172           8         2:00      4                   34             12        1              0              
6492264939698352172           8         3:00      4                   34             12        4              0              
6492264939698352172           8         4:00      4                   36             12        2              0              
6492264939698352172           8         5:00      0                   32             12        2              0              
6492264939698352172           8         6:00      1                   31             12        2              0              
6492264939698352172           8         7:00      2                   31             12        0              0              
6492264939698352172           8         8:00      2                   30             12        1              0              
6492264939698352172           8         9:00      5                   33             12        2              0              
6492264939698352172           8         10:00     5                   32             12        5              0              
6492264939698352172           8         11:00     4                   34             12        2              0              
6492264939698352172           8         12:00     2                   27             12        8              0              
6492264939698352172           8         13:00     4                   29             12        2              0              
6492264939698352172           8         14:00     3                   29             12        2              0              
6492264939698352172           8         15:00     1                   28             12        2              0              
6492264939698352172           8         16:00     4                   29             12        2              0              
6492264939698352172           8         17:00     2                   26             12        5              0              
6492264939698352172           8         18:00     2                   26             12        2              0              
6492264939698352172           8         19:00     0                   24             12        2              0              
6492264939698352172           8         20:00     1                   23             12        2              0              
6492264939698352172           8         21:00     5                   28             12        0              0              
6492264939698352172           8         22:00     4                   31             12        1              0              
6492264939698352172           8         23:00     5                   32             12        1              0              
6492264939698352172           9         0:00      3                   32             12        2              0              
6492264939698352172           9         1:00      4                   32             12        4              0              
6492264939698352172           9         2:00      5                   36             12        1              0              
6492264939698352172           9         3:00      1                   32             12        5              0              
6492264939698352172           9         4:00      2                   29             12        4              0              
6492264939698352172           9         5:00      3                   28             12        4              0              
6492264939698352172           9         6:00      5                   27             12        5              0              
6492264939698352172           9         7:00      0                   26             12        1              0              
6492264939698352172           9         8:00      2                   28             12        0              0              
6492264939698352172           9         9:00      2                   24             12        6              0              
6492264939698352172           9         10:00     0                   23             12        1              0              
6492264939698352172           9         11:00     2                   25             12        0              0              
6492264939698352172           9         12:00     4                   27             12        2              0              
6492264939698352172           9         13:00     5                   30             12        2              0              
6492264939698352172           9         14:00     2                   30             12        1              0              
6492264939698352172           9         15:00     1                   27             12        1              0              
6492264939698352172           9         16:00     4                   29             12        1              0              
6492264939698352172           9         17:00     1                   28             12        1              0              
6492264939698352172           9         18:00     4                   24             12        3              0              
6492264939698352172           9         19:00     1                   22             12        3              0              
6492264939698352172           9         20:00     5                   23             12        3              0              
6492264939698352172           9         21:00     5                   23             12        5              0              
6492264939698352172           9         22:00     1                   18             12        6              0              
6492264939698352172           9         23:00     1                   16             12        3              0              
6492264939698352172           10        0:00      3                   16             12        3              0              
6492264939698352172           10        1:00      4                   18             12        1              0              
6492264939698352172           10        2:00      1                   17             12        2              0              
6492264939698352172           10        3:00      5                   20             12        2              0              
6492264939698352172           10        4:00      3                   17             12        6              0              
6492264939698352172           10        5:00      0                   12             12        5              0              
6492264939698352172           10        6:00      3                   11             12        3              0              
6492264939698352172           10        7:00      5                   14             12        2              0              
6492264939698352172           10        8:00      0                   8              12        6              0              
6492264939698352172           10        9:00      0                   5              12        3              0              
6492264939698352172           10        10:00     5                   6              12        3              0              
6492264939698352172           10        11:00     1                   6              12        1              0              
6492264939698352172           10        12:00     0                   4              12        2              0              
6492264939698352172           10        13:00     0                   3              12        1              0              
6492264939698352172           10        14:00     0                   0              11        4              1              
6492264939698352172           10        15:00     5                   2              12        2              0              
6492264939698352172           10        16:00     3                   4              12        1              0              
6492264939698352172           10        17:00     4                   2              12        5              0              
6492264939698352172           10        18:00     2                   0              11        5              1              
6492264939698352172           10        19:00     0                   0              10        1              2              
6492264939698352172           10        20:00     5                   2              12        1              0              
6492264939698352172           10        21:00     2                   3              12        1              0              
6492264939698352172           10        22:00     2                   4              12        1              0              
6492264939698352172           10        23:00     1                   3              12        2              0              
6492264939698352172           11        0:00      5                   1              12        7              0              
6492264939698352172           11        1:00      2                   0              11        4              1              
6492264939698352172           11        2:00      2                   0              11        2              1              
6492264939698352172           11        3:00      0                   0              9         2              3              
6492264939698352172           11        4:00      0                   0              8         1              4              
6492264939698352172           11        5:00      4                   0              12        0              0              
6492264939698352172           11        6:00      0                   0              10        2              2              
6492264939698352172           11        7:00      1                   0              9         2              3              
6492264939698352172           11        8:00      3                   0              10        2              2              
6492264939698352172           11        9:00      5                   0              10        5              2              
6492264939698352172           11        10:00     4                   0              9         5              3              
6492264939698352172           11        11:00     3                   0              10        2              2              
6492264939698352172           11        12:00     5                   1              12        1              0              
6492264939698352172           11        13:00     4                   1              12        4              0              
6492264939698352172           11        14:00     2                   2              12        1              0              
6492264939698352172           11        15:00     2                   4              12        0              0              
6492264939698352172           11        16:00     5                   7              12        2              0              
6492264939698352172           11        17:00     0                   7              12        0              0              
6492264939698352172           11        18:00     1                   7              12        1              0              
6492264939698352172           11        19:00     4                   10             12        1              0              
6492264939698352172           11        20:00     2                   7              12        4              0              
6492264939698352172           11        21:00     4                   9              12        2              0              
6492264939698352172           11        22:00     5                   13             12        0              0              
6492264939698352172           11        23:00     1                   10             12        4              0              
6492264939698352172           12        0:00      5                   11             12        4              0              
6492264939698352172           12        1:00      0                   3              12        8              0              
6492264939698352172           12        2:00      1                   0              11        5              1              
6492264939698352172           12        3:00      2                   1              12        0              0              
6492264939698352172           12        4:00      0                   0              11        2              1              
6492264939698352172           12        5:00      2                   0              11        2              1              
6492264939698352172           12        6:00      5                   2              12        2              0              
6492264939698352172           12        7:00      3                   3              12        2              0              
6492264939698352172           12        8:00      0                   2              12        1              0              
6492264939698352172           12        9:00      2                   2              12        2              0              
6492264939698352172           12        10:00     0                   0              9         5              3              
6492264939698352172           12        11:00     5                   2              12        0              0              
6492264939698352172           12        12:00     0                   0              11        3              1              
6492264939698352172           12        13:00     2                   0              9         3              3              
6492264939698352172           12        14:00     2                   0              11        0              1              
6492264939698352172           12        15:00     2                   0              11        2              1              
6492264939698352172           12        16:00     0                   0              10        1              2              
6492264939698352172           12        17:00     0                   0              10        0              2              
6492264939698352172           12        18:00     5                   0              10        4              2              
6492264939698352172           12        19:00     0                   0              8         2              4              
6492264939698352172           12        20:00     3                   0              10        1              2              
6492264939698352172           12        21:00     2                   0              8         4              4              
6492264939698352172           12        22:00     2                   0              6         3              6              
6492264939698352172           12        23:00     2                   0              7         1              5              
6492264939698352172           13        0:00      1                   0              6         2              6              
6492264939698352172           13        1:00      1                   0              6         1              6              
6492264939698352172           13        2:00      3                   0              7         1              5              
6492264939698352172           13        3:00      1                   0              7         1              5              
6492264939698352172           13        4:00      0                   0              6         1              6              
6492264939698352172           13        5:00      2                   0              6         2              6              
6492264939698352172           13        6:00      1                   0              6         1              6              
6492264939698352172           13        7:00      4                   0              8         2              4              
6492264939698352172           13        8:00      0                   0              7         1              5              
6492264939698352172           13        9:00      5                   0              9         3              3              
6492264939698352172           13        10:00     5                   0              11        3              1              
6492264939698352172           13        11:00     2                   0              12        1              0              
6492264939698352172           13        12:00     2                   0              12        2              0              
6492264939698352172           13        13:00     4                   3              12        1              0              
6492264939698352172           13        14:00     0                   1              12        2              0              
6492264939698352172           13        15:00     1                   0              10        4              2              
6492264939698352172           13        16:00     2                   0              12        0              0              
6492264939698352172           13        17:00     4                   2              12        2              0              
6492264939698352172           13        18:00     0                   1              12        1              0              
6492264939698352172           13        19:00     2                   3              12        0              0              
6492264939698352172           13        20:00     3                   2              12        4              0              
6492264939698352172           13        21:00     1                   0              11        4              1              
6492264939698352172           13        22:00     1                   0              7         5              5              
6492264939698352172           13        23:00     5                   0              12        0              0              
6492264939698352172           14        0:00      5                   2              12        2              0              
6492264939698352172           14        1:00      5                   3              12        4              0              
6492264939698352172           14        2:00      3                   5              12        1              0              
6492264939698352172           14        3:00      1                   4              12        2              0              
6492264939698352172           14        4:00      5                   7              12        2              0              
6492264939698352172           14        5:00      5                   9              12        2              0              
6492264939698352172           14        6:00      5                   13             12        1              0              
6492264939698352172           14        7:00      3                   11             12        5              0              
6492264939698352172           14        8:00      5                   14             12        2              0              
6492264939698352172           14        9:00      0                   14             12        0              0              
6492264939698352172           14        10:00     3                   15             12        2              0              
6492264939698352172           14        11:00     4                   19             12        0              0              
6492264939698352172           14        12:00     3                   19             12        3              0              
6492264939698352172           14        13:00     4                   20             12        2              0              
6492264939698352172           14        14:00     4                   24             12        0              0              
6492264939698352172           14        15:00     2                   25             12        1              0              
6492264939698352172           14        16:00     1                   22             12        4              0              
6492264939698352172           14        17:00     0                   20             12        2              0              
6492264939698352172           14        18:00     1                   20             12        1              0              
6492264939698352172           14        19:00     2                   18             12        4              0              
6492264939698352172           14        20:00     4                   18             12        4              0              
6492264939698352172           14        21:00     0                   15             12        3              0              
6492264939698352172           14        22:00     5                   15             12        5              0              
6492264939698352172           14        23:00     5                   16             12        4              0              
6492264939698352172           15        0:00      4                   14             12        5              0              
6492264939698352172           15        1:00      1                   13             12        2              0              
6492264939698352172           15        2:00      0                   9              12        4              0              
6492264939698352172           15        3:00      4                   9              12        4              0              
6492264939698352172           15        4:00      0                   5              12        4              0              
6492264939698352172           15        5:00      5                   8              12        2              0              
6492264939698352172           15        6:00      3                   8              12        3              0              
6492264939698352172           15        7:00      5                   12             12        1              0              
6492264939698352172           15        8:00      5                   15             12        1              0              
6492264939698352172           15        9:00      1                   15             12        1              0              
6492264939698352172           15        10:00     2                   17             12        0              0              
6492264939698352172           15        11:00     5                   20             12        2              0              
6492264939698352172           15        12:00     4                   18             12        6              0              
6492264939698352172           15        13:00     1                   15             12        4              0              
6492264939698352172           15        14:00     0                   14             12        1              0              
6492264939698352172           15        15:00     5                   17             12        2              0              
6492264939698352172           15        16:00     2                   16             12        3              0              
6492264939698352172           15        17:00     3                   18             12        0              0              
6492264939698352172           15        18:00     0                   17             12        1              0              
6492264939698352172           15        19:00     4                   18             12        3              0              
6492264939698352172           15        20:00     2                   19             12        1              0              
6492264939698352172           15        21:00     4                   21             12        2              0              
6492264939698352172           15        22:00     5                   24             12        2              0              
6492264939698352172           15        23:00     4                   27             12        1              0              
