Sim_N                         Day       Time      New_Patients        Waiting        Assigned  Discharged     Beds_Avail_EOH 
7716433310102761628           1         0:00      5                   0              4         0              8              
7716433310102761628           1         1:00      5                   0              7         2              5              
7716433310102761628           1         2:00      0                   0              7         0              5              
7716433310102761628           1         3:00      3                   0              9         1              3              
7716433310102761628           1         4:00      4                   0              12        1              0              
7716433310102761628           1         5:00      1                   0              10        3              2              
7716433310102761628           1         6:00      3                   0              11        2              1              
7716433310102761628           1         7:00      5                   2              12        2              0              
7716433310102761628           1         8:00      3                   5              12        0              0              
7716433310102761628           1         9:00      1                   4              12        2              0              
7716433310102761628           1         10:00     3                   7              12        0              0              
7716433310102761628           1         11:00     4                   10             12        1              0              
7716433310102761628           1         12:00     1                   9              12        2              0              
7716433310102761628           1         13:00     0                   7              12        2              0              
7716433310102761628           1         14:00     1                   5              12        3              0              
7716433310102761628           1         15:00     5                   8              12        2              0              
7716433310102761628           1         16:00     2                   8              12        2              0              
7716433310102761628           1         17:00     4                   9              12        3              0              
7716433310102761628           1         18:00     5                   12             12        2              0              
7716433310102761628           1         19:00     0                   10             12        2              0              
7716433310102761628           1         20:00     5                   12             12        1              0              
7716433310102761628           1         21:00     3                   12             12        3              0              
7716433310102761628           1         22:00     4                   12             12        2              0              
7716433310102761628           1         23:00     4                   12             12        3              0              
7716433310102761628           2         0:00      2                   12             12        2              0              
7716433310102761628           2         1:00      2                   12             12        2              0              
7716433310102761628           2         2:00      1                   12             12        1              0              
7716433310102761628           2         3:00      4                   16             12        0              0              
7716433310102761628           2         4:00      0                   11             12        4              0              
7716433310102761628           2         5:00      3                   11             12        2              0              
7716433310102761628           2         6:00      1                   9              12        0              0              
7716433310102761628           2         7:00      3                   11             12        1              0              
7716433310102761628           2         8:00      4                   14             12        1              0              
7716433310102761628           2         9:00      2                   14             12        2              0              
7716433310102761628           2         10:00     5                   17             12        2              0              
7716433310102761628           2         11:00     3                   15             12        3              0              
7716433310102761628           2         12:00     5                   15             12        5              0              
7716433310102761628           2         13:00     0                   13             12        2              0              
7716433310102761628           2         14:00     2                   14             12        1              0              
7716433310102761628           2         15:00     1                   13             12        1              0              
7716433310102761628           2         16:00     3                   12             12        3              0              
7716433310102761628           2         17:00     1                   10             12        3              0              
7716433310102761628           2         18:00     2                   11             12        1              0              
7716433310102761628           2         19:00     5                   14             12        2              0              
7716433310102761628           2         20:00     4                   16             12        2              0              
7716433310102761628           2         21:00     2                   13             12        3              0              
7716433310102761628           2         22:00     0                   8              12        4              0              
7716433310102761628           2         23:00     0                   4              12        4              0              
7716433310102761628           3         0:00      2                   5              12        1              0              
7716433310102761628           3         1:00      5                   8              12        2              0              
7716433310102761628           3         2:00      1                   4              12        5              0              
7716433310102761628           3         3:00      5                   7              12        2              0              
7716433310102761628           3         4:00      5                   11             12        1              0              
7716433310102761628           3         5:00      4                   13             12        2              0              
7716433310102761628           3         6:00      2                   10             12        5              0              
7716433310102761628           3         7:00      4                   10             12        4              0              
7716433310102761628           3         8:00      3                   9              12        4              0              
7716433310102761628           3         9:00      0                   8              12        1              0              
7716433310102761628           3         10:00     4                   10             12        2              0              
7716433310102761628           3         11:00     1                   5              12        6              0              
7716433310102761628           3         12:00     5                   4              12        6              0              
7716433310102761628           3         13:00     5                   9              12        0              0              
7716433310102761628           3         14:00     5                   12             12        1              0              
7716433310102761628           3         15:00     0                   10             12        2              0              
7716433310102761628           3         16:00     2                   9              12        3              0              
7716433310102761628           3         17:00     4                   11             12        2              0              
7716433310102761628           3         18:00     4                   8              12        7              0              
7716433310102761628           3         19:00     5                   12             12        1              0              
7716433310102761628           3         20:00     3                   13             12        2              0              
7716433310102761628           3         21:00     4                   15             12        1              0              
7716433310102761628           3         22:00     1                   14             12        2              0              
7716433310102761628           3         23:00     1                   13             12        1              0              
7716433310102761628           4         0:00      4                   15             12        2              0              
7716433310102761628           4         1:00      3                   16             12        2              0              
7716433310102761628           4         2:00      2                   16             12        1              0              
7716433310102761628           4         3:00      1                   14             12        2              0              
7716433310102761628           4         4:00      1                   14             12        1              0              
7716433310102761628           4         5:00      0                   12             12        2              0              
7716433310102761628           4         6:00      2                   9              12        5              0              
7716433310102761628           4         7:00      3                   7              12        5              0              
7716433310102761628           4         8:00      2                   8              12        0              0              
7716433310102761628           4         9:00      3                   10             12        1              0              
7716433310102761628           4         10:00     2                   7              12        5              0              
7716433310102761628           4         11:00     1                   6              12        2              0              
7716433310102761628           4         12:00     1                   5              12        2              0              
7716433310102761628           4         13:00     1                   2              12        4              0              
7716433310102761628           4         14:00     3                   2              12        3              0              
7716433310102761628           4         15:00     2                   2              12        2              0              
7716433310102761628           4         16:00     2                   2              12        2              0              
7716433310102761628           4         17:00     5                   4              12        3              0              
7716433310102761628           4         18:00     2                   5              12        1              0              
7716433310102761628           4         19:00     0                   5              12        0              0              
7716433310102761628           4         20:00     1                   5              12        1              0              
7716433310102761628           4         21:00     3                   5              12        2              0              
7716433310102761628           4         22:00     3                   5              12        3              0              
7716433310102761628           4         23:00     1                   4              12        2              0              
7716433310102761628           5         0:00      0                   2              12        2              0              
7716433310102761628           5         1:00      2                   2              12        2              0              
7716433310102761628           5         2:00      0                   0              10        4              2              
7716433310102761628           5         3:00      5                   0              12        2              0              
7716433310102761628           5         4:00      1                   1              12        0              0              
7716433310102761628           5         5:00      0                   0              11        2              1              
7716433310102761628           5         6:00      2                   0              12        1              0              
7716433310102761628           5         7:00      5                   2              12        3              0              
7716433310102761628           5         8:00      4                   5              12        1              0              
7716433310102761628           5         9:00      0                   3              12        2              0              
7716433310102761628           5         10:00     1                   2              12        2              0              
7716433310102761628           5         11:00     2                   1              12        3              0              
7716433310102761628           5         12:00     3                   1              12        3              0              
7716433310102761628           5         13:00     2                   0              12        3              0              
7716433310102761628           5         14:00     4                   2              12        2              0              
7716433310102761628           5         15:00     4                   3              12        3              0              
7716433310102761628           5         16:00     2                   3              12        2              0              
7716433310102761628           5         17:00     5                   8              12        0              0              
7716433310102761628           5         18:00     2                   9              12        1              0              
7716433310102761628           5         19:00     1                   6              12        4              0              
7716433310102761628           5         20:00     1                   5              12        2              0              
7716433310102761628           5         21:00     5                   8              12        1              0              
7716433310102761628           5         22:00     5                   12             12        1              0              
7716433310102761628           5         23:00     5                   16             12        1              0              
7716433310102761628           6         0:00      1                   16             12        1              0              
7716433310102761628           6         1:00      3                   17             12        2              0              
7716433310102761628           6         2:00      3                   20             12        0              0              
7716433310102761628           6         3:00      2                   19             12        3              0              
7716433310102761628           6         4:00      1                   20             12        0              0              
7716433310102761628           6         5:00      2                   18             12        4              0              
7716433310102761628           6         6:00      2                   15             12        3              0              
7716433310102761628           6         7:00      1                   12             12        3              0              
7716433310102761628           6         8:00      3                   15             12        0              0              
7716433310102761628           6         9:00      5                   15             12        4              0              
7716433310102761628           6         10:00     2                   15             12        2              0              
7716433310102761628           6         11:00     1                   12             12        4              0              
7716433310102761628           6         12:00     4                   13             12        2              0              
7716433310102761628           6         13:00     1                   12             12        2              0              
7716433310102761628           6         14:00     4                   15             12        1              0              
7716433310102761628           6         15:00     2                   16             12        1              0              
7716433310102761628           6         16:00     5                   21             12        0              0              
7716433310102761628           6         17:00     3                   14             12        9              0              
7716433310102761628           6         18:00     1                   10             12        3              0              
7716433310102761628           6         19:00     0                   9              12        1              0              
7716433310102761628           6         20:00     2                   7              12        3              0              
7716433310102761628           6         21:00     1                   7              12        0              0              
7716433310102761628           6         22:00     0                   4              12        3              0              
7716433310102761628           6         23:00     0                   2              12        2              0              
7716433310102761628           7         0:00      4                   1              12        5              0              
7716433310102761628           7         1:00      1                   0              11        3              1              
7716433310102761628           7         2:00      4                   2              12        0              0              
7716433310102761628           7         3:00      5                   5              12        1              0              
7716433310102761628           7         4:00      5                   9              12        1              0              
7716433310102761628           7         5:00      3                   11             12        1              0              
7716433310102761628           7         6:00      4                   14             12        1              0              
7716433310102761628           7         7:00      0                   13             12        1              0              
7716433310102761628           7         8:00      4                   15             12        2              0              
7716433310102761628           7         9:00      4                   16             12        2              0              
7716433310102761628           7         10:00     3                   19             12        0              0              
7716433310102761628           7         11:00     4                   23             12        0              0              
7716433310102761628           7         12:00     3                   24             12        2              0              
7716433310102761628           7         13:00     5                   22             12        6              0              
7716433310102761628           7         14:00     1                   21             12        2              0              
7716433310102761628           7         15:00     1                   18             12        4              0              
7716433310102761628           7         16:00     3                   20             12        0              0              
7716433310102761628           7         17:00     1                   17             12        3              0              
7716433310102761628           7         18:00     4                   16             12        3              0              
7716433310102761628           7         19:00     1                   14             12        2              0              
7716433310102761628           7         20:00     0                   11             12        3              0              
7716433310102761628           7         21:00     4                   13             12        2              0              
7716433310102761628           7         22:00     0                   8              12        2              0              
7716433310102761628           7         23:00     2                   7              12        3              0              
7716433310102761628           8         0:00      4                   11             12        0              0              
7716433310102761628           8         1:00      0                   10             12        1              0              
7716433310102761628           8         2:00      1                   7              12        2              0              
7716433310102761628           8         3:00      5                   9              12        3              0              
7716433310102761628           8         4:00      3                   11             12        1              0              
7716433310102761628           8         5:00      5                   14             12        2              0              
7716433310102761628           8         6:00      3                   14             12        3              0              
7716433310102761628           8         7:00      2                   14             12        0              0              
7716433310102761628           8         8:00      2                   14             12        2              0              
7716433310102761628           8         9:00      1                   12             12        3              0              
7716433310102761628           8         10:00     5                   10             12        5              0              
7716433310102761628           8         11:00     4                   9              12        4              0              
7716433310102761628           8         12:00     2                   8              12        2              0              
7716433310102761628           8         13:00     0                   7              12        1              0              
7716433310102761628           8         14:00     1                   6              12        2              0              
7716433310102761628           8         15:00     2                   6              12        2              0              
7716433310102761628           8         16:00     2                   6              12        2              0              
7716433310102761628           8         17:00     3                   8              12        1              0              
7716433310102761628           8         18:00     1                   3              12        4              0              
7716433310102761628           8         19:00     2                   4              12        1              0              
7716433310102761628           8         20:00     1                   3              12        2              0              
7716433310102761628           8         21:00     2                   3              12        2              0              
7716433310102761628           8         22:00     0                   3              12        0              0              
7716433310102761628           8         23:00     4                   6              12        1              0              
7716433310102761628           9         0:00      0                   4              12        2              0              
7716433310102761628           9         1:00      1                   3              12        2              0              
7716433310102761628           9         2:00      5                   7              12        1              0              
7716433310102761628           9         3:00      4                   11             12        0              0              
7716433310102761628           9         4:00      0                   9              12        2              0              
7716433310102761628           9         5:00      5                   11             12        2              0              
7716433310102761628           9         6:00      0                   8              12        3              0              
7716433310102761628           9         7:00      4                   2              12        9              0              
7716433310102761628           9         8:00      4                   3              12        3              0              
7716433310102761628           9         9:00      3                   4              12        2              0              
7716433310102761628           9         10:00     0                   2              12        2              0              
7716433310102761628           9         11:00     3                   2              12        3              0              
7716433310102761628           9         12:00     5                   5              12        1              0              
7716433310102761628           9         13:00     2                   4              12        3              0              
7716433310102761628           9         14:00     3                   4              12        3              0              
7716433310102761628           9         15:00     2                   5              12        1              0              
7716433310102761628           9         16:00     2                   2              12        5              0              
7716433310102761628           9         17:00     1                   0              12        3              0              
7716433310102761628           9         18:00     2                   0              8         6              4              
7716433310102761628           9         19:00     1                   0              8         1              4              
7716433310102761628           9         20:00     2                   0              10        0              2              
7716433310102761628           9         21:00     2                   0              10        2              2              
7716433310102761628           9         22:00     1                   0              10        1              2              
7716433310102761628           9         23:00     2                   0              11        0              1              
7716433310102761628           10        0:00      4                   0              11        3              1              
7716433310102761628           10        1:00      2                   0              11        2              1              
7716433310102761628           10        2:00      2                   0              10        3              2              
7716433310102761628           10        3:00      0                   0              9         1              3              
7716433310102761628           10        4:00      2                   0              10        1              2              
7716433310102761628           10        5:00      3                   0              12        1              0              
7716433310102761628           10        6:00      0                   0              8         4              4              
7716433310102761628           10        7:00      3                   0              9         2              3              
7716433310102761628           10        8:00      1                   0              7         3              5              
7716433310102761628           10        9:00      5                   0              12        0              0              
7716433310102761628           10        10:00     3                   0              11        4              1              
7716433310102761628           10        11:00     1                   0              11        1              1              
7716433310102761628           10        12:00     1                   0              10        2              2              
7716433310102761628           10        13:00     3                   0              7         6              5              
7716433310102761628           10        14:00     1                   0              5         3              7              
7716433310102761628           10        15:00     1                   0              5         1              7              
7716433310102761628           10        16:00     4                   0              7         1              5              
7716433310102761628           10        17:00     3                   0              10        0              2              
7716433310102761628           10        18:00     1                   0              10        1              2              
7716433310102761628           10        19:00     1                   0              9         2              3              
7716433310102761628           10        20:00     2                   0              6         4              6              
7716433310102761628           10        21:00     2                   0              6         2              6              
7716433310102761628           10        22:00     5                   0              9         2              3              
7716433310102761628           10        23:00     2                   0              9         2              3              
7716433310102761628           11        0:00      5                   1              12        0              0              
7716433310102761628           11        1:00      1                   2              12        0              0              
7716433310102761628           11        2:00      2                   2              12        2              0              
7716433310102761628           11        3:00      5                   4              12        3              0              
7716433310102761628           11        4:00      3                   5              12        2              0              
7716433310102761628           11        5:00      4                   6              12        2              0              
7716433310102761628           11        6:00      3                   9              12        0              0              
7716433310102761628           11        7:00      5                   11             12        2              0              
7716433310102761628           11        8:00      4                   14             12        1              0              
7716433310102761628           11        9:00      4                   16             12        2              0              
7716433310102761628           11        10:00     5                   20             12        1              0              
7716433310102761628           11        11:00     5                   24             12        1              0              
7716433310102761628           11        12:00     1                   23             12        2              0              
7716433310102761628           11        13:00     4                   26             12        1              0              
7716433310102761628           11        14:00     4                   24             12        6              0              
7716433310102761628           11        15:00     2                   23             12        3              0              
7716433310102761628           11        16:00     5                   27             12        1              0              
7716433310102761628           11        17:00     5                   31             12        1              0              
7716433310102761628           11        18:00     5                   32             12        1              0              
7716433310102761628           11        19:00     0                   30             12        0              0              
7716433310102761628           11        20:00     0                   19             12        9              0              
7716433310102761628           11        21:00     2                   17             12        4              0              
7716433310102761628           11        22:00     0                   13             12        3              0              
7716433310102761628           11        23:00     3                   12             12        3              0              
7716433310102761628           12        0:00      4                   13             12        2              0              
7716433310102761628           12        1:00      5                   15             12        1              0              
7716433310102761628           12        2:00      2                   14             12        2              0              
7716433310102761628           12        3:00      1                   10             12        5              0              
7716433310102761628           12        4:00      2                   10             12        2              0              
7716433310102761628           12        5:00      0                   8              12        2              0              
7716433310102761628           12        6:00      1                   6              12        3              0              
7716433310102761628           12        7:00      2                   6              12        1              0              
7716433310102761628           12        8:00      1                   4              12        3              0              
7716433310102761628           12        9:00      1                   4              12        1              0              
7716433310102761628           12        10:00     4                   4              12        4              0              
7716433310102761628           12        11:00     1                   3              12        2              0              
7716433310102761628           12        12:00     4                   4              12        3              0              
7716433310102761628           12        13:00     3                   4              12        3              0              
7716433310102761628           12        14:00     2                   3              12        3              0              
7716433310102761628           12        15:00     4                   6              12        1              0              
7716433310102761628           12        16:00     1                   3              12        4              0              
7716433310102761628           12        17:00     3                   6              12        0              0              
7716433310102761628           12        18:00     5                   10             12        1              0              
7716433310102761628           12        19:00     4                   12             12        2              0              
7716433310102761628           12        20:00     0                   10             12        2              0              
7716433310102761628           12        21:00     0                   6              12        4              0              
7716433310102761628           12        22:00     5                   8              12        3              0              
7716433310102761628           12        23:00     0                   4              12        4              0              
7716433310102761628           13        0:00      0                   0              12        4              0              
7716433310102761628           13        1:00      0                   0              10        2              2              
7716433310102761628           13        2:00      5                   0              9         6              3              
7716433310102761628           13        3:00      1                   0              7         3              5              
7716433310102761628           13        4:00      4                   0              9         2              3              
7716433310102761628           13        5:00      3                   0              11        1              1              
7716433310102761628           13        6:00      1                   0              11        1              1              
7716433310102761628           13        7:00      5                   2              12        2              0              
7716433310102761628           13        8:00      2                   2              12        2              0              
7716433310102761628           13        9:00      2                   2              12        2              0              
7716433310102761628           13        10:00     5                   5              12        1              0              
7716433310102761628           13        11:00     3                   7              12        1              0              
7716433310102761628           13        12:00     4                   8              12        3              0              
7716433310102761628           13        13:00     5                   8              12        5              0              
7716433310102761628           13        14:00     0                   6              12        2              0              
7716433310102761628           13        15:00     3                   7              12        2              0              
7716433310102761628           13        16:00     2                   6              12        3              0              
7716433310102761628           13        17:00     5                   9              12        2              0              
7716433310102761628           13        18:00     3                   10             12        1              0              
7716433310102761628           13        19:00     0                   8              12        2              0              
7716433310102761628           13        20:00     1                   7              12        2              0              
7716433310102761628           13        21:00     4                   9              12        1              0              
7716433310102761628           13        22:00     0                   8              12        1              0              
7716433310102761628           13        23:00     2                   7              12        3              0              
7716433310102761628           14        0:00      5                   9              12        3              0              
7716433310102761628           14        1:00      0                   9              12        0              0              
7716433310102761628           14        2:00      0                   8              12        1              0              
7716433310102761628           14        3:00      4                   5              12        5              0              
7716433310102761628           14        4:00      1                   4              12        2              0              
7716433310102761628           14        5:00      3                   5              12        1              0              
7716433310102761628           14        6:00      0                   4              12        1              0              
7716433310102761628           14        7:00      3                   7              12        0              0              
7716433310102761628           14        8:00      1                   5              12        3              0              
7716433310102761628           14        9:00      2                   3              12        4              0              
7716433310102761628           14        10:00     5                   4              12        3              0              
7716433310102761628           14        11:00     0                   2              12        2              0              
7716433310102761628           14        12:00     3                   1              12        4              0              
7716433310102761628           14        13:00     3                   1              12        3              0              
7716433310102761628           14        14:00     2                   0              12        3              0              
7716433310102761628           14        15:00     1                   0              10        3              2              
7716433310102761628           14        16:00     1                   0              8         3              4              
7716433310102761628           14        17:00     3                   0              8         3              4              
7716433310102761628           14        18:00     5                   0              11        2              1              
7716433310102761628           14        19:00     2                   0              12        1              0              
7716433310102761628           14        20:00     2                   0              8         6              4              
7716433310102761628           14        21:00     4                   0              10        2              2              
7716433310102761628           14        22:00     4                   0              11        3              1              
7716433310102761628           14        23:00     2                   1              12        0              0              
7716433310102761628           15        0:00      1                   0              11        3              1              
7716433310102761628           15        1:00      1                   0              10        2              2              
7716433310102761628           15        2:00      1                   0              11        0              1              
7716433310102761628           15        3:00      4                   3              12        0              0              
7716433310102761628           15        4:00      1                   1              12        3              0              
7716433310102761628           15        5:00      5                   5              12        1              0              
7716433310102761628           15        6:00      3                   8              12        0              0              
7716433310102761628           15        7:00      1                   6              12        3              0              
7716433310102761628           15        8:00      5                   10             12        1              0              
7716433310102761628           15        9:00      0                   10             12        0              0              
7716433310102761628           15        10:00     2                   8              12        4              0              
7716433310102761628           15        11:00     5                   11             12        2              0              
7716433310102761628           15        12:00     0                   6              12        5              0              
7716433310102761628           15        13:00     4                   8              12        2              0              
7716433310102761628           15        14:00     3                   10             12        1              0              
7716433310102761628           15        15:00     3                   12             12        1              0              
7716433310102761628           15        16:00     3                   14             12        0              0              
7716433310102761628           15        17:00     3                   14             12        3              0              
7716433310102761628           15        18:00     5                   19             12        0              0              
7716433310102761628           15        19:00     2                   15             12        5              0              
7716433310102761628           15        20:00     4                   16             12        3              0              
7716433310102761628           15        21:00     3                   17             12        2              0              
7716433310102761628           15        22:00     1                   17             12        0              0              
7716433310102761628           15        23:00     1                   14             12        3              0              
