Sim_N                         Day       AVG_SF_per_Day      
4071555680286639405           1         4.98                
4071555680286639405           2         4.76                
4071555680286639405           3         4.78                
4071555680286639405           4         5.00                
4071555680286639405           5         4.12                
4071555680286639405           6         3.93                
4071555680286639405           7         4.76                
4071555680286639405           8         4.97                
4071555680286639405           9         4.94                
4071555680286639405           10        4.70                
4071555680286639405           11        4.99                
4071555680286639405           12        5.00                
4071555680286639405           13        5.00                
4071555680286639405           14        4.88                
4071555680286639405           15        5.00                
