Sim_N                         Day       AVG_SF_per_Day      
2743350824527584414           1         4.58                
2743350824527584414           2         4.94                
2743350824527584414           3         5.00                
2743350824527584414           4         4.05                
2743350824527584414           5         4.94                
2743350824527584414           6         4.99                
2743350824527584414           7         4.80                
2743350824527584414           8         4.92                
2743350824527584414           9         4.94                
2743350824527584414           10        5.00                
2743350824527584414           11        5.00                
2743350824527584414           12        5.00                
2743350824527584414           13        5.00                
2743350824527584414           14        5.00                
2743350824527584414           15        4.80                
