Sim_N                         Day       AVG_SF_per_Day      
6604476301108122383           1         4.98                
6604476301108122383           2         5.00                
6604476301108122383           3         4.85                
6604476301108122383           4         4.96                
6604476301108122383           5         4.86                
6604476301108122383           6         5.00                
6604476301108122383           7         4.93                
6604476301108122383           8         4.05                
6604476301108122383           9         3.67                
6604476301108122383           10        4.11                
6604476301108122383           11        4.33                
6604476301108122383           12        4.62                
6604476301108122383           13        4.83                
6604476301108122383           14        4.89                
6604476301108122383           15        4.97                
