Sim_N                         Day       AVG_SF_per_Day      
1295082811552981135           1         4.98                
1295082811552981135           2         4.92                
1295082811552981135           3         4.84                
1295082811552981135           4         4.92                
1295082811552981135           5         5.00                
1295082811552981135           6         4.99                
1295082811552981135           7         4.93                
1295082811552981135           8         4.75                
1295082811552981135           9         5.00                
1295082811552981135           10        4.98                
1295082811552981135           11        4.99                
1295082811552981135           12        4.99                
1295082811552981135           13        4.99                
1295082811552981135           14        5.00                
1295082811552981135           15        5.00                
