Sim_N                         Day       AVG_SF_per_Day      
7631516720503767704           1         5.00                
7631516720503767704           2         4.57                
7631516720503767704           3         4.96                
7631516720503767704           4         4.57                
7631516720503767704           5         4.71                
7631516720503767704           6         4.86                
7631516720503767704           7         5.00                
7631516720503767704           8         4.99                
7631516720503767704           9         4.62                
7631516720503767704           10        4.98                
7631516720503767704           11        5.00                
7631516720503767704           12        5.00                
7631516720503767704           13        5.00                
7631516720503767704           14        5.00                
7631516720503767704           15        4.98                
