Sim_N                         Day       AVG_SF_per_Day      
803794130894802855            1         4.22                
803794130894802855            2         2.91                
803794130894802855            3         4.20                
803794130894802855            4         4.17                
803794130894802855            5         4.24                
803794130894802855            6         5.00                
803794130894802855            7         4.96                
803794130894802855            8         4.76                
803794130894802855            9         5.00                
803794130894802855            10        4.89                
803794130894802855            11        4.55                
803794130894802855            12        5.00                
803794130894802855            13        5.00                
803794130894802855            14        4.79                
803794130894802855            15        4.99                
