Sim_N                         Day       AVG_SF_per_Day      
2043417746241441867           1         5.00                
2043417746241441867           2         5.00                
2043417746241441867           3         4.91                
2043417746241441867           4         4.70                
2043417746241441867           5         4.97                
2043417746241441867           6         4.62                
2043417746241441867           7         4.92                
2043417746241441867           8         4.88                
2043417746241441867           9         4.75                
2043417746241441867           10        4.53                
2043417746241441867           11        5.00                
2043417746241441867           12        4.62                
2043417746241441867           13        3.92                
2043417746241441867           14        4.83                
2043417746241441867           15        4.95                
