Sim_N                         Day       AVG_SF_per_Day      
7487359453209675302           1         4.99                
7487359453209675302           2         5.00                
7487359453209675302           3         4.99                
7487359453209675302           4         5.00                
7487359453209675302           5         5.00                
7487359453209675302           6         5.00                
7487359453209675302           7         4.66                
7487359453209675302           8         4.49                
7487359453209675302           9         4.75                
7487359453209675302           10        4.54                
7487359453209675302           11        4.89                
7487359453209675302           12        4.91                
7487359453209675302           13        5.00                
7487359453209675302           14        4.84                
7487359453209675302           15        4.91                
