Sim_N                         Day       AVG_SF_per_Day      
6196862834264204798           1         4.76                
6196862834264204798           2         5.00                
6196862834264204798           3         4.99                
6196862834264204798           4         4.10                
6196862834264204798           5         4.78                
6196862834264204798           6         4.92                
6196862834264204798           7         4.97                
6196862834264204798           8         4.80                
6196862834264204798           9         4.63                
6196862834264204798           10        5.00                
6196862834264204798           11        5.00                
6196862834264204798           12        4.90                
6196862834264204798           13        4.58                
6196862834264204798           14        4.54                
6196862834264204798           15        4.84                
