Sim_N                         Day       AVG_SF_per_Day      
4366538366091049558           1         4.88                
4366538366091049558           2         5.00                
4366538366091049558           3         4.78                
4366538366091049558           4         4.99                
4366538366091049558           5         5.00                
4366538366091049558           6         5.00                
4366538366091049558           7         4.79                
4366538366091049558           8         4.78                
4366538366091049558           9         4.72                
4366538366091049558           10        4.47                
4366538366091049558           11        4.97                
4366538366091049558           12        4.93                
4366538366091049558           13        4.99                
4366538366091049558           14        5.00                
4366538366091049558           15        4.99                
