Sim_N                         Day       AVG_SF_per_Day      
2929438510575718349           1         4.80                
2929438510575718349           2         4.47                
2929438510575718349           3         3.10                
2929438510575718349           4         1.31                
2929438510575718349           5         0.93                
2929438510575718349           6         1.78                
2929438510575718349           7         2.56                
2929438510575718349           8         3.07                
2929438510575718349           9         1.62                
2929438510575718349           10        0.78                
2929438510575718349           11        1.07                
2929438510575718349           12        1.22                
2929438510575718349           13        1.12                
2929438510575718349           14        0.96                
2929438510575718349           15        2.83                
