Sim_N                         Day       AVG_SF_per_Day      
4624189244150865569           1         4.86                
4624189244150865569           2         4.70                
4624189244150865569           3         2.40                
4624189244150865569           4         1.34                
4624189244150865569           5         1.94                
4624189244150865569           6         0.86                
4624189244150865569           7         1.13                
4624189244150865569           8         2.33                
4624189244150865569           9         1.91                
4624189244150865569           10        2.62                
4624189244150865569           11        1.34                
4624189244150865569           12        1.60                
4624189244150865569           13        1.47                
4624189244150865569           14        1.76                
4624189244150865569           15        3.59                
