Sim_N                         Day       AVG_SF_per_Day      
8201155159936885938           1         4.40                
8201155159936885938           2         1.48                
8201155159936885938           3         1.15                
8201155159936885938           4         2.03                
8201155159936885938           5         2.56                
8201155159936885938           6         1.49                
8201155159936885938           7         1.41                
8201155159936885938           8         1.47                
8201155159936885938           9         1.35                
8201155159936885938           10        2.16                
8201155159936885938           11        1.84                
8201155159936885938           12        1.37                
8201155159936885938           13        3.79                
8201155159936885938           14        3.18                
8201155159936885938           15        3.13                
