Sim_N                         Day       AVG_SF_per_Day      
2440605918447590337           1         4.83                
2440605918447590337           2         3.30                
2440605918447590337           3         1.35                
2440605918447590337           4         1.58                
2440605918447590337           5         0.95                
2440605918447590337           6         1.25                
2440605918447590337           7         0.75                
2440605918447590337           8         1.46                
2440605918447590337           9         2.04                
2440605918447590337           10        1.35                
2440605918447590337           11        1.57                
2440605918447590337           12        1.13                
2440605918447590337           13        2.93                
2440605918447590337           14        1.46                
2440605918447590337           15        3.29                
