Sim_N                         Day       AVG_SF_per_Day      
8806663391980723475           1         4.62                
8806663391980723475           2         4.51                
8806663391980723475           3         1.68                
8806663391980723475           4         0.92                
8806663391980723475           5         2.26                
8806663391980723475           6         2.44                
8806663391980723475           7         1.22                
8806663391980723475           8         2.19                
8806663391980723475           9         1.61                
8806663391980723475           10        1.17                
8806663391980723475           11        1.03                
8806663391980723475           12        1.50                
8806663391980723475           13        1.58                
8806663391980723475           14        0.85                
8806663391980723475           15        2.65                
