Sim_N                         Day       AVG_SF_per_Day      
5153901694081801534           1         3.83                
5153901694081801534           2         2.88                
5153901694081801534           3         1.25                
5153901694081801534           4         1.49                
5153901694081801534           5         0.84                
5153901694081801534           6         1.07                
5153901694081801534           7         1.70                
5153901694081801534           8         1.04                
5153901694081801534           9         1.33                
5153901694081801534           10        1.92                
5153901694081801534           11        2.11                
5153901694081801534           12        2.90                
5153901694081801534           13        3.13                
5153901694081801534           14        1.67                
5153901694081801534           15        3.23                
