Sim_N                         Day       AVG_SF_per_Day      
1341430092572581632           1         4.80                
1341430092572581632           2         4.77                
1341430092572581632           3         1.42                
1341430092572581632           4         1.20                
1341430092572581632           5         1.23                
1341430092572581632           6         1.97                
1341430092572581632           7         1.53                
1341430092572581632           8         1.54                
1341430092572581632           9         2.52                
1341430092572581632           10        2.57                
1341430092572581632           11        2.00                
1341430092572581632           12        1.49                
1341430092572581632           13        1.70                
1341430092572581632           14        1.41                
1341430092572581632           15        3.28                
