Sim_N                         Day       AVG_SF_per_Day      
3967357158014482536           1         3.98                
3967357158014482536           2         3.08                
3967357158014482536           3         1.14                
3967357158014482536           4         1.07                
3967357158014482536           5         2.16                
3967357158014482536           6         1.29                
3967357158014482536           7         0.91                
3967357158014482536           8         1.33                
3967357158014482536           9         1.28                
3967357158014482536           10        1.10                
3967357158014482536           11        1.41                
3967357158014482536           12        1.40                
3967357158014482536           13        1.86                
3967357158014482536           14        0.74                
3967357158014482536           15        2.86                
