Sim_N                         Day       AVG_SF_per_Day      
7346833241977967549           1         2.76                
7346833241977967549           2         1.41                
7346833241977967549           3         1.76                
7346833241977967549           4         1.41                
7346833241977967549           5         1.38                
7346833241977967549           6         1.11                
7346833241977967549           7         1.81                
7346833241977967549           8         4.29                
7346833241977967549           9         3.31                
7346833241977967549           10        0.86                
7346833241977967549           11        1.36                
7346833241977967549           12        2.49                
7346833241977967549           13        3.55                
7346833241977967549           14        3.00                
7346833241977967549           15        2.89                
