Sim_N                         Day       AVG_SF_per_Day      
3931270502522420505           1         4.79                
3931270502522420505           2         2.36                
3931270502522420505           3         1.05                
3931270502522420505           4         1.93                
3931270502522420505           5         1.70                
3931270502522420505           6         1.36                
3931270502522420505           7         1.51                
3931270502522420505           8         1.15                
3931270502522420505           9         1.01                
3931270502522420505           10        1.17                
3931270502522420505           11        1.47                
3931270502522420505           12        0.95                
3931270502522420505           13        1.36                
3931270502522420505           14        1.43                
3931270502522420505           15        2.42                
