Sim_N                         Day       AVG_SF_per_Day      
4901506239826836707           1         4.97                
4901506239826836707           2         3.09                
4901506239826836707           3         1.24                
4901506239826836707           4         1.59                
4901506239826836707           5         2.24                
4901506239826836707           6         2.05                
4901506239826836707           7         0.97                
4901506239826836707           8         1.26                
4901506239826836707           9         1.39                
4901506239826836707           10        1.46                
4901506239826836707           11        0.90                
4901506239826836707           12        0.65                
4901506239826836707           13        1.64                
4901506239826836707           14        1.17                
4901506239826836707           15        3.00                
