ID          Day_C     Time_C      Age       AcuteLv   PainLv    Priority  Status    Day_A     Time_A      Day_D     Time_D      Time_Left_In_ER     Total_Wait_Time     SF_Score       
1           1          00:29      59        2         6         2.30      2         1          00:29      1          12:59      0                   0                   5.00           
2           1          01:27      15        5         1         5.20      2         1          01:27      1          01:38      0                   0                   5.00           
3           1          01:32      95        4         4         4.10      2         1          01:32      1          01:45      0                   0                   5.00           
4           1          02:13      30        3         3         3.30      2         1          02:13      1          05:16      0                   0                   5.00           
5           1          02:21      19        2         5         2.20      2         1          02:21      1          08:40      0                   0                   5.00           
6           1          02:41      81        4         3         4.10      2         1          02:41      1          04:25      0                   0                   5.00           
7           1          02:59      60        5         4         5.30      2         1          02:59      1          04:55      0                   0                   5.00           
8           1          03:10      82        1         2         1.10      2         1          03:10      1          03:22      0                   0                   5.00           
9           1          03:41      78        4         2         4.10      2         1          03:41      1          07:00      0                   0                   5.00           
10          1          03:54      73        2         3         2.10      2         1          03:54      1          06:46      0                   0                   5.00           
11          1          05:15      50        2         9         2.30      2         1          05:15      1          14:43      0                   0                   5.00           
12          1          05:28      97        1         9         1.10      2         1          05:28      1          13:55      0                   0                   5.00           
13          1          05:40      92        5         8         5.10      2         1          05:40      1          07:12      0                   0                   5.00           
14          1          05:51      38        5         5         5.30      2         1          05:51      1          06:59      0                   0                   5.00           
15          1          05:59      88        3         8         3.10      2         1          05:59      1          12:11      0                   0                   5.00           
16          1          06:03      13        3         10        3.20      2         1          06:03      1          13:28      0                   0                   5.00           
17          1          06:25      33        2         6         2.30      2         1          06:25      1          19:31      0                   0                   5.00           
18          1          06:48      66        4         9         4.10      2         1          06:48      1          07:54      0                   0                   5.00           
19          1          07:03      87        5         5         5.10      2         1          07:03      1          07:25      0                   0                   5.00           
20          1          09:44      16        1         9         1.20      2         1          09:44      1          17:13      0                   0                   5.00           
21          1          09:45      40        5         9         5.30      2         1          09:45      1          10:13      0                   0                   5.00           
22          1          10:22      43        4         0         4.30      2         1          10:22      1          13:19      0                   0                   5.00           
23          1          10:36      15        4         3         4.20      2         1          10:36      1          14:07      0                   0                   5.00           
24          1          10:46      68        1         9         1.10      2         1          10:46      1          17:55      0                   0                   5.00           
25          1          10:47      6         4         1         4.10      2         1          10:47      1          12:30      0                   0                   5.00           
26          1          10:51      87        2         9         2.10      2         1          10:51      1          22:07      0                   0                   5.00           
27          1          11:02      57        2         0         2.30      2         1          11:02      2          00:40      0                   0                   5.00           
28          1          11:30      61        1         3         1.30      2         1          11:30      1          20:00      0                   0                   5.00           
29          1          11:34      21        1         0         1.30      2         1          11:34      1          16:21      0                   0                   5.00           
30          1          11:44      28        1         1         1.30      2         1          12:11      2          06:39      0                   27                  5.00           
31          1          11:59      33        1         6         1.30      2         1          12:30      2          03:04      0                   31                  4.99           
32          1          13:21      59        5         3         5.30      2         1          13:21      1          14:39      0                   0                   5.00           
33          1          13:28      75        3         6         3.10      2         1          13:28      1          15:57      0                   0                   5.00           
34          1          13:44      27        4         1         4.30      2         1          13:44      1          17:43      0                   0                   5.00           
35          1          14:16      91        1         3         1.10      2         1          14:16      1          22:03      0                   0                   5.00           
36          1          14:17      7         4         4         4.10      2         1          14:17      1          14:18      0                   0                   5.00           
37          1          14:25      35        3         0         3.30      2         1          14:25      1          14:52      0                   0                   5.00           
38          1          14:54      72        3         3         3.10      2         1          14:54      1          21:47      0                   0                   5.00           
39          1          16:05      93        1         1         1.10      2         1          16:05      2          12:04      0                   0                   5.00           
40          1          16:14      46        3         10        3.30      2         1          16:14      1          23:49      0                   0                   5.00           
41          1          16:19      5         2         1         2.10      2         1          16:19      1          16:43      0                   0                   5.00           
42          1          16:41      89        5         5         5.10      2         1          16:41      1          18:30      0                   0                   5.00           
43          1          17:09      1         1         5         1.10      2         1          17:09      2          10:29      0                   0                   5.00           
44          1          17:10      51        2         6         2.30      2         1          17:13      1          23:45      0                   3                   5.00           
45          1          17:44      94        4         3         4.10      2         1          17:44      1          18:39      0                   0                   5.00           
46          1          17:57      21        5         9         5.30      2         1          17:57      1          19:08      0                   0                   5.00           
47          1          18:04      59        2         6         2.30      2         1          18:30      2          04:29      0                   26                  5.00           
48          1          18:40      75        5         1         5.10      2         1          18:40      1          20:04      0                   0                   5.00           
49          1          19:08      15        5         9         5.20      2         1          19:08      1          19:37      0                   0                   5.00           
50          1          19:55      7         4         7         4.10      2         1          19:55      1          21:46      0                   0                   5.00           
51          1          20:02      57        4         0         4.30      2         1          20:02      1          22:27      0                   0                   5.00           
52          1          20:04      20        4         1         4.20      2         1          20:04      1          23:01      0                   0                   5.00           
53          1          20:05      12        3         10        3.20      2         1          20:05      1          21:43      0                   0                   5.00           
54          1          20:22      72        5         2         5.10      2         1          21:43      1          23:15      0                   81                  4.79           
55          1          20:55      18        5         9         5.20      2         1          21:46      1          23:40      0                   51                  4.86           
56          1          21:10      46        5         6         5.30      2         1          21:47      1          23:21      0                   37                  4.96           
57          1          23:07      87        4         4         4.10      2         1          23:07      2          00:06      0                   0                   5.00           
58          1          23:20      95        3         3         3.10      2         1          23:20      1          23:56      0                   0                   5.00           
59          1          23:31      2         2         8         2.10      2         1          23:31      2          01:27      0                   0                   5.00           
60          1          23:53      71        1         2         1.10      2         1          23:53      2          15:55      0                   0                   5.00           
61          2          00:03      66        4         3         4.10      2         2          00:03      2          02:10      0                   0                   5.00           
62          2          00:22      7         5         9         5.10      2         2          00:22      2          00:55      0                   0                   5.00           
63          2          00:30      4         5         8         5.10      2         2          00:30      2          01:38      0                   0                   5.00           
64          2          00:47      99        1         2         1.10      2         2          00:47      2          02:09      0                   0                   5.00           
65          2          00:56      75        2         7         2.10      2         2          00:56      2          12:48      0                   0                   5.00           
66          2          03:23      42        1         10        1.30      2         2          03:23      2          13:38      0                   0                   5.00           
67          2          05:19      90        4         9         4.10      2         2          05:19      2          06:09      0                   0                   5.00           
68          2          05:56      42        1         2         1.30      2         2          05:56      2          17:39      0                   0                   5.00           
69          2          06:09      25        4         1         4.30      2         2          06:09      2          06:32      0                   0                   5.00           
70          2          06:39      41        5         3         5.30      2         2          06:39      2          07:20      0                   0                   5.00           
71          2          06:41      35        2         10        2.30      2         2          06:41      2          08:35      0                   0                   5.00           
72          2          06:49      57        1         3         1.30      2         2          06:49      3          00:33      0                   0                   5.00           
73          2          07:30      96        5         10        5.10      2         2          07:30      2          07:36      0                   0                   5.00           
74          2          08:00      64        1         6         1.30      2         2          08:00      2          21:02      0                   0                   5.00           
75          2          08:05      20        2         6         2.20      2         2          08:05      2          11:10      0                   0                   5.00           
76          2          08:22      27        3         4         3.30      2         2          08:22      2          12:05      0                   0                   5.00           
77          2          08:28      38        4         6         4.30      2         2          08:28      2          09:35      0                   0                   5.00           
78          2          09:01      35        2         8         2.30      2         2          09:01      2          12:02      0                   0                   5.00           
79          2          09:46      7         4         1         4.10      2         2          09:46      2          12:51      0                   0                   5.00           
80          2          10:07      79        4         5         4.10      2         2          10:07      2          11:02      0                   0                   5.00           
81          2          10:10      100       5         3         5.10      2         2          10:10      2          11:02      0                   0                   5.00           
82          2          12:02      34        4         9         4.30      2         2          12:02      2          12:15      0                   0                   5.00           
83          2          12:21      10        3         0         3.10      2         2          12:21      2          16:46      0                   0                   5.00           
84          2          12:53      100       5         7         5.10      2         2          12:53      2          14:07      0                   0                   5.00           
85          2          13:18      51        3         5         3.30      2         2          13:18      2          16:00      0                   0                   5.00           
86          2          13:34      17        2         5         2.20      2         2          13:34      2          22:00      0                   0                   5.00           
87          2          13:46      100       4         9         4.10      2         2          13:46      2          15:31      0                   0                   5.00           
88          2          13:53      32        4         1         4.30      2         2          13:53      2          16:09      0                   0                   5.00           
89          2          14:11      10        2         1         2.10      2         2          14:11      2          14:31      0                   0                   5.00           
90          2          15:17      62        2         5         2.30      2         2          15:17      2          22:14      0                   0                   5.00           
91          2          15:50      89        1         9         1.10      2         2          15:50      3          01:10      0                   0                   5.00           
92          2          15:53      61        3         5         3.30      2         2          15:53      2          17:08      0                   0                   5.00           
93          2          16:18      21        3         4         3.30      2         2          16:18      2          20:18      0                   0                   5.00           
94          2          16:39      52        4         0         4.30      2         2          16:39      2          16:41      0                   0                   5.00           
95          2          16:47      35        1         8         1.30      2         2          16:47      2          20:10      0                   0                   5.00           
96          2          16:55      36        4         7         4.30      2         2          16:55      2          19:12      0                   0                   5.00           
97          2          17:47      81        5         10        5.10      2         2          17:47      2          19:39      0                   0                   5.00           
98          2          17:49      6         4         10        4.10      2         2          17:49      2          20:31      0                   0                   5.00           
99          2          18:05      12        4         9         4.20      2         2          18:05      2          20:53      0                   0                   5.00           
100         2          18:11      81        2         8         2.10      2         2          18:11      2          19:39      0                   0                   5.00           
101         2          19:39      20        4         8         4.20      2         2          19:39      2          19:50      0                   0                   5.00           
102         2          19:45      51        3         6         3.30      2         2          19:45      2          22:47      0                   0                   5.00           
103         2          20:15      88        5         10        5.10      2         2          20:15      2          20:26      0                   0                   5.00           
104         2          20:27      58        3         0         3.30      2         2          20:27      3          01:23      0                   0                   5.00           
105         2          20:50      55        1         7         1.30      2         2          20:50      3          06:39      0                   0                   5.00           
106         2          20:53      26        4         7         4.30      2         2          20:53      2          23:36      0                   0                   5.00           
107         2          21:08      19        2         10        2.20      2         2          21:08      3          02:02      0                   0                   5.00           
108         2          21:30      50        1         0         1.30      2         2          21:30      3          11:12      0                   0                   5.00           
109         2          21:33      15        5         3         5.20      2         2          21:33      2          21:52      0                   0                   5.00           
110         2          21:54      98        2         7         2.10      2         2          21:54      3          12:11      0                   0                   5.00           
111         2          21:55      23        4         4         4.30      2         2          21:55      2          23:11      0                   0                   5.00           
112         2          22:24      74        4         1         4.10      2         2          22:24      3          00:47      0                   0                   5.00           
113         2          22:54      74        2         0         2.10      2         2          22:54      3          07:37      0                   0                   5.00           
114         2          23:01      49        2         0         2.30      2         2          23:01      3          00:58      0                   0                   5.00           
115         2          23:03      10        2         10        2.10      2         2          23:03      3          05:33      0                   0                   5.00           
116         2          23:24      35        3         8         3.30      2         2          23:24      3          02:11      0                   0                   5.00           
117         2          23:27      79        4         9         4.10      2         2          23:27      3          02:40      0                   0                   5.00           
118         2          23:32      71        3         10        3.10      2         2          23:32      3          05:29      0                   0                   5.00           
119         3          00:17      10        4         3         4.10      2         3          00:17      3          03:48      0                   0                   5.00           
120         3          00:26      50        1         4         1.30      2         3          00:33      3          19:05      0                   7                   5.00           
121         3          02:23      87        4         6         4.10      2         3          02:23      3          03:29      0                   0                   5.00           
122         3          02:42      57        2         7         2.30      2         3          02:42      3          13:21      0                   0                   5.00           
123         3          02:45      98        5         5         5.10      2         3          02:45      3          03:23      0                   0                   5.00           
124         3          02:48      2         1         6         1.10      2         3          02:48      3          07:00      0                   0                   5.00           
125         3          02:53      67        4         3         4.10      2         3          02:53      3          05:43      0                   0                   5.00           
126         3          03:17      7         1         1         1.10      2         3          03:17      3          21:18      0                   0                   5.00           
127         3          04:22      4         3         9         3.10      2         3          04:22      3          07:49      0                   0                   5.00           
128         3          04:28      84        3         3         3.10      2         3          04:28      3          14:17      0                   0                   5.00           
129         3          04:48      38        5         9         5.30      2         3          04:48      3          06:48      0                   0                   5.00           
130         3          04:50      37        3         10        3.30      2         3          04:50      3          10:19      0                   0                   5.00           
131         3          04:55      41        3         1         3.30      2         3          05:29      3          10:48      0                   34                  4.98           
132         3          05:42      57        5         10        5.30      2         3          05:42      3          06:12      0                   0                   5.00           
133         3          06:15      44        2         6         2.30      2         3          06:15      3          14:18      0                   0                   5.00           
134         3          07:09      85        2         10        2.10      2         3          07:09      3          11:18      0                   0                   5.00           
135         3          07:22      80        2         4         2.10      2         3          07:22      3          12:14      0                   0                   5.00           
136         3          07:25      63        3         8         3.30      2         3          07:25      3          12:13      0                   0                   5.00           
137         3          08:01      80        4         8         4.10      2         3          08:01      3          09:51      0                   0                   5.00           
138         3          08:21      62        3         8         3.30      2         3          08:21      3          15:19      0                   0                   5.00           
139         3          08:24      93        1         8         1.10      2         3          08:24      3          22:13      0                   0                   5.00           
140         3          08:50      94        2         5         2.10      2         3          09:51      3          19:24      0                   61                  4.84           
141         3          09:17      16        5         2         5.20      2         3          11:12      3          12:22      0                   115                 4.65           
142         3          09:22      95        2         1         2.10      2         3          10:19      3          21:14      0                   57                  4.90           
143         3          09:23      11        4         2         4.20      2         3          11:18      3          15:16      0                   115                 4.65           
144         3          09:27      26        2         0         2.30      1         3          12:11      0         TBD         34                  164                 4.53           
145         3          10:29      76        3         1         3.10      2         3          12:13      3          21:37      0                   104                 4.72           
146         3          10:30      51        1         5         1.30      1         3          10:48      0         TBD         376                 18                  5.00           
147         3          10:35      64        4         7         4.30      2         3          12:22      3          13:37      0                   107                 4.55           
148         3          10:45      97        5         4         5.10      2         3          13:21      3          14:32      0                   156                 4.39           
149         3          10:48      71        5         0         5.10      2         3          13:37      3          13:49      0                   169                 4.52           
150         3          11:01      59        5         1         5.30      2         3          13:49      3          14:39      0                   168                 4.47           
151         3          11:04      95        3         0         3.10      2         3          14:17      3          23:44      0                   193                 4.43           
152         3          11:09      74        1         10        1.10      2         3          12:14      3          15:44      0                   65                  4.76           
153         3          11:47      71        1         8         1.10      1         3          14:18      0         TBD         233                 151                 4.24           
154         3          11:58      100       1         1         1.10      1         3          14:32      0         TBD         592                 154                 4.53           
155         3          12:27      1         5         5         5.10      2         3          14:39      3          14:41      0                   132                 4.47           
156         3          12:50      3         4         2         4.10      2         3          14:41      3          15:08      0                   111                 4.66           
157         3          13:03      95        5         10        5.10      2         3          15:08      3          15:58      0                   125                 4.34           
158         3          13:26      44        3         7         3.30      2         3          15:16      3          18:02      0                   110                 4.53           
159         3          13:45      7         4         7         4.10      2         3          15:44      3          16:41      0                   119                 4.47           
160         3          13:48      79        3         3         3.10      2         3          15:58      3          17:12      0                   130                 4.55           
161         3          15:11      1         2         6         2.10      1         3          15:19      0         TBD         161                 8                   5.00           
162         3          15:44      73        2         4         2.10      1         3          17:12      0         TBD         442                 88                  4.72           
163         3          16:40      66        1         8         1.10      1         3          16:41      0         TBD         245                 1                   5.00           
164         3          18:18      80        2         1         2.10      1         3          18:18      0         TBD         370                 0                   5.00           
165         3          18:37      52        5         5         5.30      2         3          21:14      3          21:36      0                   157                 4.34           
166         3          18:45      99        1         5         1.10      1         3          19:05      0         TBD         352                 20                  5.00           
167         3          18:58      52        1         10        1.30      1         3          19:24      0         TBD         181                 26                  5.00           
168         3          19:38      96        3         4         3.10      2         3          21:18      3          22:55      0                   100                 4.66           
169         3          19:43      72        2         1         2.10      1         3          21:36      0         TBD         432                 113                 4.68           
170         3          19:46      71        4         6         4.10      1         3          21:37      0         TBD         86                  111                 4.55           
171         3          19:50      15        1         0         1.20      1         3          22:13      0         TBD         333                 143                 4.61           
172         3          20:42      92        5         4         5.10      1         3          22:55      0         TBD         42                  133                 4.50           
173         3          20:46      72        5         10        5.10      1         3          23:44      0         TBD         40                  178                 3.97           
174         3          21:10      59        1         10        1.30      0         0         TBD         0         TBD         0                   0                   0.00           
175         3          21:35      74        1         5         1.10      0         0         TBD         0         TBD         0                   0                   0.00           
176         3          21:51      4         3         8         3.10      0         0         TBD         0         TBD         0                   0                   0.00           
177         3          22:12      8         3         3         3.10      0         0         TBD         0         TBD         0                   0                   0.00           
178         3          22:40      58        1         1         1.30      0         0         TBD         0         TBD         0                   0                   0.00           
179         3          22:44      59        1         7         1.30      0         0         TBD         0         TBD         0                   0                   0.00           
180         3          23:50      60        4         6         4.30      0         0         TBD         0         TBD         0                   0                   0.00           
