Sim_N                         Day       AVG_SF_per_Day      
8443461543867503200           1         3.64                
8443461543867503200           2         1.46                
8443461543867503200           3         0.52                
8443461543867503200           4         0.66                
8443461543867503200           5         1.44                
8443461543867503200           6         0.77                
8443461543867503200           7         1.15                
8443461543867503200           8         0.74                
8443461543867503200           9         0.94                
8443461543867503200           10        1.11                
8443461543867503200           11        1.21                
8443461543867503200           12        0.95                
8443461543867503200           13        0.92                
8443461543867503200           14        1.00                
8443461543867503200           15        0.51                
