Sim_N                         Day       AVG_SF_per_Day      
3164596661569006522           1         4.20                
3164596661569006522           2         2.22                
3164596661569006522           3         0.94                
3164596661569006522           4         0.76                
3164596661569006522           5         0.84                
3164596661569006522           6         1.58                
3164596661569006522           7         0.70                
3164596661569006522           8         0.78                
3164596661569006522           9         1.39                
3164596661569006522           10        0.88                
3164596661569006522           11        0.68                
3164596661569006522           12        0.82                
3164596661569006522           13        0.99                
3164596661569006522           14        2.22                
3164596661569006522           15        0.50                
