Sim_N                         Day       AVG_SF_per_Day      
5424458883232508858           1         3.37                
5424458883232508858           2         1.29                
5424458883232508858           3         0.95                
5424458883232508858           4         0.70                
5424458883232508858           5         1.66                
5424458883232508858           6         1.24                
5424458883232508858           7         1.34                
5424458883232508858           8         0.80                
5424458883232508858           9         1.30                
5424458883232508858           10        1.43                
5424458883232508858           11        1.40                
5424458883232508858           12        1.84                
5424458883232508858           13        0.91                
5424458883232508858           14        0.84                
5424458883232508858           15        0.51                
