Sim_N                         Day       AVG_SF_per_Day      
1440907548101250908           1         3.95                
1440907548101250908           2         0.77                
1440907548101250908           3         1.15                
1440907548101250908           4         0.95                
1440907548101250908           5         0.77                
1440907548101250908           6         0.74                
1440907548101250908           7         1.02                
1440907548101250908           8         0.95                
1440907548101250908           9         0.78                
1440907548101250908           10        2.83                
1440907548101250908           11        0.96                
1440907548101250908           12        1.27                
1440907548101250908           13        0.90                
1440907548101250908           14        1.05                
1440907548101250908           15        0.51                
