Sim_N                         Day       AVG_SF_per_Day      
7654391316057451619           1         3.31                
7654391316057451619           2         2.12                
7654391316057451619           3         0.93                
7654391316057451619           4         0.75                
7654391316057451619           5         0.98                
7654391316057451619           6         1.08                
7654391316057451619           7         1.46                
7654391316057451619           8         1.06                
7654391316057451619           9         1.65                
7654391316057451619           10        1.45                
7654391316057451619           11        1.17                
7654391316057451619           12        0.57                
7654391316057451619           13        1.49                
7654391316057451619           14        1.02                
7654391316057451619           15        0.68                
