Sim_N                         Day       AVG_SF_per_Day      
1414345525423431398           1         3.67                
1414345525423431398           2         1.43                
1414345525423431398           3         0.92                
1414345525423431398           4         1.14                
1414345525423431398           5         0.82                
1414345525423431398           6         0.97                
1414345525423431398           7         1.14                
1414345525423431398           8         1.00                
1414345525423431398           9         0.91                
1414345525423431398           10        1.40                
1414345525423431398           11        2.74                
1414345525423431398           12        1.23                
1414345525423431398           13        0.58                
1414345525423431398           14        0.98                
1414345525423431398           15        0.58                
