Sim_N                         Day       AVG_SF_per_Day      
9137200496793493163           1         3.46                
9137200496793493163           2         0.83                
9137200496793493163           3         1.10                
9137200496793493163           4         1.03                
9137200496793493163           5         1.00                
9137200496793493163           6         1.66                
9137200496793493163           7         1.02                
9137200496793493163           8         1.85                
9137200496793493163           9         1.10                
9137200496793493163           10        1.00                
9137200496793493163           11        1.06                
9137200496793493163           12        0.55                
9137200496793493163           13        1.01                
9137200496793493163           14        0.82                
9137200496793493163           15        3.33                
