Sim_N                         Day       AVG_SF_per_Day      
5230350346220947062           1         3.60                
5230350346220947062           2         1.07                
5230350346220947062           3         1.11                
5230350346220947062           4         1.13                
5230350346220947062           5         2.24                
5230350346220947062           6         1.08                
5230350346220947062           7         1.10                
5230350346220947062           8         1.72                
5230350346220947062           9         0.92                
5230350346220947062           10        1.00                
5230350346220947062           11        0.98                
5230350346220947062           12        1.73                
5230350346220947062           13        1.15                
5230350346220947062           14        1.13                
5230350346220947062           15        2.89                
