Sim_N                         Day       AVG_SF_per_Day      
2716038855108528028           1         2.75                
2716038855108528028           2         1.23                
2716038855108528028           3         0.80                
2716038855108528028           4         0.95                
2716038855108528028           5         0.83                
2716038855108528028           6         1.21                
2716038855108528028           7         1.46                
2716038855108528028           8         1.05                
2716038855108528028           9         0.87                
2716038855108528028           10        0.87                
2716038855108528028           11        1.41                
2716038855108528028           12        1.61                
2716038855108528028           13        1.29                
2716038855108528028           14        2.31                
2716038855108528028           15        3.20                
