Sim_N                         Day       AVG_SF_per_Day      
3829976676834195774           1         4.57                
3829976676834195774           2         2.60                
3829976676834195774           3         0.94                
3829976676834195774           4         1.10                
3829976676834195774           5         0.89                
3829976676834195774           6         1.25                
3829976676834195774           7         0.88                
3829976676834195774           8         1.13                
3829976676834195774           9         1.70                
3829976676834195774           10        0.97                
3829976676834195774           11        1.04                
3829976676834195774           12        1.22                
3829976676834195774           13        1.10                
3829976676834195774           14        0.88                
3829976676834195774           15        2.62                
