Sim_N                         Day       AVG_SF_per_Day      
3385710997811366195           1         3.37                
3385710997811366195           2         1.05                
3385710997811366195           3         0.74                
3385710997811366195           4         1.18                
3385710997811366195           5         0.74                
3385710997811366195           6         1.09                
3385710997811366195           7         1.10                
3385710997811366195           8         2.36                
3385710997811366195           9         0.81                
3385710997811366195           10        0.89                
3385710997811366195           11        1.33                
3385710997811366195           12        0.95                
3385710997811366195           13        1.01                
3385710997811366195           14        1.13                
3385710997811366195           15        2.70                
