Sim_N                         Day       AVG_SF_per_Day      
1532892001220109878           1         4.56                
1532892001220109878           2         1.82                
1532892001220109878           3         1.07                
1532892001220109878           4         0.86                
1532892001220109878           5         1.16                
1532892001220109878           6         1.48                
1532892001220109878           7         0.84                
1532892001220109878           8         0.81                
1532892001220109878           9         1.21                
1532892001220109878           10        0.86                
1532892001220109878           11        0.95                
1532892001220109878           12        0.72                
1532892001220109878           13        1.22                
1532892001220109878           14        0.65                
1532892001220109878           15        3.61                
