Sim_N                         Day       AVG_SF_per_Day      
3762693551071605417           1         4.94                
3762693551071605417           2         4.17                
3762693551071605417           3         1.70                
3762693551071605417           4         0.82                
3762693551071605417           5         1.28                
3762693551071605417           6         1.48                
3762693551071605417           7         0.91                
3762693551071605417           8         1.49                
3762693551071605417           9         1.13                
3762693551071605417           10        0.99                
3762693551071605417           11        0.86                
3762693551071605417           12        1.25                
3762693551071605417           13        0.58                
3762693551071605417           14        0.84                
3762693551071605417           15        3.44                
