Sim_N                         Day       AVG_SF_per_Day      
4381562540114472950           1         3.80                
4381562540114472950           2         0.80                
4381562540114472950           3         1.33                
4381562540114472950           4         0.54                
4381562540114472950           5         0.98                
4381562540114472950           6         1.80                
4381562540114472950           7         1.00                
4381562540114472950           8         0.76                
4381562540114472950           9         1.58                
4381562540114472950           10        0.93                
4381562540114472950           11        1.12                
4381562540114472950           12        1.78                
4381562540114472950           13        1.30                
4381562540114472950           14        1.22                
4381562540114472950           15        3.16                
