Sim_N                         Day       AVG_SF_per_Day      
5397077123329344789           1         2.96                
5397077123329344789           2         1.10                
5397077123329344789           3         1.03                
5397077123329344789           4         1.81                
5397077123329344789           5         1.49                
5397077123329344789           6         0.87                
5397077123329344789           7         0.95                
5397077123329344789           8         2.32                
5397077123329344789           9         1.93                
5397077123329344789           10        0.67                
5397077123329344789           11        1.23                
5397077123329344789           12        0.99                
5397077123329344789           13        1.60                
5397077123329344789           14        1.11                
5397077123329344789           15        3.04                
