Sim_N                         Day       AVG_SF_per_Day      
6095660375580706677           1         4.10                
6095660375580706677           2         1.17                
6095660375580706677           3         1.03                
6095660375580706677           4         0.78                
6095660375580706677           5         1.08                
6095660375580706677           6         0.99                
6095660375580706677           7         0.95                
6095660375580706677           8         1.45                
6095660375580706677           9         1.28                
6095660375580706677           10        1.39                
6095660375580706677           11        1.42                
6095660375580706677           12        1.15                
6095660375580706677           13        1.06                
6095660375580706677           14        0.92                
6095660375580706677           15        2.84                
