Sim_N                         Day       AVG_SF_per_Day      
5689500984916749519           1         3.56                
5689500984916749519           2         0.76                
5689500984916749519           3         3.50                
5689500984916749519           4         1.31                
5689500984916749519           5         1.17                
5689500984916749519           6         1.52                
5689500984916749519           7         2.02                
5689500984916749519           8         1.36                
5689500984916749519           9         0.73                
5689500984916749519           10        1.30                
5689500984916749519           11        0.84                
5689500984916749519           12        0.58                
5689500984916749519           13        0.64                
5689500984916749519           14        1.35                
5689500984916749519           15        3.11                
