Sim_N                         Day       AVG_SF_per_Day      
3096870841130496867           1         3.76                
3096870841130496867           2         0.96                
3096870841130496867           3         0.65                
3096870841130496867           4         0.97                
3096870841130496867           5         0.97                
3096870841130496867           6         0.69                
3096870841130496867           7         1.14                
3096870841130496867           8         0.64                
3096870841130496867           9         0.81                
3096870841130496867           10        0.69                
3096870841130496867           11        0.65                
3096870841130496867           12        0.58                
3096870841130496867           13        1.02                
3096870841130496867           14        0.72                
3096870841130496867           15        2.82                
