Sim_N                         Day       AVG_SF_per_Day      
3392249312658397746           1         4.55                
3392249312658397746           2         3.54                
3392249312658397746           3         1.52                
3392249312658397746           4         1.53                
3392249312658397746           5         1.53                
3392249312658397746           6         0.99                
3392249312658397746           7         1.09                
3392249312658397746           8         0.84                
3392249312658397746           9         1.12                
3392249312658397746           10        0.56                
3392249312658397746           11        1.64                
3392249312658397746           12        0.94                
3392249312658397746           13        0.98                
3392249312658397746           14        0.83                
3392249312658397746           15        2.85                
