Sim_N                         Day       AVG_SF_per_Day      
4863459153307602198           1         4.47                
4863459153307602198           2         1.05                
4863459153307602198           3         1.17                
4863459153307602198           4         1.32                
4863459153307602198           5         0.90                
4863459153307602198           6         1.47                
4863459153307602198           7         0.94                
4863459153307602198           8         1.19                
4863459153307602198           9         1.09                
4863459153307602198           10        0.67                
4863459153307602198           11        1.17                
4863459153307602198           12        2.14                
4863459153307602198           13        2.11                
4863459153307602198           14        0.70                
4863459153307602198           15        2.52                
