Sim_N                         Day       AVG_SF_per_Day      
6050802158798900649           1         4.28                
6050802158798900649           2         2.57                
6050802158798900649           3         1.07                
6050802158798900649           4         1.10                
6050802158798900649           5         1.38                
6050802158798900649           6         1.03                
6050802158798900649           7         0.90                
6050802158798900649           8         1.42                
6050802158798900649           9         1.22                
6050802158798900649           10        0.84                
6050802158798900649           11        0.74                
6050802158798900649           12        1.51                
6050802158798900649           13        1.27                
6050802158798900649           14        1.20                
6050802158798900649           15        2.96                
