Sim_N                         Day       AVG_SF_per_Day      
1569692901715679936           1         3.32                
1569692901715679936           2         0.75                
1569692901715679936           3         0.71                
1569692901715679936           4         1.23                
1569692901715679936           5         0.99                
1569692901715679936           6         2.01                
1569692901715679936           7         1.03                
1569692901715679936           8         1.54                
1569692901715679936           9         1.01                
1569692901715679936           10        1.96                
1569692901715679936           11        1.45                
1569692901715679936           12        1.00                
1569692901715679936           13        1.37                
1569692901715679936           14        0.99                
1569692901715679936           15        3.61                
