Sim_N                         Day       AVG_SF_per_Day      
7019618350539726003           1         3.86                
7019618350539726003           2         1.08                
7019618350539726003           3         1.01                
7019618350539726003           4         0.72                
7019618350539726003           5         0.83                
7019618350539726003           6         1.72                
7019618350539726003           7         0.82                
7019618350539726003           8         1.73                
7019618350539726003           9         1.03                
7019618350539726003           10        0.85                
7019618350539726003           11        0.79                
7019618350539726003           12        1.42                
7019618350539726003           13        0.99                
7019618350539726003           14        1.15                
7019618350539726003           15        3.85                
