Sim_N                         Day       AVG_SF_per_Day      
5594077837057253362           1         4.44                
5594077837057253362           2         1.93                
5594077837057253362           3         1.18                
5594077837057253362           4         1.13                
5594077837057253362           5         1.07                
5594077837057253362           6         1.01                
5594077837057253362           7         1.23                
5594077837057253362           8         0.69                
5594077837057253362           9         0.95                
5594077837057253362           10        1.66                
5594077837057253362           11        0.56                
5594077837057253362           12        0.82                
5594077837057253362           13        0.73                
5594077837057253362           14        1.45                
5594077837057253362           15        3.06                
