Sim_N                         Day       AVG_SF_per_Day      
51727211081579670             1         2.98                
51727211081579670             2         0.73                
51727211081579670             3         0.78                
51727211081579670             4         1.14                
51727211081579670             5         0.80                
51727211081579670             6         1.14                
51727211081579670             7         1.10                
51727211081579670             8         0.78                
51727211081579670             9         0.89                
51727211081579670             10        1.01                
51727211081579670             11        0.97                
51727211081579670             12        1.37                
51727211081579670             13        0.75                
51727211081579670             14        0.85                
51727211081579670             15        3.03                
