Sim_N                         Day       AVG_SF_per_Day      
6855564470267153515           1         4.74                
6855564470267153515           2         4.17                
6855564470267153515           3         1.44                
6855564470267153515           4         1.92                
6855564470267153515           5         0.65                
6855564470267153515           6         2.19                
6855564470267153515           7         0.84                
6855564470267153515           8         1.05                
6855564470267153515           9         1.10                
6855564470267153515           10        0.66                
6855564470267153515           11        1.14                
6855564470267153515           12        1.56                
6855564470267153515           13        1.02                
6855564470267153515           14        1.14                
6855564470267153515           15        3.03                
