Sim_N                         Day       AVG_SF_per_Day      
3191911883550583561           1         3.50                
3191911883550583561           2         1.33                
3191911883550583561           3         1.07                
3191911883550583561           4         1.30                
3191911883550583561           5         1.19                
3191911883550583561           6         1.10                
3191911883550583561           7         0.78                
3191911883550583561           8         0.64                
3191911883550583561           9         0.62                
3191911883550583561           10        1.73                
3191911883550583561           11        1.23                
3191911883550583561           12        1.19                
3191911883550583561           13        0.91                
3191911883550583561           14        0.78                
3191911883550583561           15        2.70                
