Sim_N                         Day       AVG_SF_per_Day      
6307897517797116788           1         4.99                
6307897517797116788           2         2.09                
6307897517797116788           3         1.39                
6307897517797116788           4         1.13                
6307897517797116788           5         0.70                
6307897517797116788           6         0.76                
6307897517797116788           7         1.29                
6307897517797116788           8         1.44                
6307897517797116788           9         1.08                
6307897517797116788           10        1.22                
6307897517797116788           11        0.65                
6307897517797116788           12        1.04                
6307897517797116788           13        2.03                
6307897517797116788           14        1.47                
6307897517797116788           15        3.01                
