Sim_N                         Day       AVG_SF_per_Day      
7159000052782343097           1         3.28                
7159000052782343097           2         1.21                
7159000052782343097           3         0.71                
7159000052782343097           4         0.84                
7159000052782343097           5         1.62                
7159000052782343097           6         0.77                
7159000052782343097           7         1.05                
7159000052782343097           8         1.77                
7159000052782343097           9         1.35                
7159000052782343097           10        1.14                
7159000052782343097           11        1.17                
7159000052782343097           12        1.03                
7159000052782343097           13        1.03                
7159000052782343097           14        1.41                
7159000052782343097           15        2.77                
