Sim_N                         Day       AVG_SF_per_Day      
428493645748038925            1         3.84                
428493645748038925            2         1.38                
428493645748038925            3         0.69                
428493645748038925            4         0.86                
428493645748038925            5         1.40                
428493645748038925            6         1.08                
428493645748038925            7         1.16                
428493645748038925            8         1.56                
428493645748038925            9         0.67                
428493645748038925            10        2.12                
428493645748038925            11        1.06                
428493645748038925            12        1.50                
428493645748038925            13        1.38                
428493645748038925            14        0.70                
428493645748038925            15        2.48                
