Sim_N                         Day       AVG_SF_per_Day      
3969927854228536958           1         3.60                
3969927854228536958           2         1.86                
3969927854228536958           3         0.91                
3969927854228536958           4         0.74                
3969927854228536958           5         0.83                
3969927854228536958           6         0.98                
3969927854228536958           7         1.17                
3969927854228536958           8         2.53                
3969927854228536958           9         1.05                
3969927854228536958           10        0.89                
3969927854228536958           11        1.75                
3969927854228536958           12        1.27                
3969927854228536958           13        0.63                
3969927854228536958           14        1.35                
3969927854228536958           15        3.18                
