Sim_N                         Day       AVG_SF_per_Day      
2614531626441293938           1         3.66                
2614531626441293938           2         1.01                
2614531626441293938           3         0.74                
2614531626441293938           4         1.57                
2614531626441293938           5         0.86                
2614531626441293938           6         0.68                
2614531626441293938           7         1.46                
2614531626441293938           8         0.98                
2614531626441293938           9         0.90                
2614531626441293938           10        0.98                
2614531626441293938           11        0.98                
2614531626441293938           12        0.82                
2614531626441293938           13        0.78                
2614531626441293938           14        1.25                
2614531626441293938           15        3.13                
