Sim_N                         Day       AVG_SF_per_Day      
4866338279480132507           1         3.14                
4866338279480132507           2         1.38                
4866338279480132507           3         0.58                
4866338279480132507           4         0.80                
4866338279480132507           5         0.97                
4866338279480132507           6         1.97                
4866338279480132507           7         0.66                
4866338279480132507           8         0.92                
4866338279480132507           9         1.32                
4866338279480132507           10        1.09                
4866338279480132507           11        1.16                
4866338279480132507           12        0.84                
4866338279480132507           13        1.00                
4866338279480132507           14        1.64                
4866338279480132507           15        2.54                
