Sim_N                         Day       AVG_SF_per_Day      
7768868460263065685           1         2.08                
7768868460263065685           2         1.24                
7768868460263065685           3         0.94                
7768868460263065685           4         0.93                
7768868460263065685           5         0.90                
7768868460263065685           6         1.22                
7768868460263065685           7         1.07                
7768868460263065685           8         1.03                
7768868460263065685           9         0.77                
7768868460263065685           10        1.09                
7768868460263065685           11        0.88                
7768868460263065685           12        0.98                
7768868460263065685           13        0.65                
7768868460263065685           14        1.02                
7768868460263065685           15        3.08                
