Sim_N                         Day       AVG_SF_per_Day      
3746341040968765417           1         3.32                
3746341040968765417           2         0.73                
3746341040968765417           3         1.59                
3746341040968765417           4         1.11                
3746341040968765417           5         1.99                
3746341040968765417           6         1.08                
3746341040968765417           7         0.94                
3746341040968765417           8         1.39                
3746341040968765417           9         0.94                
3746341040968765417           10        1.07                
3746341040968765417           11        1.03                
3746341040968765417           12        1.26                
3746341040968765417           13        0.65                
3746341040968765417           14        1.06                
3746341040968765417           15        3.26                
