Sim_N                         Day       AVG_SF_per_Day      
7102089025734703098           1         3.98                
7102089025734703098           2         1.20                
7102089025734703098           3         0.73                
7102089025734703098           4         1.31                
7102089025734703098           5         1.88                
7102089025734703098           6         1.27                
7102089025734703098           7         0.75                
7102089025734703098           8         0.57                
7102089025734703098           9         1.07                
7102089025734703098           10        0.82                
7102089025734703098           11        0.99                
7102089025734703098           12        1.45                
7102089025734703098           13        1.64                
7102089025734703098           14        1.47                
7102089025734703098           15        3.62                
