Sim_N                         Day       AVG_SF_per_Day      
3707927481207317344           1         3.69                
3707927481207317344           2         2.87                
3707927481207317344           3         1.09                
3707927481207317344           4         0.75                
3707927481207317344           5         1.33                
3707927481207317344           6         1.11                
3707927481207317344           7         2.73                
3707927481207317344           8         1.66                
3707927481207317344           9         1.50                
3707927481207317344           10        0.75                
3707927481207317344           11        1.01                
3707927481207317344           12        1.47                
3707927481207317344           13        0.53                
3707927481207317344           14        1.15                
3707927481207317344           15        2.84                
