Sim_N                         Day       AVG_SF_per_Day      
3326938263354063194           1         4.25                
3326938263354063194           2         1.90                
3326938263354063194           3         1.30                
3326938263354063194           4         1.28                
3326938263354063194           5         1.34                
3326938263354063194           6         0.73                
3326938263354063194           7         1.30                
3326938263354063194           8         1.03                
3326938263354063194           9         0.81                
3326938263354063194           10        0.59                
3326938263354063194           11        1.43                
3326938263354063194           12        1.11                
3326938263354063194           13        1.08                
3326938263354063194           14        0.94                
3326938263354063194           15        3.06                
