Sim_N                         Day       AVG_SF_per_Day      
3372478343501459275           1         4.30                
3372478343501459275           2         2.08                
3372478343501459275           3         1.44                
3372478343501459275           4         0.89                
3372478343501459275           5         0.83                
3372478343501459275           6         0.95                
3372478343501459275           7         1.14                
3372478343501459275           8         0.80                
3372478343501459275           9         1.12                
3372478343501459275           10        0.64                
3372478343501459275           11        1.27                
3372478343501459275           12        1.17                
3372478343501459275           13        1.55                
3372478343501459275           14        0.89                
3372478343501459275           15        2.84                
