Sim_N                         Day       AVG_SF_per_Day      
745620917342181980            1         4.14                
745620917342181980            2         1.07                
745620917342181980            3         1.28                
745620917342181980            4         1.06                
745620917342181980            5         0.94                
745620917342181980            6         1.55                
745620917342181980            7         0.91                
745620917342181980            8         2.11                
745620917342181980            9         0.92                
745620917342181980            10        0.79                
745620917342181980            11        0.82                
745620917342181980            12        1.13                
745620917342181980            13        0.84                
745620917342181980            14        0.89                
745620917342181980            15        2.51                
