Sim_N                         Day       AVG_SF_per_Day      
5505941772531122170           1         2.86                
5505941772531122170           2         0.84                
5505941772531122170           3         0.96                
5505941772531122170           4         1.22                
5505941772531122170           5         2.01                
5505941772531122170           6         0.68                
5505941772531122170           7         1.38                
5505941772531122170           8         0.95                
5505941772531122170           9         1.46                
5505941772531122170           10        0.66                
5505941772531122170           11        0.96                
5505941772531122170           12        0.87                
5505941772531122170           13        1.07                
5505941772531122170           14        1.14                
5505941772531122170           15        3.34                
