Sim_N                         Day       AVG_SF_per_Day      
2075785902944874371           1         3.92                
2075785902944874371           2         1.12                
2075785902944874371           3         0.84                
2075785902944874371           4         0.94                
2075785902944874371           5         1.60                
2075785902944874371           6         1.35                
2075785902944874371           7         0.73                
2075785902944874371           8         1.15                
2075785902944874371           9         1.04                
2075785902944874371           10        1.32                
2075785902944874371           11        1.36                
2075785902944874371           12        0.99                
2075785902944874371           13        1.16                
2075785902944874371           14        1.37                
2075785902944874371           15        3.74                
