Sim_N                         Day       AVG_SF_per_Day      
2629195947054293623           1         3.72                
2629195947054293623           2         1.51                
2629195947054293623           3         1.23                
2629195947054293623           4         1.23                
2629195947054293623           5         0.85                
2629195947054293623           6         0.90                
2629195947054293623           7         1.07                
2629195947054293623           8         1.43                
2629195947054293623           9         0.86                
2629195947054293623           10        1.29                
2629195947054293623           11        1.72                
2629195947054293623           12        1.21                
2629195947054293623           13        0.93                
2629195947054293623           14        0.98                
2629195947054293623           15        2.99                
