Sim_N                         Day       AVG_SF_per_Day      
3283879739266864202           1         4.37                
3283879739266864202           2         1.73                
3283879739266864202           3         1.35                
3283879739266864202           4         0.98                
3283879739266864202           5         0.87                
3283879739266864202           6         1.28                
3283879739266864202           7         1.09                
3283879739266864202           8         1.42                
3283879739266864202           9         1.03                
3283879739266864202           10        1.06                
3283879739266864202           11        1.52                
3283879739266864202           12        1.15                
3283879739266864202           13        0.60                
3283879739266864202           14        1.11                
3283879739266864202           15        3.04                
