Sim_N                         Day       AVG_SF_per_Day      
4725794597013306999           1         4.98                
4725794597013306999           2         1.99                
4725794597013306999           3         2.29                
4725794597013306999           4         1.22                
4725794597013306999           5         1.00                
4725794597013306999           6         1.20                
4725794597013306999           7         0.77                
4725794597013306999           8         1.31                
4725794597013306999           9         0.66                
4725794597013306999           10        0.88                
4725794597013306999           11        1.12                
4725794597013306999           12        1.49                
4725794597013306999           13        0.99                
4725794597013306999           14        0.61                
4725794597013306999           15        3.45                
