Sim_N                         Day       AVG_SF_per_Day      
2778967565729642285           1         2.80                
2778967565729642285           2         1.25                
2778967565729642285           3         1.24                
2778967565729642285           4         1.15                
2778967565729642285           5         0.71                
2778967565729642285           6         1.42                
2778967565729642285           7         1.10                
2778967565729642285           8         1.07                
2778967565729642285           9         0.72                
2778967565729642285           10        1.03                
2778967565729642285           11        0.83                
2778967565729642285           12        0.89                
2778967565729642285           13        1.59                
2778967565729642285           14        0.86                
2778967565729642285           15        3.12                
