Sim_N                         Day       AVG_SF_per_Day      
3436426752097677774           1         2.91                
3436426752097677774           2         1.56                
3436426752097677774           3         1.12                
3436426752097677774           4         1.26                
3436426752097677774           5         0.93                
3436426752097677774           6         0.87                
3436426752097677774           7         0.85                
3436426752097677774           8         0.66                
3436426752097677774           9         1.11                
3436426752097677774           10        1.06                
3436426752097677774           11        1.19                
3436426752097677774           12        0.91                
3436426752097677774           13        0.93                
3436426752097677774           14        1.32                
3436426752097677774           15        3.12                
