Sim_N                         Day       AVG_SF_per_Day      
5418820912639814156           1         3.61                
5418820912639814156           2         1.28                
5418820912639814156           3         0.82                
5418820912639814156           4         0.89                
5418820912639814156           5         0.82                
5418820912639814156           6         0.98                
5418820912639814156           7         1.03                
5418820912639814156           8         1.17                
5418820912639814156           9         1.31                
5418820912639814156           10        0.95                
5418820912639814156           11        1.25                
5418820912639814156           12        1.15                
5418820912639814156           13        1.02                
5418820912639814156           14        1.20                
5418820912639814156           15        2.76                
