Sim_N                         Day       AVG_SF_per_Day      
1559347707498436466           1         2.85                
1559347707498436466           2         0.75                
1559347707498436466           3         0.80                
1559347707498436466           4         0.99                
1559347707498436466           5         1.27                
1559347707498436466           6         1.41                
1559347707498436466           7         1.05                
1559347707498436466           8         1.02                
1559347707498436466           9         0.84                
1559347707498436466           10        1.26                
1559347707498436466           11        0.68                
1559347707498436466           12        0.74                
1559347707498436466           13        0.82                
1559347707498436466           14        1.43                
1559347707498436466           15        3.07                
