Sim_N                         Day       AVG_SF_per_Day      
5535560174861854338           1         3.15                
5535560174861854338           2         1.17                
5535560174861854338           3         1.26                
5535560174861854338           4         1.16                
5535560174861854338           5         1.38                
5535560174861854338           6         1.12                
5535560174861854338           7         1.61                
5535560174861854338           8         1.09                
5535560174861854338           9         1.09                
5535560174861854338           10        1.29                
5535560174861854338           11        0.80                
5535560174861854338           12        0.80                
5535560174861854338           13        0.61                
5535560174861854338           14        1.36                
5535560174861854338           15        3.23                
