Sim_N                         Day       AVG_SF_per_Day      
5501443971260988545           1         2.88                
5501443971260988545           2         0.96                
5501443971260988545           3         0.79                
5501443971260988545           4         1.47                
5501443971260988545           5         0.93                
5501443971260988545           6         1.41                
5501443971260988545           7         0.78                
5501443971260988545           8         0.86                
5501443971260988545           9         1.02                
5501443971260988545           10        0.85                
5501443971260988545           11        0.84                
5501443971260988545           12        1.51                
5501443971260988545           13        1.03                
5501443971260988545           14        0.85                
5501443971260988545           15        3.06                
