Sim_N                         Day       AVG_SF_per_Day      
9086685790116521797           1         3.75                
9086685790116521797           2         1.93                
9086685790116521797           3         0.95                
9086685790116521797           4         1.12                
9086685790116521797           5         0.65                
9086685790116521797           6         1.44                
9086685790116521797           7         0.62                
9086685790116521797           8         0.99                
9086685790116521797           9         1.40                
9086685790116521797           10        1.53                
9086685790116521797           11        1.15                
9086685790116521797           12        1.02                
9086685790116521797           13        1.55                
9086685790116521797           14        0.98                
9086685790116521797           15        2.64                
