Sim_N                         Day       AVG_SF_per_Day      
7637688249116755550           1         4.36                
7637688249116755550           2         2.09                
7637688249116755550           3         1.35                
7637688249116755550           4         0.99                
7637688249116755550           5         0.69                
7637688249116755550           6         0.70                
7637688249116755550           7         1.26                
7637688249116755550           8         0.89                
7637688249116755550           9         0.89                
7637688249116755550           10        0.98                
7637688249116755550           11        1.25                
7637688249116755550           12        1.03                
7637688249116755550           13        0.70                
7637688249116755550           14        0.60                
7637688249116755550           15        2.48                
