Sim_N                         Day       AVG_SF_per_Day      
341693193148345828            1         4.80                
341693193148345828            2         2.71                
341693193148345828            3         0.90                
341693193148345828            4         1.39                
341693193148345828            5         1.47                
341693193148345828            6         1.07                
341693193148345828            7         0.63                
341693193148345828            8         1.39                
341693193148345828            9         0.93                
341693193148345828            10        0.95                
341693193148345828            11        1.02                
341693193148345828            12        0.83                
341693193148345828            13        0.98                
341693193148345828            14        0.92                
341693193148345828            15        3.30                
