Sim_N                         Day       AVG_SF_per_Day      
3814322933010818455           1         2.65                
3814322933010818455           2         0.72                
3814322933010818455           3         0.77                
3814322933010818455           4         1.30                
3814322933010818455           5         0.50                
3814322933010818455           6         0.90                
3814322933010818455           7         1.55                
3814322933010818455           8         0.91                
3814322933010818455           9         1.41                
3814322933010818455           10        0.81                
3814322933010818455           11        1.07                
3814322933010818455           12        1.13                
3814322933010818455           13        1.03                
3814322933010818455           14        1.20                
3814322933010818455           15        2.73                
