Sim_N                         Day       AVG_SF_per_Day      
3552776558687056264           1         2.61                
3552776558687056264           2         1.15                
3552776558687056264           3         1.72                
3552776558687056264           4         1.33                
3552776558687056264           5         0.66                
3552776558687056264           6         0.91                
3552776558687056264           7         1.00                
3552776558687056264           8         0.86                
3552776558687056264           9         0.63                
3552776558687056264           10        1.38                
3552776558687056264           11        0.90                
3552776558687056264           12        0.94                
3552776558687056264           13        1.19                
3552776558687056264           14        1.20                
3552776558687056264           15        2.69                
