Sim_N                         Day       AVG_SF_per_Day      
8598569114409858747           1         3.58                
8598569114409858747           2         0.89                
8598569114409858747           3         0.65                
8598569114409858747           4         0.81                
8598569114409858747           5         0.89                
8598569114409858747           6         0.85                
8598569114409858747           7         0.66                
8598569114409858747           8         1.11                
8598569114409858747           9         1.24                
8598569114409858747           10        0.89                
8598569114409858747           11        0.73                
8598569114409858747           12        0.91                
8598569114409858747           13        1.18                
8598569114409858747           14        1.42                
8598569114409858747           15        2.72                
