Sim_N                         Day       AVG_SF_per_Day      
5636862574922282970           1         3.06                
5636862574922282970           2         2.14                
5636862574922282970           3         1.05                
5636862574922282970           4         0.96                
5636862574922282970           5         0.96                
5636862574922282970           6         1.05                
5636862574922282970           7         1.11                
5636862574922282970           8         1.00                
5636862574922282970           9         1.91                
5636862574922282970           10        0.99                
5636862574922282970           11        0.74                
5636862574922282970           12        0.60                
5636862574922282970           13        1.03                
5636862574922282970           14        1.46                
5636862574922282970           15        3.21                
