Sim_N                         Day       AVG_SF_per_Day      
2758790699919525385           1         3.60                
2758790699919525385           2         1.51                
2758790699919525385           3         1.17                
2758790699919525385           4         0.94                
2758790699919525385           5         1.17                
2758790699919525385           6         0.99                
2758790699919525385           7         0.70                
2758790699919525385           8         0.60                
2758790699919525385           9         1.07                
2758790699919525385           10        1.14                
2758790699919525385           11        1.01                
2758790699919525385           12        1.20                
2758790699919525385           13        0.74                
2758790699919525385           14        1.20                
2758790699919525385           15        2.70                
