Sim_N                         Day       AVG_SF_per_Day      
3371802317507752502           1         2.04                
3371802317507752502           2         0.72                
3371802317507752502           3         1.30                
3371802317507752502           4         1.10                
3371802317507752502           5         1.60                
3371802317507752502           6         1.20                
3371802317507752502           7         0.75                
3371802317507752502           8         0.68                
3371802317507752502           9         0.89                
3371802317507752502           10        0.81                
3371802317507752502           11        1.24                
3371802317507752502           12        1.29                
3371802317507752502           13        1.07                
3371802317507752502           14        0.73                
3371802317507752502           15        2.91                
