Sim_N                         Day       AVG_SF_per_Day      
6789977008124034223           1         3.80                
6789977008124034223           2         1.14                
6789977008124034223           3         1.11                
6789977008124034223           4         1.07                
6789977008124034223           5         0.78                
6789977008124034223           6         1.19                
6789977008124034223           7         0.92                
6789977008124034223           8         0.91                
6789977008124034223           9         1.37                
6789977008124034223           10        1.17                
6789977008124034223           11        0.99                
6789977008124034223           12        1.06                
6789977008124034223           13        0.92                
6789977008124034223           14        2.18                
6789977008124034223           15        3.66                
