Sim_N                         Day       AVG_SF_per_Day      
4174273660882295379           1         4.59                
4174273660882295379           2         2.53                
4174273660882295379           3         0.84                
4174273660882295379           4         1.44                
4174273660882295379           5         1.54                
4174273660882295379           6         0.94                
4174273660882295379           7         0.72                
4174273660882295379           8         1.17                
4174273660882295379           9         1.70                
4174273660882295379           10        1.18                
4174273660882295379           11        0.64                
4174273660882295379           12        0.77                
4174273660882295379           13        0.73                
4174273660882295379           14        1.77                
4174273660882295379           15        2.37                
