Sim_N                         Day       AVG_SF_per_Day      
2254904825106844986           1         3.36                
2254904825106844986           2         1.26                
2254904825106844986           3         1.24                
2254904825106844986           4         1.81                
2254904825106844986           5         1.18                
2254904825106844986           6         0.81                
2254904825106844986           7         1.14                
2254904825106844986           8         1.46                
2254904825106844986           9         0.74                
2254904825106844986           10        0.77                
2254904825106844986           11        0.64                
2254904825106844986           12        1.00                
2254904825106844986           13        1.47                
2254904825106844986           14        1.22                
2254904825106844986           15        3.09                
