Sim_N                         Day       AVG_SF_per_Day      
5637775048955201131           1         3.41                
5637775048955201131           2         0.95                
5637775048955201131           3         0.83                
5637775048955201131           4         0.62                
5637775048955201131           5         0.83                
5637775048955201131           6         0.90                
5637775048955201131           7         1.53                
5637775048955201131           8         1.03                
5637775048955201131           9         0.68                
5637775048955201131           10        1.24                
5637775048955201131           11        0.35                
5637775048955201131           12        1.42                
5637775048955201131           13        1.16                
5637775048955201131           14        0.60                
5637775048955201131           15        3.06                
