Sim_N                         Day       AVG_SF_per_Day      
988093930889168190            1         3.91                
988093930889168190            2         2.26                
988093930889168190            3         1.27                
988093930889168190            4         0.98                
988093930889168190            5         0.72                
988093930889168190            6         1.08                
988093930889168190            7         1.03                
988093930889168190            8         0.70                
988093930889168190            9         0.92                
988093930889168190            10        0.75                
988093930889168190            11        0.95                
988093930889168190            12        0.98                
988093930889168190            13        0.78                
988093930889168190            14        1.45                
988093930889168190            15        2.99                
