Sim_N                         Day       AVG_SF_per_Day      
4510256258855849522           1         3.19                
4510256258855849522           2         1.38                
4510256258855849522           3         0.93                
4510256258855849522           4         1.04                
4510256258855849522           5         0.77                
4510256258855849522           6         0.86                
4510256258855849522           7         1.58                
4510256258855849522           8         1.27                
4510256258855849522           9         0.79                
4510256258855849522           10        0.86                
4510256258855849522           11        0.85                
4510256258855849522           12        1.40                
4510256258855849522           13        1.04                
4510256258855849522           14        1.64                
4510256258855849522           15        2.87                
