Sim_N                         Day       AVG_SF_per_Day      
180374612824591786            1         3.82                
180374612824591786            2         1.20                
180374612824591786            3         0.96                
180374612824591786            4         1.28                
180374612824591786            5         1.46                
180374612824591786            6         1.67                
180374612824591786            7         1.36                
180374612824591786            8         0.68                
180374612824591786            9         0.60                
180374612824591786            10        1.60                
180374612824591786            11        1.20                
180374612824591786            12        0.53                
180374612824591786            13        1.61                
180374612824591786            14        0.85                
180374612824591786            15        3.17                
