Sim_N                         Day       AVG_SF_per_Day      
3894005905469059500           1         4.24                
3894005905469059500           2         3.24                
3894005905469059500           3         1.17                
3894005905469059500           4         1.18                
3894005905469059500           5         2.25                
3894005905469059500           6         1.42                
3894005905469059500           7         1.24                
3894005905469059500           8         1.09                
3894005905469059500           9         0.95                
3894005905469059500           10        1.09                
3894005905469059500           11        0.80                
3894005905469059500           12        1.92                
3894005905469059500           13        1.01                
3894005905469059500           14        1.59                
3894005905469059500           15        2.80                
