Sim_N                         Day       AVG_SF_per_Day      
2778449155984529602           1         2.80                
2778449155984529602           2         1.06                
2778449155984529602           3         0.89                
2778449155984529602           4         1.17                
2778449155984529602           5         1.27                
2778449155984529602           6         1.75                
2778449155984529602           7         0.99                
2778449155984529602           8         1.37                
2778449155984529602           9         1.16                
2778449155984529602           10        0.80                
2778449155984529602           11        1.87                
2778449155984529602           12        1.38                
2778449155984529602           13        1.68                
2778449155984529602           14        0.79                
2778449155984529602           15        2.45                
