Sim_N                         Day       AVG_SF_per_Day      
2244930447427245374           1         4.08                
2244930447427245374           2         0.90                
2244930447427245374           3         0.75                
2244930447427245374           4         0.77                
2244930447427245374           5         0.83                
2244930447427245374           6         1.07                
2244930447427245374           7         1.28                
2244930447427245374           8         0.77                
2244930447427245374           9         1.18                
2244930447427245374           10        1.15                
2244930447427245374           11        1.39                
2244930447427245374           12        0.71                
2244930447427245374           13        0.93                
2244930447427245374           14        1.49                
2244930447427245374           15        2.63                
