Sim_N                         Day       AVG_SF_per_Day      
1550776374700322278           1         4.17                
1550776374700322278           2         1.19                
1550776374700322278           3         0.84                
1550776374700322278           4         1.11                
1550776374700322278           5         0.83                
1550776374700322278           6         1.26                
1550776374700322278           7         0.91                
1550776374700322278           8         0.80                
1550776374700322278           9         0.78                
1550776374700322278           10        1.72                
1550776374700322278           11        1.38                
1550776374700322278           12        1.09                
1550776374700322278           13        1.32                
1550776374700322278           14        0.74                
1550776374700322278           15        3.30                
