Sim_N                         Day       AVG_SF_per_Day      
5566367133101727998           1         3.84                
5566367133101727998           2         1.31                
5566367133101727998           3         1.39                
5566367133101727998           4         0.73                
5566367133101727998           5         1.15                
5566367133101727998           6         0.83                
5566367133101727998           7         1.25                
5566367133101727998           8         1.78                
5566367133101727998           9         0.84                
5566367133101727998           10        0.53                
5566367133101727998           11        0.67                
5566367133101727998           12        1.21                
5566367133101727998           13        1.03                
5566367133101727998           14        0.69                
5566367133101727998           15        2.75                
