Sim_N                         Day       AVG_SF_per_Day      
5581395083719361688           1         2.76                
5581395083719361688           2         0.94                
5581395083719361688           3         1.22                
5581395083719361688           4         0.93                
5581395083719361688           5         1.32                
5581395083719361688           6         0.66                
5581395083719361688           7         0.79                
5581395083719361688           8         0.95                
5581395083719361688           9         1.43                
5581395083719361688           10        1.36                
5581395083719361688           11        2.64                
5581395083719361688           12        1.06                
5581395083719361688           13        1.24                
5581395083719361688           14        1.32                
5581395083719361688           15        2.49                
