Sim_N                         Day       AVG_SF_per_Day      
8812879335639619082           1         3.90                
8812879335639619082           2         1.03                
8812879335639619082           3         2.34                
8812879335639619082           4         1.00                
8812879335639619082           5         1.11                
8812879335639619082           6         1.32                
8812879335639619082           7         1.50                
8812879335639619082           8         0.60                
8812879335639619082           9         0.71                
8812879335639619082           10        1.49                
8812879335639619082           11        0.93                
8812879335639619082           12        2.04                
8812879335639619082           13        1.28                
8812879335639619082           14        0.90                
8812879335639619082           15        2.82                
