Sim_N                         Day       AVG_SF_per_Day      
10256301389627555             1         4.25                
10256301389627555             2         1.26                
10256301389627555             3         0.97                
10256301389627555             4         1.07                
10256301389627555             5         0.85                
10256301389627555             6         1.16                
10256301389627555             7         1.06                
10256301389627555             8         1.18                
10256301389627555             9         0.90                
10256301389627555             10        1.24                
10256301389627555             11        0.98                
10256301389627555             12        1.46                
10256301389627555             13        1.28                
10256301389627555             14        0.96                
10256301389627555             15        2.76                
