Sim_N                         Day       AVG_SF_per_Day      
1767870511489595904           1         3.64                
1767870511489595904           2         0.91                
1767870511489595904           3         1.19                
1767870511489595904           4         1.84                
1767870511489595904           5         0.74                
1767870511489595904           6         1.23                
1767870511489595904           7         0.93                
1767870511489595904           8         0.92                
1767870511489595904           9         0.58                
1767870511489595904           10        1.11                
1767870511489595904           11        0.63                
1767870511489595904           12        0.86                
1767870511489595904           13        1.53                
1767870511489595904           14        1.37                
1767870511489595904           15        3.28                
