Sim_N                         Day       AVG_SF_per_Day      
1264061420885770598           1         4.54                
1264061420885770598           2         1.82                
1264061420885770598           3         1.07                
1264061420885770598           4         0.67                
1264061420885770598           5         0.53                
1264061420885770598           6         1.12                
1264061420885770598           7         1.16                
1264061420885770598           8         0.57                
1264061420885770598           9         2.11                
1264061420885770598           10        2.14                
1264061420885770598           11        0.94                
1264061420885770598           12        0.85                
1264061420885770598           13        1.11                
1264061420885770598           14        0.95                
1264061420885770598           15        2.60                
