Sim_N                         Day       AVG_SF_per_Day      
7658481202536594566           1         2.59                
7658481202536594566           2         0.98                
7658481202536594566           3         0.79                
7658481202536594566           4         0.62                
7658481202536594566           5         1.18                
7658481202536594566           6         1.43                
7658481202536594566           7         2.72                
7658481202536594566           8         1.08                
7658481202536594566           9         0.83                
7658481202536594566           10        1.35                
7658481202536594566           11        0.91                
7658481202536594566           12        0.73                
7658481202536594566           13        0.64                
7658481202536594566           14        0.42                
7658481202536594566           15        3.11                
