Sim_N                         Day       AVG_SF_per_Day      
7701927810573767652           1         3.20                
7701927810573767652           2         1.51                
7701927810573767652           3         0.67                
7701927810573767652           4         1.83                
7701927810573767652           5         0.69                
7701927810573767652           6         1.25                
7701927810573767652           7         1.36                
7701927810573767652           8         1.19                
7701927810573767652           9         1.45                
7701927810573767652           10        1.49                
7701927810573767652           11        0.94                
7701927810573767652           12        0.54                
7701927810573767652           13        1.47                
7701927810573767652           14        1.11                
7701927810573767652           15        2.80                
