Sim_N                         Day       AVG_SF_per_Day      
1905485879975272315           1         3.60                
1905485879975272315           2         1.19                
1905485879975272315           3         0.99                
1905485879975272315           4         0.83                
1905485879975272315           5         1.13                
1905485879975272315           6         1.90                
1905485879975272315           7         1.02                
1905485879975272315           8         1.26                
1905485879975272315           9         1.10                
1905485879975272315           10        1.11                
1905485879975272315           11        1.10                
1905485879975272315           12        1.36                
1905485879975272315           13        0.89                
1905485879975272315           14        1.06                
1905485879975272315           15        2.91                
