Sim_N                         Day       AVG_SF_per_Day      
2700648855869383742           1         3.71                
2700648855869383742           2         3.29                
2700648855869383742           3         1.41                
2700648855869383742           4         0.66                
2700648855869383742           5         0.76                
2700648855869383742           6         1.74                
2700648855869383742           7         1.91                
2700648855869383742           8         1.09                
2700648855869383742           9         0.62                
2700648855869383742           10        0.78                
2700648855869383742           11        0.91                
2700648855869383742           12        0.91                
2700648855869383742           13        0.98                
2700648855869383742           14        0.80                
2700648855869383742           15        2.82                
