Sim_N                         Day       AVG_SF_per_Day      
3101060542720137038           1         3.61                
3101060542720137038           2         1.09                
3101060542720137038           3         0.98                
3101060542720137038           4         0.89                
3101060542720137038           5         1.99                
3101060542720137038           6         1.05                
3101060542720137038           7         0.83                
3101060542720137038           8         1.17                
3101060542720137038           9         1.20                
3101060542720137038           10        1.97                
3101060542720137038           11        1.38                
3101060542720137038           12        0.93                
3101060542720137038           13        0.64                
3101060542720137038           14        0.81                
3101060542720137038           15        2.63                
