Sim_N                         Day       AVG_SF_per_Day      
2161627098382397456           1         3.50                
2161627098382397456           2         2.23                
2161627098382397456           3         1.45                
2161627098382397456           4         0.49                
2161627098382397456           5         1.04                
2161627098382397456           6         1.12                
2161627098382397456           7         1.39                
2161627098382397456           8         1.57                
2161627098382397456           9         0.80                
2161627098382397456           10        0.99                
2161627098382397456           11        1.10                
2161627098382397456           12        0.82                
2161627098382397456           13        0.65                
2161627098382397456           14        0.48                
2161627098382397456           15        2.66                
