Sim_N                         Day       AVG_SF_per_Day      
7251301425844570987           1         3.37                
7251301425844570987           2         1.49                
7251301425844570987           3         0.88                
7251301425844570987           4         1.06                
7251301425844570987           5         0.97                
7251301425844570987           6         1.22                
7251301425844570987           7         1.32                
7251301425844570987           8         1.26                
7251301425844570987           9         0.77                
7251301425844570987           10        0.89                
7251301425844570987           11        1.13                
7251301425844570987           12        1.09                
7251301425844570987           13        1.00                
7251301425844570987           14        1.24                
7251301425844570987           15        3.07                
