Sim_N                         Day       AVG_SF_per_Day      
32433908551102803             1         3.39                
32433908551102803             2         1.48                
32433908551102803             3         0.54                
32433908551102803             4         1.06                
32433908551102803             5         0.89                
32433908551102803             6         0.89                
32433908551102803             7         1.42                
32433908551102803             8         1.35                
32433908551102803             9         0.70                
32433908551102803             10        1.57                
32433908551102803             11        1.06                
32433908551102803             12        0.98                
32433908551102803             13        0.82                
32433908551102803             14        0.70                
32433908551102803             15        3.14                
