Sim_N                         Day       AVG_SF_per_Day      
5028555302060669051           1         3.35                
5028555302060669051           2         0.91                
5028555302060669051           3         1.26                
5028555302060669051           4         1.24                
5028555302060669051           5         1.17                
5028555302060669051           6         1.21                
5028555302060669051           7         0.43                
5028555302060669051           8         0.82                
5028555302060669051           9         1.57                
5028555302060669051           10        1.28                
5028555302060669051           11        1.17                
5028555302060669051           12        1.39                
5028555302060669051           13        1.03                
5028555302060669051           14        1.26                
5028555302060669051           15        3.75                
