Sim_N                         Day       AVG_SF_per_Day      
8094047610481861551           1         4.87                
8094047610481861551           2         2.64                
8094047610481861551           3         0.86                
8094047610481861551           4         1.37                
8094047610481861551           5         0.93                
8094047610481861551           6         1.22                
8094047610481861551           7         1.44                
8094047610481861551           8         1.02                
8094047610481861551           9         1.31                
8094047610481861551           10        0.76                
8094047610481861551           11        1.13                
8094047610481861551           12        0.81                
8094047610481861551           13        1.70                
8094047610481861551           14        0.74                
8094047610481861551           15        2.83                
