Sim_N                         Day       AVG_SF_per_Day      
4842532266834043631           1         3.68                
4842532266834043631           2         1.04                
4842532266834043631           3         0.94                
4842532266834043631           4         1.05                
4842532266834043631           5         1.09                
4842532266834043631           6         1.19                
4842532266834043631           7         1.16                
4842532266834043631           8         0.51                
4842532266834043631           9         1.18                
4842532266834043631           10        0.91                
4842532266834043631           11        1.07                
4842532266834043631           12        0.47                
4842532266834043631           13        1.45                
4842532266834043631           14        2.09                
4842532266834043631           15        3.05                
