Sim_N                         Day       AVG_SF_per_Day      
1839659471554284024           1         2.96                
1839659471554284024           2         1.45                
1839659471554284024           3         0.84                
1839659471554284024           4         2.07                
1839659471554284024           5         1.00                
1839659471554284024           6         0.93                
1839659471554284024           7         0.99                
1839659471554284024           8         0.70                
1839659471554284024           9         1.43                
1839659471554284024           10        1.23                
1839659471554284024           11        0.60                
1839659471554284024           12        1.41                
1839659471554284024           13        1.24                
1839659471554284024           14        1.89                
1839659471554284024           15        3.55                
