Sim_N                         Day       AVG_SF_per_Day      
8990501330650509544           1         4.37                
8990501330650509544           2         1.39                
8990501330650509544           3         0.71                
8990501330650509544           4         1.66                
8990501330650509544           5         1.48                
8990501330650509544           6         0.94                
8990501330650509544           7         0.95                
8990501330650509544           8         0.77                
8990501330650509544           9         1.13                
8990501330650509544           10        0.72                
8990501330650509544           11        0.96                
8990501330650509544           12        0.80                
8990501330650509544           13        0.66                
8990501330650509544           14        1.26                
8990501330650509544           15        2.87                
