Sim_N                         Day       AVG_SF_per_Day      
4580481966632248216           1         2.90                
4580481966632248216           2         2.33                
4580481966632248216           3         0.88                
4580481966632248216           4         0.98                
4580481966632248216           5         1.04                
4580481966632248216           6         1.04                
4580481966632248216           7         2.33                
4580481966632248216           8         1.08                
4580481966632248216           9         1.08                
4580481966632248216           10        1.67                
4580481966632248216           11        0.82                
4580481966632248216           12        0.89                
4580481966632248216           13        1.17                
4580481966632248216           14        0.77                
4580481966632248216           15        3.04                
