Sim_N                         Day       AVG_SF_per_Day      
5427119536275691901           1         3.47                
5427119536275691901           2         0.71                
5427119536275691901           3         1.01                
5427119536275691901           4         0.78                
5427119536275691901           5         0.91                
5427119536275691901           6         1.06                
5427119536275691901           7         1.19                
5427119536275691901           8         1.04                
5427119536275691901           9         1.36                
5427119536275691901           10        1.34                
5427119536275691901           11        0.85                
5427119536275691901           12        1.48                
5427119536275691901           13        0.74                
5427119536275691901           14        1.09                
5427119536275691901           15        3.03                
