Sim_N                         Day       AVG_SF_per_Day      
4419469448693833431           1         3.79                
4419469448693833431           2         2.09                
4419469448693833431           3         1.00                
4419469448693833431           4         0.89                
4419469448693833431           5         0.63                
4419469448693833431           6         2.57                
4419469448693833431           7         1.53                
4419469448693833431           8         1.12                
4419469448693833431           9         1.08                
4419469448693833431           10        1.98                
4419469448693833431           11        1.02                
4419469448693833431           12        0.87                
4419469448693833431           13        0.76                
4419469448693833431           14        1.18                
4419469448693833431           15        2.62                
