Sim_N                         Day       AVG_SF_per_Day      
7812214655172038485           1         2.40                
7812214655172038485           2         0.97                
7812214655172038485           3         1.22                
7812214655172038485           4         1.21                
7812214655172038485           5         0.95                
7812214655172038485           6         0.57                
7812214655172038485           7         1.01                
7812214655172038485           8         1.45                
7812214655172038485           9         0.98                
7812214655172038485           10        0.56                
7812214655172038485           11        1.11                
7812214655172038485           12        1.23                
7812214655172038485           13        1.56                
7812214655172038485           14        1.20                
7812214655172038485           15        3.78                
