Sim_N                         Day       AVG_SF_per_Day      
5837470467970675066           1         2.34                
5837470467970675066           2         1.01                
5837470467970675066           3         1.20                
5837470467970675066           4         1.35                
5837470467970675066           5         1.14                
5837470467970675066           6         1.52                
5837470467970675066           7         1.69                
5837470467970675066           8         0.66                
5837470467970675066           9         0.88                
5837470467970675066           10        1.79                
5837470467970675066           11        1.62                
5837470467970675066           12        0.97                
5837470467970675066           13        1.26                
5837470467970675066           14        0.76                
5837470467970675066           15        3.63                
