Sim_N                         Day       AVG_SF_per_Day      
7984892534839615768           1         2.86                
7984892534839615768           2         1.15                
7984892534839615768           3         2.55                
7984892534839615768           4         2.10                
7984892534839615768           5         0.78                
7984892534839615768           6         0.84                
7984892534839615768           7         1.17                
7984892534839615768           8         1.53                
7984892534839615768           9         1.19                
7984892534839615768           10        1.17                
7984892534839615768           11        0.79                
7984892534839615768           12        0.98                
7984892534839615768           13        1.02                
7984892534839615768           14        1.18                
7984892534839615768           15        2.64                
