Sim_N                         Day       AVG_SF_per_Day      
7595492203616634357           1         3.79                
7595492203616634357           2         1.03                
7595492203616634357           3         1.05                
7595492203616634357           4         0.96                
7595492203616634357           5         1.75                
7595492203616634357           6         0.93                
7595492203616634357           7         0.61                
7595492203616634357           8         1.17                
7595492203616634357           9         1.31                
7595492203616634357           10        1.78                
7595492203616634357           11        1.74                
7595492203616634357           12        0.72                
7595492203616634357           13        1.35                
7595492203616634357           14        1.04                
7595492203616634357           15        3.25                
