Sim_N                         Day       AVG_SF_per_Day      
7707674904424903196           1         4.39                
7707674904424903196           2         2.70                
7707674904424903196           3         1.19                
7707674904424903196           4         0.89                
7707674904424903196           5         0.78                
7707674904424903196           6         1.42                
7707674904424903196           7         1.05                
7707674904424903196           8         1.83                
7707674904424903196           9         0.81                
7707674904424903196           10        1.55                
7707674904424903196           11        1.31                
7707674904424903196           12        1.34                
7707674904424903196           13        0.76                
7707674904424903196           14        1.83                
7707674904424903196           15        3.19                
