Sim_N                         Day       AVG_SF_per_Day      
8895327962620030558           1         2.57                
8895327962620030558           2         0.95                
8895327962620030558           3         0.91                
8895327962620030558           4         0.68                
8895327962620030558           5         1.07                
8895327962620030558           6         0.95                
8895327962620030558           7         1.19                
8895327962620030558           8         1.27                
8895327962620030558           9         1.58                
8895327962620030558           10        1.21                
8895327962620030558           11        1.53                
8895327962620030558           12        0.64                
8895327962620030558           13        1.38                
8895327962620030558           14        0.80                
8895327962620030558           15        3.02                
