Sim_N                         Day       AVG_SF_per_Day      
8031751780855178225           1         4.46                
8031751780855178225           2         1.70                
8031751780855178225           3         1.13                
8031751780855178225           4         1.54                
8031751780855178225           5         1.25                
8031751780855178225           6         1.05                
8031751780855178225           7         0.55                
8031751780855178225           8         0.77                
8031751780855178225           9         1.39                
8031751780855178225           10        1.24                
8031751780855178225           11        0.93                
8031751780855178225           12        1.88                
8031751780855178225           13        1.69                
8031751780855178225           14        0.82                
8031751780855178225           15        3.28                
