Sim_N                         Day       AVG_SF_per_Day      
6687077817582624855           1         4.26                
6687077817582624855           2         1.75                
6687077817582624855           3         0.84                
6687077817582624855           4         0.79                
6687077817582624855           5         0.60                
6687077817582624855           6         1.23                
6687077817582624855           7         0.57                
6687077817582624855           8         1.73                
6687077817582624855           9         1.44                
6687077817582624855           10        0.69                
6687077817582624855           11        0.89                
6687077817582624855           12        1.67                
6687077817582624855           13        0.68                
6687077817582624855           14        0.84                
6687077817582624855           15        3.06                
