Sim_N                         Day       AVG_SF_per_Day      
349958483842236280            1         3.90                
349958483842236280            2         3.23                
349958483842236280            3         0.99                
349958483842236280            4         1.45                
349958483842236280            5         1.19                
349958483842236280            6         0.71                
349958483842236280            7         0.96                
349958483842236280            8         1.14                
349958483842236280            9         1.33                
349958483842236280            10        0.74                
349958483842236280            11        1.07                
349958483842236280            12        0.81                
349958483842236280            13        1.25                
349958483842236280            14        0.70                
349958483842236280            15        3.31                
