Sim_N                         Day       AVG_SF_per_Day      
7592865973662238198           1         3.97                
7592865973662238198           2         1.22                
7592865973662238198           3         1.38                
7592865973662238198           4         1.06                
7592865973662238198           5         1.12                
7592865973662238198           6         0.89                
7592865973662238198           7         0.55                
7592865973662238198           8         0.80                
7592865973662238198           9         0.75                
7592865973662238198           10        1.26                
7592865973662238198           11        1.10                
7592865973662238198           12        0.57                
7592865973662238198           13        1.45                
7592865973662238198           14        1.00                
7592865973662238198           15        2.75                
