Sim_N                         Day       AVG_SF_per_Day      
7952465563969120601           1         4.72                
7952465563969120601           2         3.08                
7952465563969120601           3         1.95                
7952465563969120601           4         0.79                
7952465563969120601           5         0.91                
7952465563969120601           6         1.69                
7952465563969120601           7         1.16                
7952465563969120601           8         1.14                
7952465563969120601           9         0.74                
7952465563969120601           10        0.67                
7952465563969120601           11        0.94                
7952465563969120601           12        0.70                
7952465563969120601           13        1.15                
7952465563969120601           14        1.03                
7952465563969120601           15        3.22                
