Sim_N                         Day       AVG_SF_per_Day      
7469189013869258301           1         3.83                
7469189013869258301           2         1.06                
7469189013869258301           3         0.72                
7469189013869258301           4         1.03                
7469189013869258301           5         1.17                
7469189013869258301           6         1.05                
7469189013869258301           7         0.98                
7469189013869258301           8         2.79                
7469189013869258301           9         1.16                
7469189013869258301           10        0.76                
7469189013869258301           11        1.02                
7469189013869258301           12        1.18                
7469189013869258301           13        0.89                
7469189013869258301           14        1.41                
7469189013869258301           15        2.91                
