Sim_N                         Day       AVG_SF_per_Day      
2409887947718551752           1         4.11                
2409887947718551752           2         0.83                
2409887947718551752           3         0.86                
2409887947718551752           4         1.35                
2409887947718551752           5         1.15                
2409887947718551752           6         0.90                
2409887947718551752           7         1.71                
2409887947718551752           8         1.17                
2409887947718551752           9         1.57                
2409887947718551752           10        0.78                
2409887947718551752           11        0.85                
2409887947718551752           12        1.41                
2409887947718551752           13        0.63                
2409887947718551752           14        1.08                
2409887947718551752           15        3.08                
