Sim_N                         Day       AVG_SF_per_Day      
2155079778640157514           1         4.01                
2155079778640157514           2         0.90                
2155079778640157514           3         1.26                
2155079778640157514           4         1.35                
2155079778640157514           5         0.80                
2155079778640157514           6         2.13                
2155079778640157514           7         0.72                
2155079778640157514           8         0.64                
2155079778640157514           9         0.66                
2155079778640157514           10        1.10                
2155079778640157514           11        1.70                
2155079778640157514           12        0.90                
2155079778640157514           13        0.96                
2155079778640157514           14        1.21                
2155079778640157514           15        2.86                
