Sim_N                         Day       AVG_SF_per_Day      
1571570981700748999           1         2.38                
1571570981700748999           2         1.07                
1571570981700748999           3         0.83                
1571570981700748999           4         1.53                
1571570981700748999           5         1.00                
1571570981700748999           6         1.06                
1571570981700748999           7         1.35                
1571570981700748999           8         0.70                
1571570981700748999           9         0.77                
1571570981700748999           10        0.98                
1571570981700748999           11        1.69                
1571570981700748999           12        2.50                
1571570981700748999           13        1.98                
1571570981700748999           14        1.64                
1571570981700748999           15        3.56                
