Sim_N                         Day       AVG_SF_per_Day      
7373285362142621521           1         4.48                
7373285362142621521           2         2.32                
7373285362142621521           3         1.29                
7373285362142621521           4         0.94                
7373285362142621521           5         0.86                
7373285362142621521           6         0.66                
7373285362142621521           7         1.11                
7373285362142621521           8         0.73                
7373285362142621521           9         1.80                
7373285362142621521           10        1.30                
7373285362142621521           11        0.82                
7373285362142621521           12        0.90                
7373285362142621521           13        1.16                
7373285362142621521           14        1.16                
7373285362142621521           15        3.16                
