Sim_N                         Day       AVG_SF_per_Day      
5911259929103820948           1         3.73                
5911259929103820948           2         1.57                
5911259929103820948           3         0.71                
5911259929103820948           4         1.01                
5911259929103820948           5         1.16                
5911259929103820948           6         0.85                
5911259929103820948           7         0.80                
5911259929103820948           8         1.04                
5911259929103820948           9         0.78                
5911259929103820948           10        1.06                
5911259929103820948           11        0.92                
5911259929103820948           12        0.91                
5911259929103820948           13        1.17                
5911259929103820948           14        0.85                
5911259929103820948           15        2.89                
