Sim_N                         Day       AVG_SF_per_Day      
4064044487887670103           1         2.49                
4064044487887670103           2         0.80                
4064044487887670103           3         0.66                
4064044487887670103           4         1.81                
4064044487887670103           5         0.74                
4064044487887670103           6         0.58                
4064044487887670103           7         0.95                
4064044487887670103           8         0.89                
4064044487887670103           9         0.66                
4064044487887670103           10        0.93                
4064044487887670103           11        1.25                
4064044487887670103           12        0.99                
4064044487887670103           13        1.15                
4064044487887670103           14        1.88                
4064044487887670103           15        3.30                
