Sim_N                         Day       AVG_SF_per_Day      
6517602945354190113           1         4.53                
6517602945354190113           2         2.29                
6517602945354190113           3         1.58                
6517602945354190113           4         0.78                
6517602945354190113           5         0.89                
6517602945354190113           6         1.05                
6517602945354190113           7         1.15                
6517602945354190113           8         1.11                
6517602945354190113           9         1.76                
6517602945354190113           10        1.75                
6517602945354190113           11        1.30                
6517602945354190113           12        1.37                
6517602945354190113           13        1.01                
6517602945354190113           14        1.75                
6517602945354190113           15        3.10                
