Sim_N                         Day       AVG_SF_per_Day      
2225469292017989948           1         3.73                
2225469292017989948           2         0.54                
2225469292017989948           3         0.99                
2225469292017989948           4         0.96                
2225469292017989948           5         1.30                
2225469292017989948           6         1.23                
2225469292017989948           7         0.67                
2225469292017989948           8         1.69                
2225469292017989948           9         1.21                
2225469292017989948           10        1.10                
2225469292017989948           11        1.42                
2225469292017989948           12        0.80                
2225469292017989948           13        0.96                
2225469292017989948           14        1.01                
2225469292017989948           15        2.53                
