Sim_N                         Day       AVG_SF_per_Day      
8763968468664957920           1         3.69                
8763968468664957920           2         0.86                
8763968468664957920           3         0.82                
8763968468664957920           4         0.92                
8763968468664957920           5         0.74                
8763968468664957920           6         0.77                
8763968468664957920           7         0.95                
8763968468664957920           8         1.02                
8763968468664957920           9         1.17                
8763968468664957920           10        0.86                
8763968468664957920           11        2.46                
8763968468664957920           12        1.80                
8763968468664957920           13        0.63                
8763968468664957920           14        1.47                
8763968468664957920           15        2.90                
