Sim_N                         Day       AVG_SF_per_Day      
6206066668246512922           1         4.79                
6206066668246512922           2         2.25                
6206066668246512922           3         1.32                
6206066668246512922           4         0.65                
6206066668246512922           5         0.75                
6206066668246512922           6         1.36                
6206066668246512922           7         1.18                
6206066668246512922           8         0.78                
6206066668246512922           9         0.88                
6206066668246512922           10        1.23                
6206066668246512922           11        0.65                
6206066668246512922           12        1.98                
6206066668246512922           13        1.65                
6206066668246512922           14        1.16                
6206066668246512922           15        2.46                
