Sim_N                         Day       AVG_SF_per_Day      
2758336845653668791           1         4.71                
2758336845653668791           2         2.29                
2758336845653668791           3         0.88                
2758336845653668791           4         0.95                
2758336845653668791           5         1.28                
2758336845653668791           6         1.29                
2758336845653668791           7         1.46                
2758336845653668791           8         0.77                
2758336845653668791           9         1.55                
2758336845653668791           10        0.81                
2758336845653668791           11        0.95                
2758336845653668791           12        0.66                
2758336845653668791           13        0.69                
2758336845653668791           14        0.65                
2758336845653668791           15        2.78                
