Sim_N                         Day       AVG_SF_per_Day      
8858385323120043760           1         2.73                
8858385323120043760           2         1.00                
8858385323120043760           3         0.72                
8858385323120043760           4         1.03                
8858385323120043760           5         0.65                
8858385323120043760           6         1.10                
8858385323120043760           7         1.52                
8858385323120043760           8         2.23                
8858385323120043760           9         1.29                
8858385323120043760           10        1.06                
8858385323120043760           11        1.80                
8858385323120043760           12        1.04                
8858385323120043760           13        0.67                
8858385323120043760           14        1.18                
8858385323120043760           15        3.11                
