Sim_N                         Day       AVG_SF_per_Day      
8298044954972454018           1         3.14                
8298044954972454018           2         0.78                
8298044954972454018           3         0.96                
8298044954972454018           4         1.03                
8298044954972454018           5         0.69                
8298044954972454018           6         1.08                
8298044954972454018           7         1.10                
8298044954972454018           8         1.00                
8298044954972454018           9         0.89                
8298044954972454018           10        1.14                
8298044954972454018           11        1.34                
8298044954972454018           12        1.14                
8298044954972454018           13        2.63                
8298044954972454018           14        1.33                
8298044954972454018           15        2.81                
