Sim_N                         Day       AVG_SF_per_Day      
8102538305358898748           1         2.21                
8102538305358898748           2         0.90                
8102538305358898748           3         1.06                
8102538305358898748           4         1.15                
8102538305358898748           5         1.38                
8102538305358898748           6         0.74                
8102538305358898748           7         0.84                
8102538305358898748           8         0.85                
8102538305358898748           9         1.36                
8102538305358898748           10        0.81                
8102538305358898748           11        1.75                
8102538305358898748           12        1.66                
8102538305358898748           13        0.77                
8102538305358898748           14        0.80                
8102538305358898748           15        3.11                
