Sim_N                         Day       AVG_SF_per_Day      
6316835423165406525           1         4.45                
6316835423165406525           2         1.54                
6316835423165406525           3         1.20                
6316835423165406525           4         0.69                
6316835423165406525           5         0.85                
6316835423165406525           6         0.98                
6316835423165406525           7         0.70                
6316835423165406525           8         3.13                
6316835423165406525           9         1.15                
6316835423165406525           10        0.92                
6316835423165406525           11        0.71                
6316835423165406525           12        0.72                
6316835423165406525           13        1.10                
6316835423165406525           14        1.26                
6316835423165406525           15        3.43                
