Sim_N                         Day       AVG_SF_per_Day      
5843124059457325649           1         5.00                
5843124059457325649           2         2.68                
5843124059457325649           3         1.11                
5843124059457325649           4         1.14                
5843124059457325649           5         0.99                
5843124059457325649           6         0.91                
5843124059457325649           7         1.00                
5843124059457325649           8         1.05                
5843124059457325649           9         0.71                
5843124059457325649           10        0.58                
5843124059457325649           11        0.94                
5843124059457325649           12        1.96                
5843124059457325649           13        0.42                
5843124059457325649           14        0.88                
5843124059457325649           15        3.01                
