Sim_N                         Day       AVG_SF_per_Day      
8795086445629707969           1         4.37                
8795086445629707969           2         0.95                
8795086445629707969           3         0.98                
8795086445629707969           4         1.32                
8795086445629707969           5         1.17                
8795086445629707969           6         1.06                
8795086445629707969           7         0.71                
8795086445629707969           8         0.90                
8795086445629707969           9         2.34                
8795086445629707969           10        1.27                
8795086445629707969           11        2.47                
8795086445629707969           12        0.84                
8795086445629707969           13        0.60                
8795086445629707969           14        2.26                
8795086445629707969           15        3.54                
