Sim_N                         Day       AVG_SF_per_Day      
4308373555939183244           1         2.92                
4308373555939183244           2         1.01                
4308373555939183244           3         1.33                
4308373555939183244           4         0.71                
4308373555939183244           5         1.30                
4308373555939183244           6         0.75                
4308373555939183244           7         0.93                
4308373555939183244           8         0.81                
4308373555939183244           9         1.05                
4308373555939183244           10        1.24                
4308373555939183244           11        1.51                
4308373555939183244           12        0.83                
4308373555939183244           13        0.98                
4308373555939183244           14        0.77                
4308373555939183244           15        2.80                
