Sim_N                         Day       AVG_SF_per_Day      
5070122855645305666           1         1.88                
5070122855645305666           2         0.83                
5070122855645305666           3         1.58                
5070122855645305666           4         0.79                
5070122855645305666           5         1.19                
5070122855645305666           6         1.08                
5070122855645305666           7         0.95                
5070122855645305666           8         1.10                
5070122855645305666           9         0.90                
5070122855645305666           10        1.08                
5070122855645305666           11        1.01                
5070122855645305666           12        0.66                
5070122855645305666           13        1.27                
5070122855645305666           14        0.79                
5070122855645305666           15        2.95                
