Sim_N                         Day       AVG_SF_per_Day      
409999965280921543            1         3.87                
409999965280921543            2         1.57                
409999965280921543            3         1.07                
409999965280921543            4         0.50                
409999965280921543            5         1.13                
409999965280921543            6         0.98                
409999965280921543            7         1.46                
409999965280921543            8         0.75                
409999965280921543            9         0.83                
409999965280921543            10        1.23                
409999965280921543            11        1.70                
409999965280921543            12        1.11                
409999965280921543            13        1.01                
409999965280921543            14        0.87                
409999965280921543            15        3.58                
