Sim_N                         Day       AVG_SF_per_Day      
2930579672877646367           1         3.03                
2930579672877646367           2         1.24                
2930579672877646367           3         1.11                
2930579672877646367           4         1.41                
2930579672877646367           5         0.72                
2930579672877646367           6         0.85                
2930579672877646367           7         0.87                
2930579672877646367           8         0.77                
2930579672877646367           9         0.87                
2930579672877646367           10        1.20                
2930579672877646367           11        1.97                
2930579672877646367           12        1.42                
2930579672877646367           13        1.11                
2930579672877646367           14        1.11                
2930579672877646367           15        2.52                
