Sim_N                         Day       AVG_SF_per_Day      
2075585599510290863           1         3.63                
2075585599510290863           2         0.53                
2075585599510290863           3         1.00                
2075585599510290863           4         0.95                
2075585599510290863           5         1.16                
2075585599510290863           6         1.00                
2075585599510290863           7         1.98                
2075585599510290863           8         1.43                
2075585599510290863           9         0.80                
2075585599510290863           10        1.29                
2075585599510290863           11        0.51                
2075585599510290863           12        1.26                
2075585599510290863           13        1.12                
2075585599510290863           14        1.28                
2075585599510290863           15        2.83                
