Sim_N                         Day       AVG_SF_per_Day      
6742625909691090612           1         1.93                
6742625909691090612           2         1.14                
6742625909691090612           3         1.13                
6742625909691090612           4         1.76                
6742625909691090612           5         1.84                
6742625909691090612           6         0.96                
6742625909691090612           7         0.83                
6742625909691090612           8         0.96                
6742625909691090612           9         0.82                
6742625909691090612           10        0.63                
6742625909691090612           11        0.99                
6742625909691090612           12        0.93                
6742625909691090612           13        1.68                
6742625909691090612           14        1.27                
6742625909691090612           15        3.05                
