Sim_N                         Day       AVG_SF_per_Day      
3402829129371620902           1         3.95                
3402829129371620902           2         1.68                
3402829129371620902           3         0.87                
3402829129371620902           4         0.77                
3402829129371620902           5         1.32                
3402829129371620902           6         2.83                
3402829129371620902           7         1.45                
3402829129371620902           8         0.96                
3402829129371620902           9         2.78                
3402829129371620902           10        1.61                
3402829129371620902           11        0.71                
3402829129371620902           12        0.78                
3402829129371620902           13        1.08                
3402829129371620902           14        1.50                
3402829129371620902           15        3.10                
