Sim_N                         Day       AVG_SF_per_Day      
3661837173734117131           1         2.23                
3661837173734117131           2         0.96                
3661837173734117131           3         1.16                
3661837173734117131           4         1.37                
3661837173734117131           5         0.91                
3661837173734117131           6         0.60                
3661837173734117131           7         1.48                
3661837173734117131           8         0.67                
3661837173734117131           9         0.76                
3661837173734117131           10        1.93                
3661837173734117131           11        0.86                
3661837173734117131           12        0.86                
3661837173734117131           13        0.91                
3661837173734117131           14        1.80                
3661837173734117131           15        2.71                
