Sim_N                         Day       AVG_SF_per_Day      
2239054108753281243           1         3.90                
2239054108753281243           2         0.79                
2239054108753281243           3         1.76                
2239054108753281243           4         0.67                
2239054108753281243           5         0.66                
2239054108753281243           6         1.79                
2239054108753281243           7         0.65                
2239054108753281243           8         1.12                
2239054108753281243           9         0.77                
2239054108753281243           10        0.81                
2239054108753281243           11        0.81                
2239054108753281243           12        1.03                
2239054108753281243           13        0.87                
2239054108753281243           14        1.24                
2239054108753281243           15        3.58                
