Sim_N                         Day       AVG_SF_per_Day      
9080364715495968203           1         4.49                
9080364715495968203           2         1.14                
9080364715495968203           3         1.69                
9080364715495968203           4         1.74                
9080364715495968203           5         1.23                
9080364715495968203           6         1.09                
9080364715495968203           7         0.78                
9080364715495968203           8         0.57                
9080364715495968203           9         0.58                
9080364715495968203           10        0.98                
9080364715495968203           11        0.97                
9080364715495968203           12        1.35                
9080364715495968203           13        0.92                
9080364715495968203           14        0.73                
9080364715495968203           15        2.79                
