Sim_N                         Day       AVG_SF_per_Day      
7341826256598093680           1         3.16                
7341826256598093680           2         1.33                
7341826256598093680           3         0.65                
7341826256598093680           4         1.49                
7341826256598093680           5         0.89                
7341826256598093680           6         1.40                
7341826256598093680           7         0.53                
7341826256598093680           8         0.87                
7341826256598093680           9         1.43                
7341826256598093680           10        1.29                
7341826256598093680           11        1.38                
7341826256598093680           12        1.10                
7341826256598093680           13        1.15                
7341826256598093680           14        0.88                
7341826256598093680           15        3.41                
