Sim_N                         Day       AVG_SF_per_Day      
2958212103870125081           1         2.24                
2958212103870125081           2         0.94                
2958212103870125081           3         1.64                
2958212103870125081           4         1.20                
2958212103870125081           5         0.76                
2958212103870125081           6         0.73                
2958212103870125081           7         1.27                
2958212103870125081           8         1.25                
2958212103870125081           9         1.06                
2958212103870125081           10        0.71                
2958212103870125081           11        0.82                
2958212103870125081           12        0.81                
2958212103870125081           13        0.94                
2958212103870125081           14        0.99                
2958212103870125081           15        3.22                
