Sim_N                         Day       AVG_SF_per_Day      
4485165337851881569           1         4.15                
4485165337851881569           2         1.68                
4485165337851881569           3         0.84                
4485165337851881569           4         1.42                
4485165337851881569           5         0.84                
4485165337851881569           6         1.52                
4485165337851881569           7         0.46                
4485165337851881569           8         0.89                
4485165337851881569           9         1.06                
4485165337851881569           10        0.95                
4485165337851881569           11        1.24                
4485165337851881569           12        1.09                
4485165337851881569           13        1.21                
4485165337851881569           14        0.57                
4485165337851881569           15        3.63                
