Sim_N                         Day       AVG_SF_per_Day      
7692807572897271551           1         2.76                
7692807572897271551           2         1.32                
7692807572897271551           3         3.35                
7692807572897271551           4         1.24                
7692807572897271551           5         0.86                
7692807572897271551           6         2.05                
7692807572897271551           7         0.74                
7692807572897271551           8         0.89                
7692807572897271551           9         1.00                
7692807572897271551           10        1.14                
7692807572897271551           11        0.74                
7692807572897271551           12        0.82                
7692807572897271551           13        0.96                
7692807572897271551           14        1.26                
7692807572897271551           15        3.89                
