Sim_N                         Day       AVG_SF_per_Day      
3818380050483007112           1         3.79                
3818380050483007112           2         1.27                
3818380050483007112           3         0.80                
3818380050483007112           4         1.03                
3818380050483007112           5         0.80                
3818380050483007112           6         1.08                
3818380050483007112           7         1.37                
3818380050483007112           8         1.01                
3818380050483007112           9         0.90                
3818380050483007112           10        1.01                
3818380050483007112           11        0.89                
3818380050483007112           12        0.69                
3818380050483007112           13        1.08                
3818380050483007112           14        0.88                
3818380050483007112           15        2.48                
