Sim_N                         Day       AVG_SF_per_Day      
5838050157791400716           1         4.67                
5838050157791400716           2         1.28                
5838050157791400716           3         0.73                
5838050157791400716           4         1.60                
5838050157791400716           5         1.22                
5838050157791400716           6         1.46                
5838050157791400716           7         1.63                
5838050157791400716           8         1.32                
5838050157791400716           9         0.80                
5838050157791400716           10        0.62                
5838050157791400716           11        0.90                
5838050157791400716           12        1.02                
5838050157791400716           13        0.87                
5838050157791400716           14        1.05                
5838050157791400716           15        2.94                
