Sim_N                         Day       AVG_SF_per_Day      
2665972561265303398           1         4.38                
2665972561265303398           2         2.03                
2665972561265303398           3         2.10                
2665972561265303398           4         2.05                
2665972561265303398           5         0.62                
2665972561265303398           6         1.90                
2665972561265303398           7         0.90                
2665972561265303398           8         1.12                
2665972561265303398           9         0.89                
2665972561265303398           10        1.20                
2665972561265303398           11        1.37                
2665972561265303398           12        1.24                
2665972561265303398           13        2.01                
2665972561265303398           14        0.95                
2665972561265303398           15        2.86                
