Sim_N                         Day       AVG_SF_per_Day      
1304394287521889107           1         2.96                
1304394287521889107           2         0.94                
1304394287521889107           3         1.16                
1304394287521889107           4         0.83                
1304394287521889107           5         1.18                
1304394287521889107           6         1.09                
1304394287521889107           7         0.68                
1304394287521889107           8         1.32                
1304394287521889107           9         1.26                
1304394287521889107           10        0.80                
1304394287521889107           11        0.61                
1304394287521889107           12        1.03                
1304394287521889107           13        1.19                
1304394287521889107           14        0.49                
1304394287521889107           15        2.80                
