Sim_N                         Day       AVG_SF_per_Day      
310479554927374543            1         2.51                
310479554927374543            2         1.31                
310479554927374543            3         0.94                
310479554927374543            4         0.82                
310479554927374543            5         1.26                
310479554927374543            6         0.71                
310479554927374543            7         1.02                
310479554927374543            8         0.72                
310479554927374543            9         1.85                
310479554927374543            10        2.20                
310479554927374543            11        0.61                
310479554927374543            12        0.71                
310479554927374543            13        1.45                
310479554927374543            14        0.95                
310479554927374543            15        3.02                
