Sim_N                         Day       AVG_SF_per_Day      
7427601614762212547           1         4.04                
7427601614762212547           2         1.42                
7427601614762212547           3         0.64                
7427601614762212547           4         1.37                
7427601614762212547           5         0.85                
7427601614762212547           6         1.73                
7427601614762212547           7         0.72                
7427601614762212547           8         1.71                
7427601614762212547           9         1.33                
7427601614762212547           10        0.69                
7427601614762212547           11        0.93                
7427601614762212547           12        1.40                
7427601614762212547           13        1.32                
7427601614762212547           14        1.58                
7427601614762212547           15        2.33                
