Sim_N                         Day       AVG_SF_per_Day      
4086282043431768254           1         3.40                
4086282043431768254           2         0.95                
4086282043431768254           3         0.65                
4086282043431768254           4         1.30                
4086282043431768254           5         0.73                
4086282043431768254           6         0.91                
4086282043431768254           7         0.97                
4086282043431768254           8         1.04                
4086282043431768254           9         0.81                
4086282043431768254           10        0.95                
4086282043431768254           11        0.87                
4086282043431768254           12        1.53                
4086282043431768254           13        1.19                
4086282043431768254           14        1.54                
4086282043431768254           15        3.17                
