Sim_N                         Day       AVG_SF_per_Day      
4632661488224973584           1         4.24                
4632661488224973584           2         1.77                
4632661488224973584           3         0.87                
4632661488224973584           4         0.74                
4632661488224973584           5         1.28                
4632661488224973584           6         1.28                
4632661488224973584           7         0.88                
4632661488224973584           8         0.73                
4632661488224973584           9         0.90                
4632661488224973584           10        0.98                
4632661488224973584           11        0.79                
4632661488224973584           12        1.09                
4632661488224973584           13        1.24                
4632661488224973584           14        1.11                
4632661488224973584           15        2.99                
