Sim_N                         Day       AVG_SF_per_Day      
2943174008702164675           1         4.42                
2943174008702164675           2         2.21                
2943174008702164675           3         1.15                
2943174008702164675           4         0.77                
2943174008702164675           5         0.93                
2943174008702164675           6         1.20                
2943174008702164675           7         0.57                
2943174008702164675           8         0.83                
2943174008702164675           9         0.82                
2943174008702164675           10        1.59                
2943174008702164675           11        1.96                
2943174008702164675           12        1.87                
2943174008702164675           13        1.41                
2943174008702164675           14        1.29                
2943174008702164675           15        2.40                
