Sim_N                         Day       AVG_SF_per_Day      
6422458768452146751           1         3.19                
6422458768452146751           2         1.06                
6422458768452146751           3         0.59                
6422458768452146751           4         1.03                
6422458768452146751           5         1.11                
6422458768452146751           6         0.80                
6422458768452146751           7         0.86                
6422458768452146751           8         1.95                
6422458768452146751           9         1.22                
6422458768452146751           10        0.89                
6422458768452146751           11        1.43                
6422458768452146751           12        0.75                
6422458768452146751           13        1.17                
6422458768452146751           14        1.18                
6422458768452146751           15        2.29                
