Sim_N                         Day       AVG_SF_per_Day      
3486710673929873536           1         4.98                
3486710673929873536           2         2.25                
3486710673929873536           3         0.94                
3486710673929873536           4         1.09                
3486710673929873536           5         0.93                
3486710673929873536           6         1.08                
3486710673929873536           7         1.60                
3486710673929873536           8         1.40                
3486710673929873536           9         1.02                
3486710673929873536           10        0.49                
3486710673929873536           11        1.11                
3486710673929873536           12        0.87                
3486710673929873536           13        0.92                
3486710673929873536           14        1.30                
3486710673929873536           15        2.12                
