Sim_N                         Day       AVG_SF_per_Day      
836440717029715637            1         4.67                
836440717029715637            2         3.14                
836440717029715637            3         1.61                
836440717029715637            4         1.34                
836440717029715637            5         1.60                
836440717029715637            6         0.54                
836440717029715637            7         0.83                
836440717029715637            8         1.52                
836440717029715637            9         0.99                
836440717029715637            10        1.19                
836440717029715637            11        1.36                
836440717029715637            12        1.81                
836440717029715637            13        2.36                
836440717029715637            14        0.75                
836440717029715637            15        2.71                
