Sim_N                         Day       AVG_SF_per_Day      
7056982965782708302           1         4.88                
7056982965782708302           2         1.43                
7056982965782708302           3         0.98                
7056982965782708302           4         1.58                
7056982965782708302           5         0.70                
7056982965782708302           6         1.11                
7056982965782708302           7         1.20                
7056982965782708302           8         0.90                
7056982965782708302           9         1.49                
7056982965782708302           10        0.93                
7056982965782708302           11        0.96                
7056982965782708302           12        0.67                
7056982965782708302           13        0.69                
7056982965782708302           14        1.11                
7056982965782708302           15        3.50                
