Sim_N                         Day       AVG_SF_per_Day      
290839084482726517            1         3.63                
290839084482726517            2         1.33                
290839084482726517            3         1.25                
290839084482726517            4         0.90                
290839084482726517            5         0.98                
290839084482726517            6         1.01                
290839084482726517            7         0.63                
290839084482726517            8         1.10                
290839084482726517            9         1.16                
290839084482726517            10        0.86                
290839084482726517            11        0.81                
290839084482726517            12        0.79                
290839084482726517            13        0.73                
290839084482726517            14        1.49                
290839084482726517            15        3.70                
