Sim_N                         Day       AVG_SF_per_Day      
5758469244226466711           1         4.20                
5758469244226466711           2         0.75                
5758469244226466711           3         1.02                
5758469244226466711           4         1.48                
5758469244226466711           5         0.82                
5758469244226466711           6         0.95                
5758469244226466711           7         0.84                
5758469244226466711           8         1.09                
5758469244226466711           9         1.48                
5758469244226466711           10        0.86                
5758469244226466711           11        1.39                
5758469244226466711           12        1.47                
5758469244226466711           13        0.96                
5758469244226466711           14        1.22                
5758469244226466711           15        2.81                
