Sim_N                         Day       AVG_SF_per_Day      
942218724146626419            1         3.89                
942218724146626419            2         2.37                
942218724146626419            3         0.94                
942218724146626419            4         0.95                
942218724146626419            5         1.10                
942218724146626419            6         1.36                
942218724146626419            7         1.18                
942218724146626419            8         1.24                
942218724146626419            9         1.38                
942218724146626419            10        1.21                
942218724146626419            11        0.72                
942218724146626419            12        1.44                
942218724146626419            13        0.92                
942218724146626419            14        0.82                
942218724146626419            15        2.87                
