Sim_N                         Day       AVG_SF_per_Day      
2298492515945765796           1         3.20                
2298492515945765796           2         0.94                
2298492515945765796           3         1.68                
2298492515945765796           4         0.66                
2298492515945765796           5         0.92                
2298492515945765796           6         0.69                
2298492515945765796           7         1.09                
2298492515945765796           8         1.49                
2298492515945765796           9         0.69                
2298492515945765796           10        0.95                
2298492515945765796           11        0.67                
2298492515945765796           12        1.28                
2298492515945765796           13        0.87                
2298492515945765796           14        1.15                
2298492515945765796           15        3.55                
