Sim_N                         Day       AVG_SF_per_Day      
727923150708601006            1         4.12                
727923150708601006            2         1.40                
727923150708601006            3         1.01                
727923150708601006            4         1.06                
727923150708601006            5         0.88                
727923150708601006            6         0.93                
727923150708601006            7         0.92                
727923150708601006            8         0.89                
727923150708601006            9         1.75                
727923150708601006            10        0.72                
727923150708601006            11        0.93                
727923150708601006            12        1.22                
727923150708601006            13        0.89                
727923150708601006            14        0.81                
727923150708601006            15        3.27                
