Sim_N                         Day       AVG_SF_per_Day      
6834355165118146310           1         3.99                
6834355165118146310           2         1.17                
6834355165118146310           3         0.70                
6834355165118146310           4         0.94                
6834355165118146310           5         1.36                
6834355165118146310           6         0.86                
6834355165118146310           7         1.00                
6834355165118146310           8         0.78                
6834355165118146310           9         1.15                
6834355165118146310           10        1.32                
6834355165118146310           11        0.68                
6834355165118146310           12        1.27                
6834355165118146310           13        1.05                
6834355165118146310           14        0.68                
6834355165118146310           15        2.82                
