Sim_N                         Day       AVG_SF_per_Day      
5427318643864279962           1         4.49                
5427318643864279962           2         3.13                
5427318643864279962           3         0.99                
5427318643864279962           4         1.19                
5427318643864279962           5         0.86                
5427318643864279962           6         1.40                
5427318643864279962           7         2.48                
5427318643864279962           8         0.80                
5427318643864279962           9         0.77                
5427318643864279962           10        0.80                
5427318643864279962           11        0.75                
5427318643864279962           12        2.14                
5427318643864279962           13        1.53                
5427318643864279962           14        0.97                
5427318643864279962           15        2.90                
