Sim_N                         Day       AVG_SF_per_Day      
8746410300365346373           1         3.62                
8746410300365346373           2         0.89                
8746410300365346373           3         1.01                
8746410300365346373           4         0.85                
8746410300365346373           5         1.52                
8746410300365346373           6         0.99                
8746410300365346373           7         0.87                
8746410300365346373           8         0.90                
8746410300365346373           9         1.45                
8746410300365346373           10        0.91                
8746410300365346373           11        1.45                
8746410300365346373           12        1.37                
8746410300365346373           13        0.94                
8746410300365346373           14        1.12                
8746410300365346373           15        3.19                
