Sim_N                         Day       AVG_SF_per_Day      
3636133716889140757           1         4.85                
3636133716889140757           2         2.00                
3636133716889140757           3         0.94                
3636133716889140757           4         0.77                
3636133716889140757           5         0.58                
3636133716889140757           6         0.72                
3636133716889140757           7         0.61                
3636133716889140757           8         1.17                
3636133716889140757           9         0.73                
3636133716889140757           10        0.84                
3636133716889140757           11        0.76                
3636133716889140757           12        1.11                
3636133716889140757           13        0.87                
3636133716889140757           14        1.13                
3636133716889140757           15        2.17                
