Sim_N                         Day       AVG_SF_per_Day      
8037073363456799428           1         3.51                
8037073363456799428           2         1.72                
8037073363456799428           3         0.98                
8037073363456799428           4         1.00                
8037073363456799428           5         0.82                
8037073363456799428           6         0.88                
8037073363456799428           7         0.54                
8037073363456799428           8         0.73                
8037073363456799428           9         0.98                
8037073363456799428           10        0.80                
8037073363456799428           11        0.86                
8037073363456799428           12        0.86                
8037073363456799428           13        1.20                
8037073363456799428           14        1.29                
8037073363456799428           15        3.30                
