Sim_N                         Day       AVG_SF_per_Day      
5004107093025446761           1         4.41                
5004107093025446761           2         1.50                
5004107093025446761           3         0.77                
5004107093025446761           4         0.99                
5004107093025446761           5         0.76                
5004107093025446761           6         1.14                
5004107093025446761           7         1.02                
5004107093025446761           8         1.11                
5004107093025446761           9         0.99                
5004107093025446761           10        0.53                
5004107093025446761           11        0.83                
5004107093025446761           12        0.96                
5004107093025446761           13        1.12                
5004107093025446761           14        0.91                
5004107093025446761           15        3.13                
