Sim_N                         Day       AVG_SF_per_Day      
5622132170197801045           1         4.06                
5622132170197801045           2         1.52                
5622132170197801045           3         1.23                
5622132170197801045           4         1.29                
5622132170197801045           5         0.75                
5622132170197801045           6         1.19                
5622132170197801045           7         1.33                
5622132170197801045           8         1.21                
5622132170197801045           9         1.19                
5622132170197801045           10        1.03                
5622132170197801045           11        1.08                
5622132170197801045           12        1.36                
5622132170197801045           13        1.06                
5622132170197801045           14        1.50                
5622132170197801045           15        2.52                
