Sim_N                         Day       AVG_SF_per_Day      
6272157969348982533           1         2.81                
6272157969348982533           2         0.95                
6272157969348982533           3         1.11                
6272157969348982533           4         1.05                
6272157969348982533           5         0.90                
6272157969348982533           6         0.81                
6272157969348982533           7         0.67                
6272157969348982533           8         1.63                
6272157969348982533           9         1.39                
6272157969348982533           10        1.87                
6272157969348982533           11        0.89                
6272157969348982533           12        0.59                
6272157969348982533           13        1.21                
6272157969348982533           14        1.03                
6272157969348982533           15        3.09                
