Sim_N                         Day       AVG_SF_per_Day      
7496882906637461295           1         5.00                
7496882906637461295           2         4.96                
7496882906637461295           3         4.99                
7496882906637461295           4         5.00                
7496882906637461295           5         4.64                
7496882906637461295           6         4.98                
7496882906637461295           7         4.98                
7496882906637461295           8         4.99                
7496882906637461295           9         4.85                
7496882906637461295           10        5.00                
7496882906637461295           11        4.96                
7496882906637461295           12        5.00                
7496882906637461295           13        5.00                
7496882906637461295           14        5.00                
7496882906637461295           15        4.59                
