Sim_N                         Day       AVG_SF_per_Day      
2912600871813334233           1         4.76                
2912600871813334233           2         4.75                
2912600871813334233           3         4.89                
2912600871813334233           4         4.56                
2912600871813334233           5         4.05                
2912600871813334233           6         5.00                
2912600871813334233           7         4.90                
2912600871813334233           8         4.80                
2912600871813334233           9         4.96                
2912600871813334233           10        5.00                
2912600871813334233           11        5.00                
2912600871813334233           12        4.99                
2912600871813334233           13        5.00                
2912600871813334233           14        4.95                
2912600871813334233           15        4.76                
