Sim_N                         Day       AVG_SF_per_Day      
8388431531752152979           1         4.93                
8388431531752152979           2         4.79                
8388431531752152979           3         3.98                
8388431531752152979           4         4.79                
8388431531752152979           5         5.00                
8388431531752152979           6         5.00                
8388431531752152979           7         4.45                
8388431531752152979           8         4.42                
8388431531752152979           9         5.00                
8388431531752152979           10        4.90                
8388431531752152979           11        4.89                
8388431531752152979           12        4.98                
8388431531752152979           13        5.00                
8388431531752152979           14        4.87                
8388431531752152979           15        4.99                
