Sim_N                         Day       AVG_SF_per_Day      
8598975906828474060           1         4.99                
8598975906828474060           2         4.39                
8598975906828474060           3         4.77                
8598975906828474060           4         5.00                
8598975906828474060           5         4.97                
8598975906828474060           6         5.00                
8598975906828474060           7         5.00                
8598975906828474060           8         4.94                
8598975906828474060           9         4.95                
8598975906828474060           10        4.82                
8598975906828474060           11        4.99                
8598975906828474060           12        5.00                
8598975906828474060           13        4.61                
8598975906828474060           14        4.44                
8598975906828474060           15        3.63                
