Sim_N                         Day       AVG_SF_per_Day      
2195949597224271978           1         5.00                
2195949597224271978           2         4.79                
2195949597224271978           3         5.00                
2195949597224271978           4         5.00                
2195949597224271978           5         5.00                
2195949597224271978           6         4.94                
2195949597224271978           7         4.84                
2195949597224271978           8         5.00                
2195949597224271978           9         4.83                
2195949597224271978           10        5.00                
2195949597224271978           11        4.88                
2195949597224271978           12        4.88                
2195949597224271978           13        5.00                
2195949597224271978           14        4.91                
2195949597224271978           15        5.00                
