Sim_N                         Day       AVG_SF_per_Day      
7732734871661265655           1         4.90                
7732734871661265655           2         5.00                
7732734871661265655           3         5.00                
7732734871661265655           4         4.98                
7732734871661265655           5         4.90                
7732734871661265655           6         4.92                
7732734871661265655           7         4.75                
7732734871661265655           8         4.60                
7732734871661265655           9         4.82                
7732734871661265655           10        5.00                
7732734871661265655           11        5.00                
7732734871661265655           12        5.00                
7732734871661265655           13        4.99                
7732734871661265655           14        4.99                
7732734871661265655           15        4.87                
