Sim_N                         Day       AVG_SF_per_Day      
1773740867062860720           1         5.00                
1773740867062860720           2         5.00                
1773740867062860720           3         4.98                
1773740867062860720           4         4.11                
1773740867062860720           5         4.66                
1773740867062860720           6         4.68                
1773740867062860720           7         4.97                
1773740867062860720           8         5.00                
1773740867062860720           9         5.00                
1773740867062860720           10        4.63                
1773740867062860720           11        4.94                
1773740867062860720           12        4.98                
1773740867062860720           13        5.00                
1773740867062860720           14        4.99                
1773740867062860720           15        5.00                
