Sim_N                         Day       AVG_SF_per_Day      
8940860261426045490           1         4.55                
8940860261426045490           2         4.21                
8940860261426045490           3         4.89                
8940860261426045490           4         4.88                
8940860261426045490           5         4.99                
8940860261426045490           6         5.00                
8940860261426045490           7         4.70                
8940860261426045490           8         4.73                
8940860261426045490           9         4.79                
8940860261426045490           10        5.00                
8940860261426045490           11        4.94                
8940860261426045490           12        5.00                
8940860261426045490           13        4.88                
8940860261426045490           14        4.49                
8940860261426045490           15        4.95                
