Sim_N                         Day       AVG_SF_per_Day      
5134375495171610122           1         4.91                
5134375495171610122           2         4.97                
5134375495171610122           3         5.00                
5134375495171610122           4         5.00                
5134375495171610122           5         5.00                
5134375495171610122           6         5.00                
5134375495171610122           7         4.76                
5134375495171610122           8         4.53                
5134375495171610122           9         4.76                
5134375495171610122           10        4.91                
5134375495171610122           11        4.99                
5134375495171610122           12        4.71                
5134375495171610122           13        4.76                
5134375495171610122           14        4.99                
5134375495171610122           15        4.90                
