Sim_N                         Day       AVG_SF_per_Day      
8167455254965330977           1         5.00                
8167455254965330977           2         4.91                
8167455254965330977           3         4.91                
8167455254965330977           4         5.00                
8167455254965330977           5         4.87                
8167455254965330977           6         4.85                
8167455254965330977           7         4.20                
8167455254965330977           8         3.91                
8167455254965330977           9         4.81                
8167455254965330977           10        4.98                
8167455254965330977           11        4.95                
8167455254965330977           12        4.18                
8167455254965330977           13        5.00                
8167455254965330977           14        5.00                
8167455254965330977           15        4.98                
