Sim_N                         Day       AVG_SF_per_Day      
1590275133382357028           1         5.00                
1590275133382357028           2         5.00                
1590275133382357028           3         4.98                
1590275133382357028           4         4.94                
1590275133382357028           5         4.51                
1590275133382357028           6         4.88                
1590275133382357028           7         5.00                
1590275133382357028           8         4.99                
1590275133382357028           9         4.20                
1590275133382357028           10        4.43                
1590275133382357028           11        5.00                
1590275133382357028           12        5.00                
1590275133382357028           13        5.00                
1590275133382357028           14        4.99                
1590275133382357028           15        4.91                
