Sim_N                         Day       AVG_SF_per_Day      
6019538619880760102           1         5.00                
6019538619880760102           2         4.68                
6019538619880760102           3         3.66                
6019538619880760102           4         4.88                
6019538619880760102           5         5.00                
6019538619880760102           6         5.00                
6019538619880760102           7         4.92                
6019538619880760102           8         4.70                
6019538619880760102           9         5.00                
6019538619880760102           10        5.00                
6019538619880760102           11        4.99                
6019538619880760102           12        4.77                
6019538619880760102           13        5.00                
6019538619880760102           14        4.96                
6019538619880760102           15        5.00                
