Sim_N                         Day       AVG_SF_per_Day      
575393531348489022            1         5.00                
575393531348489022            2         5.00                
575393531348489022            3         4.91                
575393531348489022            4         4.99                
575393531348489022            5         4.98                
575393531348489022            6         4.89                
575393531348489022            7         5.00                
575393531348489022            8         4.98                
575393531348489022            9         4.93                
575393531348489022            10        4.86                
575393531348489022            11        4.34                
575393531348489022            12        3.78                
575393531348489022            13        4.66                
575393531348489022            14        5.00                
575393531348489022            15        5.00                
