Sim_N                         Day       AVG_SF_per_Day      
5011116591544660778           1         5.00                
5011116591544660778           2         4.99                
5011116591544660778           3         4.76                
5011116591544660778           4         5.00                
5011116591544660778           5         4.86                
5011116591544660778           6         4.79                
5011116591544660778           7         5.00                
5011116591544660778           8         4.19                
5011116591544660778           9         3.92                
5011116591544660778           10        4.71                
5011116591544660778           11        5.00                
5011116591544660778           12        4.76                
5011116591544660778           13        3.71                
5011116591544660778           14        4.77                
5011116591544660778           15        5.00                
