Sim_N                         Day       AVG_SF_per_Day      
7705043268882468078           1         5.00                
7705043268882468078           2         4.99                
7705043268882468078           3         4.86                
7705043268882468078           4         5.00                
7705043268882468078           5         5.00                
7705043268882468078           6         5.00                
7705043268882468078           7         4.64                
7705043268882468078           8         4.12                
7705043268882468078           9         4.93                
7705043268882468078           10        4.99                
7705043268882468078           11        5.00                
7705043268882468078           12        5.00                
7705043268882468078           13        4.91                
7705043268882468078           14        4.77                
7705043268882468078           15        5.00                
