Sim_N                         Day       AVG_SF_per_Day      
3182521669631111619           1         5.00                
3182521669631111619           2         5.00                
3182521669631111619           3         4.97                
3182521669631111619           4         4.94                
3182521669631111619           5         4.58                
3182521669631111619           6         4.36                
3182521669631111619           7         4.87                
3182521669631111619           8         5.00                
3182521669631111619           9         4.69                
3182521669631111619           10        4.00                
3182521669631111619           11        3.51                
3182521669631111619           12        3.11                
3182521669631111619           13        4.44                
3182521669631111619           14        4.90                
3182521669631111619           15        5.00                
