Sim_N                         Day       AVG_SF_per_Day      
1966738593741732389           1         5.00                
1966738593741732389           2         4.98                
1966738593741732389           3         4.86                
1966738593741732389           4         4.97                
1966738593741732389           5         5.00                
1966738593741732389           6         4.99                
1966738593741732389           7         5.00                
1966738593741732389           8         5.00                
1966738593741732389           9         4.98                
1966738593741732389           10        4.64                
1966738593741732389           11        4.90                
1966738593741732389           12        4.96                
1966738593741732389           13        4.99                
1966738593741732389           14        5.00                
1966738593741732389           15        5.00                
