Sim_N                         Day       AVG_SF_per_Day      
9116082080660751051           1         5.00                
9116082080660751051           2         4.30                
9116082080660751051           3         3.47                
9116082080660751051           4         4.46                
9116082080660751051           5         4.68                
9116082080660751051           6         4.67                
9116082080660751051           7         4.81                
9116082080660751051           8         4.69                
9116082080660751051           9         4.85                
9116082080660751051           10        3.84                
9116082080660751051           11        4.58                
9116082080660751051           12        4.89                
9116082080660751051           13        5.00                
9116082080660751051           14        5.00                
9116082080660751051           15        4.98                
