Sim_N                         Day       Time      New_Patients        Waiting        Assigned  Discharged     Beds_Avail_EOH 
4040699201399059346           1         0:00      0                   0              0         0              12             
4040699201399059346           1         1:00      1                   0              1         0              11             
4040699201399059346           1         2:00      1                   0              2         0              10             
4040699201399059346           1         3:00      5                   0              5         2              7              
4040699201399059346           1         4:00      0                   0              3         2              9              
4040699201399059346           1         5:00      2                   0              5         0              7              
4040699201399059346           1         6:00      0                   0              5         0              7              
4040699201399059346           1         7:00      0                   0              4         1              8              
4040699201399059346           1         8:00      3                   0              7         0              5              
4040699201399059346           1         9:00      0                   0              5         2              7              
4040699201399059346           1         10:00     1                   0              5         1              7              
4040699201399059346           1         11:00     0                   0              3         2              9              
4040699201399059346           1         12:00     1                   0              4         0              8              
4040699201399059346           1         13:00     4                   0              7         1              5              
4040699201399059346           1         14:00     4                   0              7         4              5              
4040699201399059346           1         15:00     0                   0              6         1              6              
4040699201399059346           1         16:00     1                   0              5         2              7              
4040699201399059346           1         17:00     1                   0              2         3              10             
4040699201399059346           1         18:00     2                   0              4         0              8              
4040699201399059346           1         19:00     5                   0              9         0              3              
4040699201399059346           1         20:00     2                   0              10        1              2              
4040699201399059346           1         21:00     2                   0              11        1              1              
4040699201399059346           1         22:00     5                   0              12        4              0              
4040699201399059346           1         23:00     4                   2              12        2              0              
4040699201399059346           2         0:00      0                   0              12        2              0              
4040699201399059346           2         1:00      2                   0              12        1              0              
4040699201399059346           2         2:00      5                   0              11        5              1              
4040699201399059346           2         3:00      3                   0              12        2              0              
4040699201399059346           2         4:00      2                   2              12        0              0              
4040699201399059346           2         5:00      3                   4              12        1              0              
4040699201399059346           2         6:00      1                   3              12        2              0              
4040699201399059346           2         7:00      5                   7              12        1              0              
4040699201399059346           2         8:00      0                   6              12        1              0              
4040699201399059346           2         9:00      1                   7              12        0              0              
4040699201399059346           2         10:00     0                   6              12        1              0              
4040699201399059346           2         11:00     2                   6              12        2              0              
4040699201399059346           2         12:00     5                   9              12        2              0              
4040699201399059346           2         13:00     3                   7              12        5              0              
4040699201399059346           2         14:00     2                   4              12        5              0              
4040699201399059346           2         15:00     0                   1              12        3              0              
4040699201399059346           2         16:00     4                   3              12        2              0              
4040699201399059346           2         17:00     3                   5              12        1              0              
4040699201399059346           2         18:00     5                   8              12        2              0              
4040699201399059346           2         19:00     1                   8              12        1              0              
4040699201399059346           2         20:00     4                   11             12        0              0              
4040699201399059346           2         21:00     3                   12             12        2              0              
4040699201399059346           2         22:00     0                   12             12        0              0              
4040699201399059346           2         23:00     3                   12             12        3              0              
4040699201399059346           3         0:00      3                   12             12        3              0              
4040699201399059346           3         1:00      4                   15             12        1              0              
4040699201399059346           3         2:00      0                   13             12        2              0              
4040699201399059346           3         3:00      1                   13             12        1              0              
4040699201399059346           3         4:00      3                   11             12        5              0              
4040699201399059346           3         5:00      3                   13             12        1              0              
4040699201399059346           3         6:00      5                   17             12        1              0              
4040699201399059346           3         7:00      2                   19             12        0              0              
4040699201399059346           3         8:00      4                   23             12        0              0              
4040699201399059346           3         9:00      5                   24             12        2              0              
4040699201399059346           3         10:00     0                   20             12        4              0              
4040699201399059346           3         11:00     4                   23             12        1              0              
4040699201399059346           3         12:00     1                   21             12        3              0              
4040699201399059346           3         13:00     4                   19             12        5              0              
4040699201399059346           3         14:00     5                   21             12        3              0              
4040699201399059346           3         15:00     0                   20             12        1              0              
4040699201399059346           3         16:00     2                   21             12        1              0              
4040699201399059346           3         17:00     0                   20             12        1              0              
4040699201399059346           3         18:00     0                   13             12        5              0              
4040699201399059346           3         19:00     4                   15             12        2              0              
4040699201399059346           3         20:00     1                   10             12        6              0              
4040699201399059346           3         21:00     2                   7              12        3              0              
4040699201399059346           3         22:00     2                   8              12        1              0              
4040699201399059346           3         23:00     3                   9              12        2              0              
4040699201399059346           4         0:00      3                   8              12        1              0              
4040699201399059346           4         1:00      2                   8              12        2              0              
4040699201399059346           4         2:00      5                   11             12        2              0              
4040699201399059346           4         3:00      3                   12             12        2              0              
4040699201399059346           4         4:00      4                   12             12        4              0              
4040699201399059346           4         5:00      3                   15             12        0              0              
4040699201399059346           4         6:00      4                   18             12        1              0              
4040699201399059346           4         7:00      3                   19             12        2              0              
4040699201399059346           4         8:00      1                   19             12        1              0              
4040699201399059346           4         9:00      3                   22             12        0              0              
4040699201399059346           4         10:00     1                   18             12        5              0              
4040699201399059346           4         11:00     0                   15             12        3              0              
4040699201399059346           4         12:00     5                   19             12        0              0              
4040699201399059346           4         13:00     0                   18             12        1              0              
4040699201399059346           4         14:00     4                   20             12        2              0              
4040699201399059346           4         15:00     5                   19             12        6              0              
4040699201399059346           4         16:00     0                   19             12        0              0              
4040699201399059346           4         17:00     5                   19             12        0              0              
4040699201399059346           4         18:00     5                   20             12        2              0              
4040699201399059346           4         19:00     2                   15             12        7              0              
4040699201399059346           4         20:00     2                   16             12        1              0              
4040699201399059346           4         21:00     1                   16             12        1              0              
4040699201399059346           4         22:00     0                   14             12        2              0              
4040699201399059346           4         23:00     1                   12             12        3              0              
4040699201399059346           5         0:00      2                   12             12        2              0              
4040699201399059346           5         1:00      0                   10             12        2              0              
4040699201399059346           5         2:00      0                   6              12        4              0              
4040699201399059346           5         3:00      5                   6              12        5              0              
4040699201399059346           5         4:00      2                   7              12        1              0              
4040699201399059346           5         5:00      4                   8              12        2              0              
4040699201399059346           5         6:00      0                   4              12        3              0              
4040699201399059346           5         7:00      0                   0              12        4              0              
4040699201399059346           5         8:00      0                   0              11        1              1              
4040699201399059346           5         9:00      1                   0              11        1              1              
4040699201399059346           5         10:00     1                   0              10        2              2              
4040699201399059346           5         11:00     3                   1              12        0              0              
4040699201399059346           5         12:00     2                   1              12        2              0              
4040699201399059346           5         13:00     3                   2              12        2              0              
4040699201399059346           5         14:00     0                   0              12        2              0              
4040699201399059346           5         15:00     5                   4              12        1              0              
4040699201399059346           5         16:00     1                   2              12        3              0              
4040699201399059346           5         17:00     5                   4              12        2              0              
4040699201399059346           5         18:00     5                   8              12        1              0              
4040699201399059346           5         19:00     0                   8              12        0              0              
4040699201399059346           5         20:00     4                   7              12        5              0              
4040699201399059346           5         21:00     4                   8              12        2              0              
4040699201399059346           5         22:00     4                   9              12        3              0              
4040699201399059346           5         23:00     4                   9              12        3              0              
4040699201399059346           6         0:00      4                   11             12        1              0              
4040699201399059346           6         1:00      0                   9              12        2              0              
4040699201399059346           6         2:00      4                   10             12        2              0              
4040699201399059346           6         3:00      4                   10             12        4              0              
4040699201399059346           6         4:00      2                   10             12        2              0              
4040699201399059346           6         5:00      2                   9              12        3              0              
4040699201399059346           6         6:00      2                   9              12        2              0              
4040699201399059346           6         7:00      2                   7              12        4              0              
4040699201399059346           6         8:00      1                   7              12        1              0              
4040699201399059346           6         9:00      1                   6              12        2              0              
4040699201399059346           6         10:00     0                   5              12        1              0              
4040699201399059346           6         11:00     1                   5              12        1              0              
4040699201399059346           6         12:00     5                   10             12        0              0              
4040699201399059346           6         13:00     4                   12             12        2              0              
4040699201399059346           6         14:00     1                   9              12        4              0              
4040699201399059346           6         15:00     1                   9              12        1              0              
4040699201399059346           6         16:00     2                   10             12        1              0              
4040699201399059346           6         17:00     4                   12             12        2              0              
4040699201399059346           6         18:00     4                   14             12        1              0              
4040699201399059346           6         19:00     3                   13             12        3              0              
4040699201399059346           6         20:00     4                   13             12        3              0              
4040699201399059346           6         21:00     3                   11             12        5              0              
4040699201399059346           6         22:00     5                   12             12        3              0              
4040699201399059346           6         23:00     5                   15             12        2              0              
4040699201399059346           7         0:00      1                   15             12        1              0              
4040699201399059346           7         1:00      3                   17             12        1              0              
4040699201399059346           7         2:00      3                   18             12        2              0              
4040699201399059346           7         3:00      0                   16             12        2              0              
4040699201399059346           7         4:00      0                   15             12        1              0              
4040699201399059346           7         5:00      0                   14             12        1              0              
4040699201399059346           7         6:00      1                   10             12        5              0              
4040699201399059346           7         7:00      0                   10             12        0              0              
4040699201399059346           7         8:00      2                   10             12        2              0              
4040699201399059346           7         9:00      2                   9              12        3              0              
4040699201399059346           7         10:00     3                   10             12        0              0              
4040699201399059346           7         11:00     1                   9              12        1              0              
4040699201399059346           7         12:00     1                   6              12        2              0              
4040699201399059346           7         13:00     1                   5              12        2              0              
4040699201399059346           7         14:00     5                   9              12        1              0              
4040699201399059346           7         15:00     5                   13             12        1              0              
4040699201399059346           7         16:00     5                   16             12        2              0              
4040699201399059346           7         17:00     5                   21             12        0              0              
4040699201399059346           7         18:00     0                   21             12        0              0              
4040699201399059346           7         19:00     4                   23             12        2              0              
4040699201399059346           7         20:00     3                   22             12        4              0              
4040699201399059346           7         21:00     1                   19             12        4              0              
4040699201399059346           7         22:00     3                   19             12        3              0              
4040699201399059346           7         23:00     3                   22             12        0              0              
4040699201399059346           8         0:00      2                   21             12        3              0              
4040699201399059346           8         1:00      4                   24             12        1              0              
4040699201399059346           8         2:00      2                   19             12        7              0              
4040699201399059346           8         3:00      5                   22             12        2              0              
4040699201399059346           8         4:00      5                   25             12        2              0              
4040699201399059346           8         5:00      0                   18             12        3              0              
4040699201399059346           8         6:00      4                   20             12        1              0              
4040699201399059346           8         7:00      3                   19             12        3              0              
4040699201399059346           8         8:00      5                   21             12        3              0              
4040699201399059346           8         9:00      1                   19             12        2              0              
4040699201399059346           8         10:00     4                   20             12        2              0              
4040699201399059346           8         11:00     5                   22             12        3              0              
4040699201399059346           8         12:00     2                   21             12        3              0              
4040699201399059346           8         13:00     1                   20             12        2              0              
4040699201399059346           8         14:00     4                   19             12        4              0              
4040699201399059346           8         15:00     2                   19             12        2              0              
4040699201399059346           8         16:00     0                   15             12        2              0              
4040699201399059346           8         17:00     4                   14             12        5              0              
4040699201399059346           8         18:00     5                   17             12        2              0              
4040699201399059346           8         19:00     3                   17             12        3              0              
4040699201399059346           8         20:00     4                   17             12        4              0              
4040699201399059346           8         21:00     4                   19             12        1              0              
4040699201399059346           8         22:00     1                   18             12        2              0              
4040699201399059346           8         23:00     4                   19             12        1              0              
4040699201399059346           9         0:00      1                   16             12        3              0              
4040699201399059346           9         1:00      5                   21             12        0              0              
4040699201399059346           9         2:00      5                   26             12        0              0              
4040699201399059346           9         3:00      4                   30             12        0              0              
4040699201399059346           9         4:00      2                   30             12        2              0              
4040699201399059346           9         5:00      2                   30             12        2              0              
4040699201399059346           9         6:00      1                   29             12        0              0              
4040699201399059346           9         7:00      4                   30             12        1              0              
4040699201399059346           9         8:00      0                   28             12        1              0              
4040699201399059346           9         9:00      0                   26             12        1              0              
4040699201399059346           9         10:00     3                   26             12        1              0              
4040699201399059346           9         11:00     4                   27             12        2              0              
4040699201399059346           9         12:00     4                   26             12        4              0              
4040699201399059346           9         13:00     4                   27             12        3              0              
4040699201399059346           9         14:00     1                   21             12        1              0              
4040699201399059346           9         15:00     4                   22             12        2              0              
4040699201399059346           9         16:00     0                   18             12        1              0              
4040699201399059346           9         17:00     4                   20             12        2              0              
4040699201399059346           9         18:00     2                   21             12        1              0              
4040699201399059346           9         19:00     3                   17             12        5              0              
4040699201399059346           9         20:00     4                   17             12        3              0              
4040699201399059346           9         21:00     1                   15             12        3              0              
4040699201399059346           9         22:00     2                   11             12        6              0              
4040699201399059346           9         23:00     2                   12             12        1              0              
4040699201399059346           10        0:00      3                   15             12        0              0              
4040699201399059346           10        1:00      2                   14             12        0              0              
4040699201399059346           10        2:00      2                   13             12        3              0              
4040699201399059346           10        3:00      0                   11             12        1              0              
4040699201399059346           10        4:00      0                   10             12        1              0              
4040699201399059346           10        5:00      4                   13             12        0              0              
4040699201399059346           10        6:00      0                   6              12        4              0              
4040699201399059346           10        7:00      4                   5              12        4              0              
4040699201399059346           10        8:00      1                   2              12        4              0              
4040699201399059346           10        9:00      2                   3              12        1              0              
4040699201399059346           10        10:00     1                   2              12        2              0              
4040699201399059346           10        11:00     3                   4              12        1              0              
4040699201399059346           10        12:00     1                   3              12        2              0              
4040699201399059346           10        13:00     5                   3              12        4              0              
4040699201399059346           10        14:00     2                   4              12        1              0              
4040699201399059346           10        15:00     2                   5              12        1              0              
4040699201399059346           10        16:00     3                   6              12        2              0              
4040699201399059346           10        17:00     4                   8              12        2              0              
4040699201399059346           10        18:00     3                   11             12        0              0              
4040699201399059346           10        19:00     0                   9              12        2              0              
4040699201399059346           10        20:00     0                   8              12        1              0              
4040699201399059346           10        21:00     0                   7              12        1              0              
4040699201399059346           10        22:00     1                   7              12        1              0              
4040699201399059346           10        23:00     4                   5              12        6              0              
4040699201399059346           11        0:00      1                   0              12        6              0              
4040699201399059346           11        1:00      4                   0              12        4              0              
4040699201399059346           11        2:00      5                   3              12        1              0              
4040699201399059346           11        3:00      0                   2              12        1              0              
4040699201399059346           11        4:00      4                   0              12        5              0              
4040699201399059346           11        5:00      4                   2              12        2              0              
4040699201399059346           11        6:00      0                   2              12        0              0              
4040699201399059346           11        7:00      1                   0              11        4              1              
4040699201399059346           11        8:00      1                   0              11        1              1              
4040699201399059346           11        9:00      5                   2              12        2              0              
4040699201399059346           11        10:00     4                   1              12        5              0              
4040699201399059346           11        11:00     4                   3              12        2              0              
4040699201399059346           11        12:00     4                   6              12        1              0              
4040699201399059346           11        13:00     2                   6              12        2              0              
4040699201399059346           11        14:00     4                   5              12        4              0              
4040699201399059346           11        15:00     4                   7              12        2              0              
4040699201399059346           11        16:00     5                   11             12        1              0              
4040699201399059346           11        17:00     5                   14             12        2              0              
4040699201399059346           11        18:00     0                   10             12        4              0              
4040699201399059346           11        19:00     3                   10             12        3              0              
4040699201399059346           11        20:00     0                   7              12        3              0              
4040699201399059346           11        21:00     5                   7              12        4              0              
4040699201399059346           11        22:00     4                   9              12        2              0              
4040699201399059346           11        23:00     5                   10             12        3              0              
4040699201399059346           12        0:00      5                   14             12        1              0              
4040699201399059346           12        1:00      3                   17             12        0              0              
4040699201399059346           12        2:00      4                   16             12        5              0              
4040699201399059346           12        3:00      3                   18             12        1              0              
4040699201399059346           12        4:00      0                   16             12        2              0              
4040699201399059346           12        5:00      0                   12             12        4              0              
4040699201399059346           12        6:00      2                   12             12        2              0              
4040699201399059346           12        7:00      2                   13             12        1              0              
4040699201399059346           12        8:00      3                   13             12        3              0              
4040699201399059346           12        9:00      1                   11             12        3              0              
4040699201399059346           12        10:00     2                   10             12        3              0              
4040699201399059346           12        11:00     1                   8              12        3              0              
4040699201399059346           12        12:00     1                   9              12        0              0              
4040699201399059346           12        13:00     2                   7              12        3              0              
4040699201399059346           12        14:00     1                   6              12        1              0              
4040699201399059346           12        15:00     2                   6              12        2              0              
4040699201399059346           12        16:00     0                   3              12        3              0              
4040699201399059346           12        17:00     3                   0              11        7              1              
4040699201399059346           12        18:00     4                   0              12        2              0              
4040699201399059346           12        19:00     4                   1              12        3              0              
4040699201399059346           12        20:00     0                   1              12        0              0              
4040699201399059346           12        21:00     0                   0              11        2              1              
4040699201399059346           12        22:00     4                   2              12        1              0              
4040699201399059346           12        23:00     5                   3              12        4              0              
4040699201399059346           13        0:00      3                   1              12        5              0              
4040699201399059346           13        1:00      0                   1              12        0              0              
4040699201399059346           13        2:00      4                   1              12        4              0              
4040699201399059346           13        3:00      5                   2              12        4              0              
4040699201399059346           13        4:00      4                   3              12        3              0              
4040699201399059346           13        5:00      0                   2              12        1              0              
4040699201399059346           13        6:00      2                   2              12        2              0              
4040699201399059346           13        7:00      4                   2              12        4              0              
4040699201399059346           13        8:00      2                   2              12        2              0              
4040699201399059346           13        9:00      4                   2              12        4              0              
4040699201399059346           13        10:00     4                   4              12        2              0              
4040699201399059346           13        11:00     0                   4              12        0              0              
4040699201399059346           13        12:00     4                   4              12        3              0              
4040699201399059346           13        13:00     1                   4              12        1              0              
4040699201399059346           13        14:00     0                   4              12        0              0              
4040699201399059346           13        15:00     0                   1              12        3              0              
4040699201399059346           13        16:00     3                   2              12        2              0              
4040699201399059346           13        17:00     5                   4              12        3              0              
4040699201399059346           13        18:00     3                   7              12        0              0              
4040699201399059346           13        19:00     2                   8              12        1              0              
4040699201399059346           13        20:00     3                   10             12        1              0              
4040699201399059346           13        21:00     0                   6              12        4              0              
4040699201399059346           13        22:00     5                   11             12        0              0              
4040699201399059346           13        23:00     5                   16             12        0              0              
4040699201399059346           14        0:00      4                   15             12        5              0              
4040699201399059346           14        1:00      1                   14             12        2              0              
4040699201399059346           14        2:00      2                   14             12        2              0              
4040699201399059346           14        3:00      2                   16             12        0              0              
4040699201399059346           14        4:00      0                   11             12        5              0              
4040699201399059346           14        5:00      4                   11             12        4              0              
4040699201399059346           14        6:00      1                   10             12        2              0              
4040699201399059346           14        7:00      2                   12             12        0              0              
4040699201399059346           14        8:00      2                   11             12        3              0              
4040699201399059346           14        9:00      3                   11             12        3              0              
4040699201399059346           14        10:00     1                   7              12        5              0              
4040699201399059346           14        11:00     5                   10             12        1              0              
4040699201399059346           14        12:00     2                   10             12        1              0              
4040699201399059346           14        13:00     2                   10             12        2              0              
4040699201399059346           14        14:00     0                   10             12        0              0              
4040699201399059346           14        15:00     4                   13             12        1              0              
4040699201399059346           14        16:00     3                   15             12        1              0              
4040699201399059346           14        17:00     1                   15             12        1              0              
4040699201399059346           14        18:00     3                   14             12        4              0              
4040699201399059346           14        19:00     5                   14             12        5              0              
4040699201399059346           14        20:00     0                   14             12        0              0              
4040699201399059346           14        21:00     5                   17             12        2              0              
4040699201399059346           14        22:00     5                   22             12        0              0              
4040699201399059346           14        23:00     4                   24             12        2              0              
4040699201399059346           15        0:00      1                   23             12        2              0              
4040699201399059346           15        1:00      2                   24             12        1              0              
4040699201399059346           15        2:00      2                   26             12        0              0              
4040699201399059346           15        3:00      0                   22             12        4              0              
4040699201399059346           15        4:00      5                   21             12        2              0              
4040699201399059346           15        5:00      4                   24             12        1              0              
4040699201399059346           15        6:00      1                   23             12        2              0              
4040699201399059346           15        7:00      0                   20             12        3              0              
4040699201399059346           15        8:00      1                   17             12        2              0              
4040699201399059346           15        9:00      3                   18             12        2              0              
4040699201399059346           15        10:00     0                   12             12        2              0              
4040699201399059346           15        11:00     5                   12             12        3              0              
4040699201399059346           15        12:00     4                   14             12        2              0              
4040699201399059346           15        13:00     4                   15             12        3              0              
4040699201399059346           15        14:00     5                   17             12        3              0              
4040699201399059346           15        15:00     3                   16             12        3              0              
4040699201399059346           15        16:00     3                   14             12        5              0              
4040699201399059346           15        17:00     3                   16             12        1              0              
4040699201399059346           15        18:00     1                   13             12        4              0              
4040699201399059346           15        19:00     4                   12             12        5              0              
4040699201399059346           15        20:00     2                   12             12        2              0              
4040699201399059346           15        21:00     2                   10             12        3              0              
4040699201399059346           15        22:00     4                   10             12        4              0              
4040699201399059346           15        23:00     5                   15             12        0              0              
