Sim_N                         Day       Time      New_Patients        Waiting        Assigned  Discharged     Beds_Avail_EOH 
8570659772290095389           1         0:00      3                   0              2         1              10             
8570659772290095389           1         1:00      2                   0              4         0              8              
8570659772290095389           1         2:00      5                   0              7         1              5              
8570659772290095389           1         3:00      0                   0              6         1              6              
8570659772290095389           1         4:00      3                   0              7         2              5              
8570659772290095389           1         5:00      3                   0              9         0              3              
8570659772290095389           1         6:00      5                   0              10        4              2              
8570659772290095389           1         7:00      0                   0              8         2              4              
8570659772290095389           1         8:00      5                   0              11        2              1              
8570659772290095389           1         9:00      0                   0              10        1              2              
8570659772290095389           1         10:00     4                   0              10        4              2              
8570659772290095389           1         11:00     2                   0              12        0              0              
8570659772290095389           1         12:00     0                   0              11        1              1              
8570659772290095389           1         13:00     2                   0              8         5              4              
8570659772290095389           1         14:00     5                   0              12        1              0              
8570659772290095389           1         15:00     3                   1              12        1              0              
8570659772290095389           1         16:00     0                   0              11        2              1              
8570659772290095389           1         17:00     2                   0              12        1              0              
8570659772290095389           1         18:00     0                   0              11        1              1              
8570659772290095389           1         19:00     4                   1              12        2              0              
8570659772290095389           1         20:00     4                   5              12        0              0              
8570659772290095389           1         21:00     4                   8              12        1              0              
8570659772290095389           1         22:00     4                   12             12        0              0              
8570659772290095389           1         23:00     2                   11             12        3              0              
8570659772290095389           2         0:00      2                   10             12        3              0              
8570659772290095389           2         1:00      4                   10             12        3              0              
8570659772290095389           2         2:00      3                   11             12        2              0              
8570659772290095389           2         3:00      1                   10             12        2              0              
8570659772290095389           2         4:00      5                   13             12        2              0              
8570659772290095389           2         5:00      0                   11             12        2              0              
8570659772290095389           2         6:00      1                   10             12        2              0              
8570659772290095389           2         7:00      1                   8              12        3              0              
8570659772290095389           2         8:00      4                   7              12        5              0              
8570659772290095389           2         9:00      0                   5              12        2              0              
8570659772290095389           2         10:00     0                   3              12        2              0              
8570659772290095389           2         11:00     2                   3              12        2              0              
8570659772290095389           2         12:00     4                   6              12        1              0              
8570659772290095389           2         13:00     4                   8              12        2              0              
8570659772290095389           2         14:00     1                   7              12        2              0              
8570659772290095389           2         15:00     1                   4              12        4              0              
8570659772290095389           2         16:00     3                   3              12        4              0              
8570659772290095389           2         17:00     3                   0              10        8              2              
8570659772290095389           2         18:00     0                   0              6         4              6              
8570659772290095389           2         19:00     3                   0              8         1              4              
8570659772290095389           2         20:00     5                   0              12        1              0              
8570659772290095389           2         21:00     0                   0              10        2              2              
8570659772290095389           2         22:00     3                   0              12        1              0              
8570659772290095389           2         23:00     0                   0              11        1              1              
8570659772290095389           3         0:00      5                   0              12        3              0              
8570659772290095389           3         1:00      4                   0              12        4              0              
8570659772290095389           3         2:00      1                   0              11        2              1              
8570659772290095389           3         3:00      4                   0              12        3              0              
8570659772290095389           3         4:00      4                   1              12        3              0              
8570659772290095389           3         5:00      0                   0              11        2              1              
8570659772290095389           3         6:00      1                   0              12        0              0              
8570659772290095389           3         7:00      3                   0              10        5              2              
8570659772290095389           3         8:00      5                   1              12        1              0              
8570659772290095389           3         9:00      0                   1              12        0              0              
8570659772290095389           3         10:00     2                   0              11        4              1              
8570659772290095389           3         11:00     0                   0              11        0              1              
8570659772290095389           3         12:00     1                   0              9         3              3              
8570659772290095389           3         13:00     4                   0              9         4              3              
8570659772290095389           3         14:00     5                   0              11        3              1              
8570659772290095389           3         15:00     2                   0              11        2              1              
8570659772290095389           3         16:00     2                   0              9         4              3              
8570659772290095389           3         17:00     1                   0              9         1              3              
8570659772290095389           3         18:00     5                   0              12        2              0              
8570659772290095389           3         19:00     4                   2              12        1              0              
8570659772290095389           3         20:00     0                   2              12        0              0              
8570659772290095389           3         21:00     4                   0              12        5              0              
8570659772290095389           3         22:00     5                   2              12        3              0              
8570659772290095389           3         23:00     1                   1              12        2              0              
8570659772290095389           4         0:00      5                   4              12        2              0              
8570659772290095389           4         1:00      5                   6              12        3              0              
8570659772290095389           4         2:00      5                   10             12        1              0              
8570659772290095389           4         3:00      2                   8              12        4              0              
8570659772290095389           4         4:00      2                   8              12        2              0              
8570659772290095389           4         5:00      1                   5              12        4              0              
8570659772290095389           4         6:00      0                   1              12        4              0              
8570659772290095389           4         7:00      3                   2              12        2              0              
8570659772290095389           4         8:00      0                   0              12        2              0              
8570659772290095389           4         9:00      0                   0              11        1              1              
8570659772290095389           4         10:00     5                   0              11        5              1              
8570659772290095389           4         11:00     3                   0              12        2              0              
8570659772290095389           4         12:00     5                   3              12        2              0              
8570659772290095389           4         13:00     0                   2              12        1              0              
8570659772290095389           4         14:00     3                   4              12        1              0              
8570659772290095389           4         15:00     3                   5              12        2              0              
8570659772290095389           4         16:00     1                   6              12        0              0              
8570659772290095389           4         17:00     3                   6              12        3              0              
8570659772290095389           4         18:00     0                   6              12        0              0              
8570659772290095389           4         19:00     2                   4              12        4              0              
8570659772290095389           4         20:00     0                   2              12        2              0              
8570659772290095389           4         21:00     4                   0              11        7              1              
8570659772290095389           4         22:00     5                   1              12        2              0              
8570659772290095389           4         23:00     1                   2              12        0              0              
8570659772290095389           5         0:00      1                   0              11        4              1              
8570659772290095389           5         1:00      3                   1              12        1              0              
8570659772290095389           5         2:00      1                   0              12        2              0              
8570659772290095389           5         3:00      2                   0              11        3              1              
8570659772290095389           5         4:00      3                   1              12        1              0              
8570659772290095389           5         5:00      2                   1              12        2              0              
8570659772290095389           5         6:00      1                   0              12        2              0              
8570659772290095389           5         7:00      0                   0              12        0              0              
8570659772290095389           5         8:00      1                   0              12        1              0              
8570659772290095389           5         9:00      2                   2              12        0              0              
8570659772290095389           5         10:00     2                   3              12        1              0              
8570659772290095389           5         11:00     3                   5              12        1              0              
8570659772290095389           5         12:00     3                   5              12        3              0              
8570659772290095389           5         13:00     0                   4              12        1              0              
8570659772290095389           5         14:00     1                   3              12        2              0              
8570659772290095389           5         15:00     2                   2              12        3              0              
8570659772290095389           5         16:00     0                   1              12        1              0              
8570659772290095389           5         17:00     5                   2              12        3              0              
8570659772290095389           5         18:00     2                   0              12        4              0              
8570659772290095389           5         19:00     3                   0              10        4              2              
8570659772290095389           5         20:00     2                   0              9         3              3              
8570659772290095389           5         21:00     0                   0              9         0              3              
8570659772290095389           5         22:00     0                   0              8         1              4              
8570659772290095389           5         23:00     1                   0              8         1              4              
8570659772290095389           6         0:00      4                   0              12        0              0              
8570659772290095389           6         1:00      4                   0              12        4              0              
8570659772290095389           6         2:00      3                   0              11        3              1              
8570659772290095389           6         3:00      5                   3              12        0              0              
8570659772290095389           6         4:00      0                   0              12        3              0              
8570659772290095389           6         5:00      3                   2              12        1              0              
8570659772290095389           6         6:00      3                   2              12        2              0              
8570659772290095389           6         7:00      5                   3              12        4              0              
8570659772290095389           6         8:00      2                   3              12        2              0              
8570659772290095389           6         9:00      1                   3              12        1              0              
8570659772290095389           6         10:00     1                   2              12        2              0              
8570659772290095389           6         11:00     2                   0              11        5              1              
8570659772290095389           6         12:00     5                   1              12        3              0              
8570659772290095389           6         13:00     2                   1              12        2              0              
8570659772290095389           6         14:00     2                   0              12        3              0              
8570659772290095389           6         15:00     0                   0              8         4              4              
8570659772290095389           6         16:00     3                   0              11        0              1              
8570659772290095389           6         17:00     0                   0              9         2              3              
8570659772290095389           6         18:00     4                   0              11        2              1              
8570659772290095389           6         19:00     0                   0              9         2              3              
8570659772290095389           6         20:00     3                   0              6         5              6              
8570659772290095389           6         21:00     2                   0              7         1              5              
8570659772290095389           6         22:00     5                   0              10        2              2              
8570659772290095389           6         23:00     0                   0              7         3              5              
8570659772290095389           7         0:00      1                   0              6         2              6              
8570659772290095389           7         1:00      3                   0              7         2              5              
8570659772290095389           7         2:00      2                   0              7         2              5              
8570659772290095389           7         3:00      2                   0              6         3              6              
8570659772290095389           7         4:00      3                   0              8         0              4              
8570659772290095389           7         5:00      0                   0              7         1              5              
8570659772290095389           7         6:00      2                   0              9         0              3              
8570659772290095389           7         7:00      3                   0              11        1              1              
8570659772290095389           7         8:00      4                   0              12        3              0              
8570659772290095389           7         9:00      3                   1              12        1              0              
8570659772290095389           7         10:00     1                   0              11        3              1              
8570659772290095389           7         11:00     3                   1              12        1              0              
8570659772290095389           7         12:00     4                   0              11        6              1              
8570659772290095389           7         13:00     2                   0              11        2              1              
8570659772290095389           7         14:00     1                   0              12        0              0              
8570659772290095389           7         15:00     2                   0              11        3              1              
8570659772290095389           7         16:00     1                   0              12        0              0              
8570659772290095389           7         17:00     3                   0              12        3              0              
8570659772290095389           7         18:00     0                   0              12        0              0              
8570659772290095389           7         19:00     0                   0              11        1              1              
8570659772290095389           7         20:00     1                   0              10        2              2              
8570659772290095389           7         21:00     3                   0              10        3              2              
8570659772290095389           7         22:00     2                   0              8         4              4              
8570659772290095389           7         23:00     3                   0              9         1              3              
8570659772290095389           8         0:00      2                   0              10        0              2              
8570659772290095389           8         1:00      5                   0              12        3              0              
8570659772290095389           8         2:00      1                   0              9         4              3              
8570659772290095389           8         3:00      0                   0              5         4              7              
8570659772290095389           8         4:00      2                   0              4         3              8              
8570659772290095389           8         5:00      2                   0              6         0              6              
8570659772290095389           8         6:00      1                   0              7         0              5              
8570659772290095389           8         7:00      5                   0              8         3              4              
8570659772290095389           8         8:00      4                   0              7         5              5              
8570659772290095389           8         9:00      0                   0              5         2              7              
8570659772290095389           8         10:00     3                   0              8         0              4              
8570659772290095389           8         11:00     2                   0              7         3              5              
8570659772290095389           8         12:00     5                   0              11        0              1              
8570659772290095389           8         13:00     3                   0              12        2              0              
8570659772290095389           8         14:00     3                   1              12        2              0              
8570659772290095389           8         15:00     5                   4              12        2              0              
8570659772290095389           8         16:00     4                   5              12        3              0              
8570659772290095389           8         17:00     3                   8              12        0              0              
8570659772290095389           8         18:00     5                   12             12        1              0              
8570659772290095389           8         19:00     1                   12             12        1              0              
8570659772290095389           8         20:00     2                   11             12        3              0              
8570659772290095389           8         21:00     1                   12             12        0              0              
8570659772290095389           8         22:00     2                   9              12        5              0              
8570659772290095389           8         23:00     1                   7              12        3              0              
8570659772290095389           9         0:00      1                   7              12        1              0              
8570659772290095389           9         1:00      5                   12             12        0              0              
8570659772290095389           9         2:00      1                   9              12        4              0              
8570659772290095389           9         3:00      3                   10             12        2              0              
8570659772290095389           9         4:00      0                   9              12        1              0              
8570659772290095389           9         5:00      2                   9              12        2              0              
8570659772290095389           9         6:00      1                   10             12        0              0              
8570659772290095389           9         7:00      5                   11             12        4              0              
8570659772290095389           9         8:00      5                   12             12        4              0              
8570659772290095389           9         9:00      3                   12             12        3              0              
8570659772290095389           9         10:00     5                   12             12        4              0              
8570659772290095389           9         11:00     2                   12             12        2              0              
8570659772290095389           9         12:00     4                   15             12        1              0              
8570659772290095389           9         13:00     3                   16             12        2              0              
8570659772290095389           9         14:00     5                   17             12        3              0              
8570659772290095389           9         15:00     4                   20             12        1              0              
8570659772290095389           9         16:00     5                   19             12        6              0              
8570659772290095389           9         17:00     0                   18             12        1              0              
8570659772290095389           9         18:00     2                   19             12        1              0              
8570659772290095389           9         19:00     2                   20             12        1              0              
8570659772290095389           9         20:00     4                   23             12        1              0              
8570659772290095389           9         21:00     4                   22             12        5              0              
8570659772290095389           9         22:00     0                   22             12        0              0              
8570659772290095389           9         23:00     2                   20             12        4              0              
8570659772290095389           10        0:00      2                   17             12        5              0              
8570659772290095389           10        1:00      2                   18             12        0              0              
8570659772290095389           10        2:00      2                   15             12        3              0              
8570659772290095389           10        3:00      3                   13             12        3              0              
8570659772290095389           10        4:00      3                   14             12        2              0              
8570659772290095389           10        5:00      1                   14             12        1              0              
8570659772290095389           10        6:00      0                   11             12        2              0              
8570659772290095389           10        7:00      2                   10             12        3              0              
8570659772290095389           10        8:00      1                   7              12        4              0              
8570659772290095389           10        9:00      0                   6              12        1              0              
8570659772290095389           10        10:00     4                   5              12        4              0              
8570659772290095389           10        11:00     4                   7              12        2              0              
8570659772290095389           10        12:00     4                   7              12        4              0              
8570659772290095389           10        13:00     4                   8              12        3              0              
8570659772290095389           10        14:00     0                   8              12        0              0              
8570659772290095389           10        15:00     0                   5              12        3              0              
8570659772290095389           10        16:00     1                   5              12        1              0              
8570659772290095389           10        17:00     4                   4              12        4              0              
8570659772290095389           10        18:00     4                   6              12        2              0              
8570659772290095389           10        19:00     4                   5              12        5              0              
8570659772290095389           10        20:00     4                   5              12        3              0              
8570659772290095389           10        21:00     1                   4              12        2              0              
8570659772290095389           10        22:00     4                   3              12        5              0              
8570659772290095389           10        23:00     5                   2              12        5              0              
8570659772290095389           11        0:00      0                   0              10        4              2              
8570659772290095389           11        1:00      1                   0              8         3              4              
8570659772290095389           11        2:00      0                   0              6         2              6              
8570659772290095389           11        3:00      2                   0              6         1              6              
8570659772290095389           11        4:00      4                   0              8         2              4              
8570659772290095389           11        5:00      3                   0              9         2              3              
8570659772290095389           11        6:00      1                   0              10        0              2              
8570659772290095389           11        7:00      0                   0              8         2              4              
8570659772290095389           11        8:00      4                   0              12        0              0              
8570659772290095389           11        9:00      1                   0              12        1              0              
8570659772290095389           11        10:00     0                   0              10        2              2              
8570659772290095389           11        11:00     3                   0              11        1              1              
8570659772290095389           11        12:00     4                   1              12        2              0              
8570659772290095389           11        13:00     2                   1              12        2              0              
8570659772290095389           11        14:00     5                   1              12        3              0              
8570659772290095389           11        15:00     5                   5              12        1              0              
8570659772290095389           11        16:00     2                   6              12        1              0              
8570659772290095389           11        17:00     5                   9              12        2              0              
8570659772290095389           11        18:00     3                   10             12        2              0              
8570659772290095389           11        19:00     4                   11             12        3              0              
8570659772290095389           11        20:00     0                   9              12        2              0              
8570659772290095389           11        21:00     1                   8              12        2              0              
8570659772290095389           11        22:00     3                   4              12        6              0              
8570659772290095389           11        23:00     3                   6              12        1              0              
8570659772290095389           12        0:00      4                   8              12        2              0              
8570659772290095389           12        1:00      4                   10             12        2              0              
8570659772290095389           12        2:00      2                   8              12        4              0              
8570659772290095389           12        3:00      4                   9              12        2              0              
8570659772290095389           12        4:00      4                   10             12        2              0              
8570659772290095389           12        5:00      0                   10             12        0              0              
8570659772290095389           12        6:00      1                   7              12        4              0              
8570659772290095389           12        7:00      3                   8              12        2              0              
8570659772290095389           12        8:00      3                   10             12        0              0              
8570659772290095389           12        9:00      1                   10             12        1              0              
8570659772290095389           12        10:00     5                   13             12        1              0              
8570659772290095389           12        11:00     4                   14             12        3              0              
8570659772290095389           12        12:00     0                   10             12        4              0              
8570659772290095389           12        13:00     2                   9              12        3              0              
8570659772290095389           12        14:00     4                   8              12        5              0              
8570659772290095389           12        15:00     4                   10             12        2              0              
8570659772290095389           12        16:00     5                   13             12        0              0              
8570659772290095389           12        17:00     2                   12             12        3              0              
8570659772290095389           12        18:00     2                   11             12        3              0              
8570659772290095389           12        19:00     1                   8              12        4              0              
8570659772290095389           12        20:00     4                   10             12        2              0              
8570659772290095389           12        21:00     3                   9              12        4              0              
8570659772290095389           12        22:00     5                   12             12        2              0              
8570659772290095389           12        23:00     2                   12             12        2              0              
8570659772290095389           13        0:00      4                   16             12        0              0              
8570659772290095389           13        1:00      0                   9              12        7              0              
8570659772290095389           13        2:00      1                   9              12        1              0              
8570659772290095389           13        3:00      3                   9              12        3              0              
8570659772290095389           13        4:00      3                   11             12        1              0              
8570659772290095389           13        5:00      0                   9              12        2              0              
8570659772290095389           13        6:00      5                   10             12        4              0              
8570659772290095389           13        7:00      5                   14             12        1              0              
8570659772290095389           13        8:00      3                   13             12        4              0              
8570659772290095389           13        9:00      1                   12             12        2              0              
8570659772290095389           13        10:00     3                   11             12        4              0              
8570659772290095389           13        11:00     4                   13             12        2              0              
8570659772290095389           13        12:00     1                   10             12        4              0              
8570659772290095389           13        13:00     2                   7              12        5              0              
8570659772290095389           13        14:00     3                   9              12        0              0              
8570659772290095389           13        15:00     4                   11             12        1              0              
8570659772290095389           13        16:00     4                   14             12        1              0              
8570659772290095389           13        17:00     5                   19             12        0              0              
8570659772290095389           13        18:00     0                   16             12        3              0              
8570659772290095389           13        19:00     4                   18             12        2              0              
8570659772290095389           13        20:00     2                   18             12        2              0              
8570659772290095389           13        21:00     5                   22             12        1              0              
8570659772290095389           13        22:00     5                   26             12        1              0              
8570659772290095389           13        23:00     3                   26             12        2              0              
8570659772290095389           14        0:00      2                   27             12        1              0              
8570659772290095389           14        1:00      5                   26             12        6              0              
8570659772290095389           14        2:00      1                   24             12        3              0              
8570659772290095389           14        3:00      2                   21             12        5              0              
8570659772290095389           14        4:00      2                   19             12        4              0              
8570659772290095389           14        5:00      0                   17             12        2              0              
8570659772290095389           14        6:00      5                   18             12        2              0              
8570659772290095389           14        7:00      4                   19             12        2              0              
8570659772290095389           14        8:00      1                   19             12        1              0              
8570659772290095389           14        9:00      5                   18             12        4              0              
8570659772290095389           14        10:00     3                   18             12        1              0              
8570659772290095389           14        11:00     5                   17             12        2              0              
8570659772290095389           14        12:00     3                   18             12        2              0              
8570659772290095389           14        13:00     1                   14             12        5              0              
8570659772290095389           14        14:00     0                   11             12        3              0              
8570659772290095389           14        15:00     4                   10             12        5              0              
8570659772290095389           14        16:00     3                   10             12        3              0              
8570659772290095389           14        17:00     5                   14             12        1              0              
8570659772290095389           14        18:00     2                   14             12        2              0              
8570659772290095389           14        19:00     5                   19             12        0              0              
8570659772290095389           14        20:00     5                   20             12        3              0              
8570659772290095389           14        21:00     3                   23             12        0              0              
8570659772290095389           14        22:00     5                   27             12        1              0              
8570659772290095389           14        23:00     3                   26             12        4              0              
8570659772290095389           15        0:00      3                   26             12        1              0              
8570659772290095389           15        1:00      2                   25             12        3              0              
8570659772290095389           15        2:00      3                   25             12        3              0              
8570659772290095389           15        3:00      3                   25             12        2              0              
8570659772290095389           15        4:00      1                   24             12        2              0              
8570659772290095389           15        5:00      3                   25             12        2              0              
8570659772290095389           15        6:00      2                   20             12        5              0              
8570659772290095389           15        7:00      5                   23             12        1              0              
8570659772290095389           15        8:00      3                   23             12        1              0              
8570659772290095389           15        9:00      4                   21             12        4              0              
8570659772290095389           15        10:00     1                   17             12        2              0              
8570659772290095389           15        11:00     5                   18             12        3              0              
8570659772290095389           15        12:00     4                   17             12        5              0              
8570659772290095389           15        13:00     0                   13             12        4              0              
8570659772290095389           15        14:00     2                   12             12        3              0              
8570659772290095389           15        15:00     1                   13             12        0              0              
8570659772290095389           15        16:00     0                   13             12        0              0              
8570659772290095389           15        17:00     3                   12             12        4              0              
8570659772290095389           15        18:00     1                   10             12        3              0              
8570659772290095389           15        19:00     3                   8              12        5              0              
8570659772290095389           15        20:00     1                   6              12        3              0              
8570659772290095389           15        21:00     4                   6              12        4              0              
8570659772290095389           15        22:00     3                   9              12        0              0              
8570659772290095389           15        23:00     0                   7              12        2              0              
