Sim_N                         Day       Time      New_Patients        Waiting        Assigned  Discharged     Beds_Avail_EOH 
5843557381823494107           1         0:00      0                   0              0         0              8              
5843557381823494107           1         1:00      3                   0              3         0              5              
5843557381823494107           1         2:00      3                   0              5         1              3              
5843557381823494107           1         3:00      3                   0              7         1              1              
5843557381823494107           1         4:00      1                   0              5         3              3              
5843557381823494107           1         5:00      1                   0              5         1              3              
5843557381823494107           1         6:00      3                   0              7         1              1              
5843557381823494107           1         7:00      5                   0              8         4              0              
5843557381823494107           1         8:00      4                   3              8         1              0              
5843557381823494107           1         9:00      2                   4              8         1              0              
5843557381823494107           1         10:00     0                   3              8         1              0              
5843557381823494107           1         11:00     0                   1              8         2              0              
5843557381823494107           1         12:00     1                   1              8         1              0              
5843557381823494107           1         13:00     3                   3              8         1              0              
5843557381823494107           1         14:00     1                   3              8         1              0              
5843557381823494107           1         15:00     5                   6              8         2              0              
5843557381823494107           1         16:00     4                   8              8         1              0              
5843557381823494107           1         17:00     2                   8              8         2              0              
5843557381823494107           1         18:00     4                   7              8         5              0              
5843557381823494107           1         19:00     1                   7              8         1              0              
5843557381823494107           1         20:00     4                   10             8         1              0              
5843557381823494107           1         21:00     5                   13             8         1              0              
5843557381823494107           1         22:00     2                   14             8         1              0              
5843557381823494107           1         23:00     2                   16             8         0              0              
5843557381823494107           2         0:00      5                   20             8         1              0              
5843557381823494107           2         1:00      3                   22             8         1              0              
5843557381823494107           2         2:00      1                   22             8         1              0              
5843557381823494107           2         3:00      4                   25             8         1              0              
5843557381823494107           2         4:00      0                   22             8         3              0              
5843557381823494107           2         5:00      2                   23             8         1              0              
5843557381823494107           2         6:00      2                   22             8         3              0              
5843557381823494107           2         7:00      1                   22             8         1              0              
5843557381823494107           2         8:00      1                   21             8         2              0              
5843557381823494107           2         9:00      2                   20             8         2              0              
5843557381823494107           2         10:00     4                   23             8         1              0              
5843557381823494107           2         11:00     2                   25             8         0              0              
5843557381823494107           2         12:00     3                   24             8         1              0              
5843557381823494107           2         13:00     0                   21             8         2              0              
5843557381823494107           2         14:00     3                   21             8         2              0              
5843557381823494107           2         15:00     1                   21             8         1              0              
5843557381823494107           2         16:00     1                   18             8         3              0              
5843557381823494107           2         17:00     3                   19             8         2              0              
5843557381823494107           2         18:00     2                   19             8         2              0              
5843557381823494107           2         19:00     5                   24             8         0              0              
5843557381823494107           2         20:00     1                   24             8         1              0              
5843557381823494107           2         21:00     2                   24             8         2              0              
5843557381823494107           2         22:00     4                   26             8         2              0              
5843557381823494107           2         23:00     2                   26             8         2              0              
5843557381823494107           3         0:00      3                   27             8         1              0              
5843557381823494107           3         1:00      5                   30             8         2              0              
5843557381823494107           3         2:00      5                   33             8         2              0              
5843557381823494107           3         3:00      2                   32             8         3              0              
5843557381823494107           3         4:00      3                   33             8         2              0              
5843557381823494107           3         5:00      1                   31             8         3              0              
5843557381823494107           3         6:00      2                   33             8         0              0              
5843557381823494107           3         7:00      1                   33             8         1              0              
5843557381823494107           3         8:00      2                   32             8         1              0              
5843557381823494107           3         9:00      5                   34             8         3              0              
5843557381823494107           3         10:00     5                   37             8         1              0              
5843557381823494107           3         11:00     4                   38             8         3              0              
5843557381823494107           3         12:00     5                   41             8         2              0              
5843557381823494107           3         13:00     4                   41             8         1              0              
5843557381823494107           3         14:00     4                   40             8         1              0              
5843557381823494107           3         15:00     0                   35             8         1              0              
5843557381823494107           3         16:00     3                   35             8         2              0              
5843557381823494107           3         17:00     5                   38             8         2              0              
5843557381823494107           3         18:00     1                   34             8         5              0              
5843557381823494107           3         19:00     3                   36             8         1              0              
5843557381823494107           3         20:00     0                   35             8         1              0              
5843557381823494107           3         21:00     1                   33             8         3              0              
5843557381823494107           3         22:00     1                   29             8         5              0              
5843557381823494107           3         23:00     4                   30             8         3              0              
5843557381823494107           4         0:00      2                   29             8         1              0              
5843557381823494107           4         1:00      4                   28             8         1              0              
5843557381823494107           4         2:00      3                   25             8         5              0              
5843557381823494107           4         3:00      5                   29             8         0              0              
5843557381823494107           4         4:00      1                   27             8         3              0              
5843557381823494107           4         5:00      4                   28             8         2              0              
5843557381823494107           4         6:00      0                   26             8         1              0              
5843557381823494107           4         7:00      2                   24             8         4              0              
5843557381823494107           4         8:00      2                   24             8         2              0              
5843557381823494107           4         9:00      0                   24             8         0              0              
5843557381823494107           4         10:00     0                   23             8         1              0              
5843557381823494107           4         11:00     4                   26             8         1              0              
5843557381823494107           4         12:00     5                   29             8         2              0              
5843557381823494107           4         13:00     2                   29             8         0              0              
5843557381823494107           4         14:00     1                   25             8         3              0              
5843557381823494107           4         15:00     2                   26             8         0              0              
5843557381823494107           4         16:00     5                   25             8         3              0              
5843557381823494107           4         17:00     5                   30             8         0              0              
5843557381823494107           4         18:00     4                   27             8         4              0              
5843557381823494107           4         19:00     0                   26             8         1              0              
5843557381823494107           4         20:00     3                   27             8         2              0              
5843557381823494107           4         21:00     1                   28             8         0              0              
5843557381823494107           4         22:00     1                   28             8         1              0              
5843557381823494107           4         23:00     1                   28             8         1              0              
5843557381823494107           5         0:00      4                   28             8         0              0              
5843557381823494107           5         1:00      0                   26             8         0              0              
5843557381823494107           5         2:00      5                   28             8         2              0              
5843557381823494107           5         3:00      4                   29             8         3              0              
5843557381823494107           5         4:00      3                   30             8         2              0              
5843557381823494107           5         5:00      3                   30             8         1              0              
5843557381823494107           5         6:00      5                   30             8         2              0              
5843557381823494107           5         7:00      5                   33             8         1              0              
5843557381823494107           5         8:00      1                   32             8         1              0              
5843557381823494107           5         9:00      2                   31             8         2              0              
5843557381823494107           5         10:00     2                   31             8         2              0              
5843557381823494107           5         11:00     1                   29             8         3              0              
5843557381823494107           5         12:00     1                   29             8         1              0              
5843557381823494107           5         13:00     1                   28             8         2              0              
5843557381823494107           5         14:00     5                   32             8         0              0              
5843557381823494107           5         15:00     5                   31             8         2              0              
5843557381823494107           5         16:00     3                   32             8         0              0              
5843557381823494107           5         17:00     4                   32             8         3              0              
5843557381823494107           5         18:00     3                   30             8         0              0              
5843557381823494107           5         19:00     1                   26             8         5              0              
5843557381823494107           5         20:00     1                   26             8         1              0              
5843557381823494107           5         21:00     3                   27             8         2              0              
5843557381823494107           5         22:00     2                   29             8         0              0              
5843557381823494107           5         23:00     1                   29             8         0              0              
5843557381823494107           6         0:00      1                   27             8         3              0              
5843557381823494107           6         1:00      1                   26             8         2              0              
5843557381823494107           6         2:00      3                   28             8         1              0              
5843557381823494107           6         3:00      5                   31             8         2              0              
5843557381823494107           6         4:00      5                   32             8         0              0              
5843557381823494107           6         5:00      2                   28             8         0              0              
5843557381823494107           6         6:00      1                   26             8         3              0              
5843557381823494107           6         7:00      2                   25             8         3              0              
5843557381823494107           6         8:00      3                   27             8         1              0              
5843557381823494107           6         9:00      5                   28             8         4              0              
5843557381823494107           6         10:00     1                   28             8         1              0              
5843557381823494107           6         11:00     5                   32             8         1              0              
5843557381823494107           6         12:00     5                   37             8         0              0              
5843557381823494107           6         13:00     0                   36             8         1              0              
5843557381823494107           6         14:00     4                   39             8         1              0              
5843557381823494107           6         15:00     5                   37             8         5              0              
5843557381823494107           6         16:00     1                   35             8         1              0              
5843557381823494107           6         17:00     1                   30             8         2              0              
5843557381823494107           6         18:00     2                   31             8         1              0              
5843557381823494107           6         19:00     0                   28             8         3              0              
5843557381823494107           6         20:00     2                   26             8         4              0              
5843557381823494107           6         21:00     2                   27             8         1              0              
5843557381823494107           6         22:00     0                   25             8         0              0              
5843557381823494107           6         23:00     3                   23             8         4              0              
5843557381823494107           7         0:00      1                   20             8         4              0              
5843557381823494107           7         1:00      1                   20             8         0              0              
5843557381823494107           7         2:00      0                   19             8         1              0              
5843557381823494107           7         3:00      4                   17             8         2              0              
5843557381823494107           7         4:00      0                   16             8         0              0              
5843557381823494107           7         5:00      5                   19             8         2              0              
5843557381823494107           7         6:00      1                   18             8         2              0              
5843557381823494107           7         7:00      5                   22             8         1              0              
5843557381823494107           7         8:00      0                   21             8         1              0              
5843557381823494107           7         9:00      2                   21             8         2              0              
5843557381823494107           7         10:00     0                   18             8         3              0              
5843557381823494107           7         11:00     3                   21             8         0              0              
5843557381823494107           7         12:00     1                   16             8         6              0              
5843557381823494107           7         13:00     4                   17             8         3              0              
5843557381823494107           7         14:00     3                   18             8         1              0              
5843557381823494107           7         15:00     5                   22             8         1              0              
5843557381823494107           7         16:00     2                   23             8         1              0              
5843557381823494107           7         17:00     5                   26             8         1              0              
5843557381823494107           7         18:00     0                   25             8         1              0              
5843557381823494107           7         19:00     5                   29             8         1              0              
5843557381823494107           7         20:00     4                   30             8         2              0              
5843557381823494107           7         21:00     1                   29             8         1              0              
5843557381823494107           7         22:00     1                   28             8         2              0              
5843557381823494107           7         23:00     4                   31             8         1              0              
5843557381823494107           8         0:00      0                   31             8         0              0              
5843557381823494107           8         1:00      3                   32             8         1              0              
5843557381823494107           8         2:00      3                   31             8         2              0              
5843557381823494107           8         3:00      4                   33             8         2              0              
5843557381823494107           8         4:00      0                   28             8         0              0              
5843557381823494107           8         5:00      5                   30             8         0              0              
5843557381823494107           8         6:00      4                   31             8         1              0              
5843557381823494107           8         7:00      3                   32             8         2              0              
5843557381823494107           8         8:00      1                   28             8         1              0              
5843557381823494107           8         9:00      0                   27             8         1              0              
5843557381823494107           8         10:00     1                   27             8         1              0              
5843557381823494107           8         11:00     3                   28             8         2              0              
5843557381823494107           8         12:00     0                   25             8         1              0              
5843557381823494107           8         13:00     3                   27             8         1              0              
5843557381823494107           8         14:00     5                   30             8         1              0              
5843557381823494107           8         15:00     3                   29             8         1              0              
5843557381823494107           8         16:00     0                   28             8         0              0              
5843557381823494107           8         17:00     2                   26             8         1              0              
5843557381823494107           8         18:00     0                   24             8         1              0              
5843557381823494107           8         19:00     2                   22             8         0              0              
5843557381823494107           8         20:00     2                   20             8         3              0              
5843557381823494107           8         21:00     5                   23             8         2              0              
5843557381823494107           8         22:00     0                   22             8         1              0              
5843557381823494107           8         23:00     1                   22             8         1              0              
5843557381823494107           9         0:00      2                   21             8         3              0              
5843557381823494107           9         1:00      1                   20             8         2              0              
5843557381823494107           9         2:00      5                   21             8         4              0              
5843557381823494107           9         3:00      1                   20             8         2              0              
5843557381823494107           9         4:00      4                   22             8         2              0              
5843557381823494107           9         5:00      0                   22             8         0              0              
5843557381823494107           9         6:00      3                   24             8         1              0              
5843557381823494107           9         7:00      5                   27             8         2              0              
5843557381823494107           9         8:00      4                   28             8         3              0              
5843557381823494107           9         9:00      4                   28             8         3              0              
5843557381823494107           9         10:00     4                   29             8         3              0              
5843557381823494107           9         11:00     2                   27             8         3              0              
5843557381823494107           9         12:00     0                   25             8         2              0              
5843557381823494107           9         13:00     1                   23             8         3              0              
5843557381823494107           9         14:00     1                   22             8         2              0              
5843557381823494107           9         15:00     0                   19             8         3              0              
5843557381823494107           9         16:00     4                   21             8         2              0              
5843557381823494107           9         17:00     4                   22             8         2              0              
5843557381823494107           9         18:00     5                   25             8         2              0              
5843557381823494107           9         19:00     5                   29             8         1              0              
5843557381823494107           9         20:00     5                   34             8         0              0              
5843557381823494107           9         21:00     5                   34             8         2              0              
5843557381823494107           9         22:00     0                   31             8         2              0              
5843557381823494107           9         23:00     0                   28             8         1              0              
5843557381823494107           10        0:00      5                   28             8         4              0              
5843557381823494107           10        1:00      0                   26             8         2              0              
5843557381823494107           10        2:00      2                   25             8         3              0              
5843557381823494107           10        3:00      2                   23             8         4              0              
5843557381823494107           10        4:00      5                   26             8         1              0              
5843557381823494107           10        5:00      2                   28             8         0              0              
5843557381823494107           10        6:00      1                   29             8         0              0              
5843557381823494107           10        7:00      1                   25             8         5              0              
5843557381823494107           10        8:00      0                   24             8         1              0              
5843557381823494107           10        9:00      1                   18             8         1              0              
5843557381823494107           10        10:00     1                   18             8         0              0              
5843557381823494107           10        11:00     3                   18             8         3              0              
5843557381823494107           10        12:00     3                   21             8         0              0              
5843557381823494107           10        13:00     4                   19             8         5              0              
5843557381823494107           10        14:00     1                   19             8         1              0              
5843557381823494107           10        15:00     3                   21             8         1              0              
5843557381823494107           10        16:00     0                   17             8         4              0              
5843557381823494107           10        17:00     2                   17             8         2              0              
5843557381823494107           10        18:00     5                   18             8         4              0              
5843557381823494107           10        19:00     3                   20             8         1              0              
5843557381823494107           10        20:00     4                   21             8         3              0              
5843557381823494107           10        21:00     3                   23             8         1              0              
5843557381823494107           10        22:00     4                   26             8         1              0              
5843557381823494107           10        23:00     4                   29             8         1              0              
5843557381823494107           11        0:00      5                   34             8         0              0              
5843557381823494107           11        1:00      4                   35             8         2              0              
5843557381823494107           11        2:00      5                   40             8         0              0              
5843557381823494107           11        3:00      2                   39             8         3              0              
5843557381823494107           11        4:00      3                   42             8         0              0              
5843557381823494107           11        5:00      0                   41             8         1              0              
5843557381823494107           11        6:00      0                   39             8         1              0              
5843557381823494107           11        7:00      0                   35             8         0              0              
5843557381823494107           11        8:00      0                   31             8         3              0              
5843557381823494107           11        9:00      2                   27             8         4              0              
5843557381823494107           11        10:00     3                   28             8         1              0              
5843557381823494107           11        11:00     1                   23             8         1              0              
5843557381823494107           11        12:00     4                   22             8         5              0              
5843557381823494107           11        13:00     3                   23             8         1              0              
5843557381823494107           11        14:00     5                   23             8         3              0              
5843557381823494107           11        15:00     0                   19             8         2              0              
5843557381823494107           11        16:00     3                   18             8         4              0              
5843557381823494107           11        17:00     1                   17             8         1              0              
5843557381823494107           11        18:00     2                   18             8         1              0              
5843557381823494107           11        19:00     5                   21             8         2              0              
5843557381823494107           11        20:00     5                   22             8         4              0              
5843557381823494107           11        21:00     1                   21             8         2              0              
5843557381823494107           11        22:00     4                   24             8         1              0              
5843557381823494107           11        23:00     1                   25             8         0              0              
5843557381823494107           12        0:00      0                   23             8         2              0              
5843557381823494107           12        1:00      4                   26             8         1              0              
5843557381823494107           12        2:00      4                   29             8         1              0              
5843557381823494107           12        3:00      0                   28             8         1              0              
5843557381823494107           12        4:00      2                   30             8         0              0              
5843557381823494107           12        5:00      5                   31             8         1              0              
5843557381823494107           12        6:00      2                   32             8         1              0              
5843557381823494107           12        7:00      2                   32             8         1              0              
5843557381823494107           12        8:00      1                   25             8         2              0              
5843557381823494107           12        9:00      2                   25             8         2              0              
5843557381823494107           12        10:00     1                   23             8         3              0              
5843557381823494107           12        11:00     4                   26             8         1              0              
5843557381823494107           12        12:00     3                   26             8         3              0              
5843557381823494107           12        13:00     5                   24             8         6              0              
5843557381823494107           12        14:00     1                   25             8         0              0              
5843557381823494107           12        15:00     4                   27             8         2              0              
5843557381823494107           12        16:00     1                   26             8         2              0              
5843557381823494107           12        17:00     0                   25             8         1              0              
5843557381823494107           12        18:00     2                   26             8         1              0              
5843557381823494107           12        19:00     5                   29             8         1              0              
5843557381823494107           12        20:00     5                   32             8         2              0              
5843557381823494107           12        21:00     4                   34             8         1              0              
5843557381823494107           12        22:00     2                   35             8         0              0              
5843557381823494107           12        23:00     1                   33             8         2              0              
5843557381823494107           13        0:00      4                   33             8         2              0              
5843557381823494107           13        1:00      4                   33             8         4              0              
5843557381823494107           13        2:00      1                   31             8         3              0              
5843557381823494107           13        3:00      2                   32             8         1              0              
5843557381823494107           13        4:00      1                   29             8         2              0              
5843557381823494107           13        5:00      1                   27             8         3              0              
5843557381823494107           13        6:00      4                   29             8         2              0              
5843557381823494107           13        7:00      1                   27             8         3              0              
5843557381823494107           13        8:00      5                   31             8         1              0              
5843557381823494107           13        9:00      5                   33             8         1              0              
5843557381823494107           13        10:00     4                   33             8         0              0              
5843557381823494107           13        11:00     4                   36             8         0              0              
5843557381823494107           13        12:00     5                   37             8         0              0              
5843557381823494107           13        13:00     5                   40             8         1              0              
5843557381823494107           13        14:00     5                   40             8         2              0              
5843557381823494107           13        15:00     1                   39             8         2              0              
5843557381823494107           13        16:00     0                   37             8         1              0              
5843557381823494107           13        17:00     1                   37             8         1              0              
5843557381823494107           13        18:00     1                   36             8         1              0              
5843557381823494107           13        19:00     0                   32             8         4              0              
5843557381823494107           13        20:00     1                   31             8         1              0              
5843557381823494107           13        21:00     0                   27             8         3              0              
5843557381823494107           13        22:00     3                   25             8         4              0              
5843557381823494107           13        23:00     3                   25             8         1              0              
5843557381823494107           14        0:00      2                   22             8         3              0              
5843557381823494107           14        1:00      3                   21             8         4              0              
5843557381823494107           14        2:00      1                   19             8         0              0              
5843557381823494107           14        3:00      4                   18             8         0              0              
5843557381823494107           14        4:00      4                   21             8         1              0              
5843557381823494107           14        5:00      4                   25             8         0              0              
5843557381823494107           14        6:00      4                   28             8         1              0              
5843557381823494107           14        7:00      3                   29             8         2              0              
5843557381823494107           14        8:00      5                   32             8         2              0              
5843557381823494107           14        9:00      5                   35             8         2              0              
5843557381823494107           14        10:00     5                   38             8         1              0              
5843557381823494107           14        11:00     1                   39             8         0              0              
5843557381823494107           14        12:00     4                   41             8         0              0              
5843557381823494107           14        13:00     2                   41             8         1              0              
5843557381823494107           14        14:00     4                   42             8         2              0              
5843557381823494107           14        15:00     2                   43             8         1              0              
5843557381823494107           14        16:00     2                   41             8         2              0              
5843557381823494107           14        17:00     0                   37             8         3              0              
5843557381823494107           14        18:00     1                   34             8         4              0              
5843557381823494107           14        19:00     5                   36             8         2              0              
5843557381823494107           14        20:00     0                   32             8         3              0              
5843557381823494107           14        21:00     4                   32             8         1              0              
5843557381823494107           14        22:00     5                   31             8         4              0              
5843557381823494107           14        23:00     1                   31             8         1              0              
5843557381823494107           15        0:00      5                   32             8         0              0              
5843557381823494107           15        1:00      2                   31             8         2              0              
5843557381823494107           15        2:00      1                   29             8         2              0              
5843557381823494107           15        3:00      5                   30             8         2              0              
5843557381823494107           15        4:00      1                   30             8         1              0              
5843557381823494107           15        5:00      2                   31             8         0              0              
5843557381823494107           15        6:00      1                   31             8         1              0              
5843557381823494107           15        7:00      0                   27             8         2              0              
5843557381823494107           15        8:00      4                   28             8         3              0              
5843557381823494107           15        9:00      2                   29             8         1              0              
5843557381823494107           15        10:00     1                   28             8         1              0              
5843557381823494107           15        11:00     4                   27             8         1              0              
5843557381823494107           15        12:00     3                   27             8         2              0              
5843557381823494107           15        13:00     4                   28             8         1              0              
5843557381823494107           15        14:00     2                   26             8         3              0              
5843557381823494107           15        15:00     2                   27             8         1              0              
5843557381823494107           15        16:00     5                   29             8         0              0              
5843557381823494107           15        17:00     1                   28             8         2              0              
5843557381823494107           15        18:00     4                   32             8         0              0              
5843557381823494107           15        19:00     5                   35             8         2              0              
5843557381823494107           15        20:00     2                   35             8         2              0              
5843557381823494107           15        21:00     1                   32             8         2              0              
5843557381823494107           15        22:00     0                   30             8         2              0              
5843557381823494107           15        23:00     5                   31             8         4              0              
