Sim_N                         Day       Time      New_Patients        Waiting        Assigned  Discharged     Beds_Avail_EOH 
6187222186410528918           1         0:00      3                   0              3         0              5              
6187222186410528918           1         1:00      1                   0              2         2              6              
6187222186410528918           1         2:00      4                   0              4         2              4              
6187222186410528918           1         3:00      5                   1              8         0              0              
6187222186410528918           1         4:00      4                   2              8         3              0              
6187222186410528918           1         5:00      1                   3              8         0              0              
6187222186410528918           1         6:00      5                   7              8         0              0              
6187222186410528918           1         7:00      4                   10             8         1              0              
6187222186410528918           1         8:00      5                   15             8         0              0              
6187222186410528918           1         9:00      4                   19             8         0              0              
6187222186410528918           1         10:00     0                   15             8         4              0              
6187222186410528918           1         11:00     4                   17             8         2              0              
6187222186410528918           1         12:00     3                   18             8         2              0              
6187222186410528918           1         13:00     0                   16             8         2              0              
6187222186410528918           1         14:00     4                   19             8         1              0              
6187222186410528918           1         15:00     2                   21             8         0              0              
6187222186410528918           1         16:00     2                   22             8         1              0              
6187222186410528918           1         17:00     2                   22             8         2              0              
6187222186410528918           1         18:00     1                   21             8         2              0              
6187222186410528918           1         19:00     3                   22             8         1              0              
6187222186410528918           1         20:00     2                   19             8         5              0              
6187222186410528918           1         21:00     3                   22             8         0              0              
6187222186410528918           1         22:00     1                   22             8         1              0              
6187222186410528918           1         23:00     0                   21             8         1              0              
6187222186410528918           2         0:00      4                   24             8         1              0              
6187222186410528918           2         1:00      4                   26             8         1              0              
6187222186410528918           2         2:00      2                   27             8         0              0              
6187222186410528918           2         3:00      4                   29             8         0              0              
6187222186410528918           2         4:00      1                   26             8         2              0              
6187222186410528918           2         5:00      5                   30             8         0              0              
6187222186410528918           2         6:00      3                   30             8         1              0              
6187222186410528918           2         7:00      4                   33             8         1              0              
6187222186410528918           2         8:00      1                   31             8         1              0              
6187222186410528918           2         9:00      4                   33             8         1              0              
6187222186410528918           2         10:00     0                   31             8         0              0              
6187222186410528918           2         11:00     1                   32             8         0              0              
6187222186410528918           2         12:00     4                   32             8         0              0              
6187222186410528918           2         13:00     0                   29             8         0              0              
6187222186410528918           2         14:00     1                   27             8         0              0              
6187222186410528918           2         15:00     2                   27             8         2              0              
6187222186410528918           2         16:00     3                   25             8         5              0              
6187222186410528918           2         17:00     2                   25             8         2              0              
6187222186410528918           2         18:00     2                   23             8         3              0              
6187222186410528918           2         19:00     5                   27             8         1              0              
6187222186410528918           2         20:00     2                   23             8         4              0              
6187222186410528918           2         21:00     5                   24             8         3              0              
6187222186410528918           2         22:00     5                   26             8         3              0              
6187222186410528918           2         23:00     4                   29             8         1              0              
6187222186410528918           3         0:00      0                   25             8         4              0              
6187222186410528918           3         1:00      0                   24             8         1              0              
6187222186410528918           3         2:00      2                   24             8         2              0              
6187222186410528918           3         3:00      2                   24             8         2              0              
6187222186410528918           3         4:00      3                   26             8         1              0              
6187222186410528918           3         5:00      1                   27             8         0              0              
6187222186410528918           3         6:00      4                   29             8         2              0              
6187222186410528918           3         7:00      3                   30             8         2              0              
6187222186410528918           3         8:00      1                   29             8         1              0              
6187222186410528918           3         9:00      4                   29             8         1              0              
6187222186410528918           3         10:00     2                   27             8         3              0              
6187222186410528918           3         11:00     0                   22             8         2              0              
6187222186410528918           3         12:00     2                   20             8         4              0              
6187222186410528918           3         13:00     5                   22             8         3              0              
6187222186410528918           3         14:00     3                   24             8         1              0              
6187222186410528918           3         15:00     0                   23             8         1              0              
6187222186410528918           3         16:00     4                   26             8         1              0              
6187222186410528918           3         17:00     2                   26             8         2              0              
6187222186410528918           3         18:00     0                   25             8         1              0              
6187222186410528918           3         19:00     3                   25             8         3              0              
6187222186410528918           3         20:00     0                   24             8         1              0              
6187222186410528918           3         21:00     3                   25             8         2              0              
6187222186410528918           3         22:00     5                   28             8         2              0              
6187222186410528918           3         23:00     4                   29             8         2              0              
6187222186410528918           4         0:00      3                   31             8         0              0              
6187222186410528918           4         1:00      4                   33             8         1              0              
6187222186410528918           4         2:00      1                   29             8         1              0              
6187222186410528918           4         3:00      5                   32             8         1              0              
6187222186410528918           4         4:00      0                   30             8         1              0              
6187222186410528918           4         5:00      1                   29             8         1              0              
6187222186410528918           4         6:00      0                   27             8         1              0              
6187222186410528918           4         7:00      2                   27             8         2              0              
6187222186410528918           4         8:00      3                   28             8         2              0              
6187222186410528918           4         9:00      3                   29             8         1              0              
6187222186410528918           4         10:00     3                   30             8         2              0              
6187222186410528918           4         11:00     1                   26             8         1              0              
6187222186410528918           4         12:00     5                   27             8         1              0              
6187222186410528918           4         13:00     3                   28             8         1              0              
6187222186410528918           4         14:00     4                   29             8         1              0              
6187222186410528918           4         15:00     3                   27             8         2              0              
6187222186410528918           4         16:00     0                   26             8         1              0              
6187222186410528918           4         17:00     1                   25             8         1              0              
6187222186410528918           4         18:00     0                   25             8         0              0              
6187222186410528918           4         19:00     4                   28             8         1              0              
6187222186410528918           4         20:00     5                   31             8         0              0              
6187222186410528918           4         21:00     1                   29             8         2              0              
6187222186410528918           4         22:00     3                   29             8         2              0              
6187222186410528918           4         23:00     0                   26             8         2              0              
6187222186410528918           5         0:00      3                   26             8         3              0              
6187222186410528918           5         1:00      4                   27             8         2              0              
6187222186410528918           5         2:00      3                   26             8         2              0              
6187222186410528918           5         3:00      1                   25             8         0              0              
6187222186410528918           5         4:00      1                   25             8         0              0              
6187222186410528918           5         5:00      5                   30             8         0              0              
6187222186410528918           5         6:00      2                   31             8         0              0              
6187222186410528918           5         7:00      4                   32             8         3              0              
6187222186410528918           5         8:00      3                   30             8         4              0              
6187222186410528918           5         9:00      3                   32             8         1              0              
6187222186410528918           5         10:00     5                   35             8         2              0              
6187222186410528918           5         11:00     1                   35             8         0              0              
6187222186410528918           5         12:00     2                   34             8         1              0              
6187222186410528918           5         13:00     1                   34             8         1              0              
6187222186410528918           5         14:00     0                   28             8         2              0              
6187222186410528918           5         15:00     5                   31             8         1              0              
6187222186410528918           5         16:00     3                   32             8         2              0              
6187222186410528918           5         17:00     4                   33             8         3              0              
6187222186410528918           5         18:00     3                   34             8         2              0              
6187222186410528918           5         19:00     1                   34             8         1              0              
6187222186410528918           5         20:00     4                   33             8         1              0              
6187222186410528918           5         21:00     3                   33             8         2              0              
6187222186410528918           5         22:00     2                   31             8         0              0              
6187222186410528918           5         23:00     1                   29             8         2              0              
6187222186410528918           6         0:00      4                   32             8         1              0              
6187222186410528918           6         1:00      1                   30             8         1              0              
6187222186410528918           6         2:00      3                   29             8         4              0              
6187222186410528918           6         3:00      3                   31             8         1              0              
6187222186410528918           6         4:00      5                   33             8         3              0              
6187222186410528918           6         5:00      5                   36             8         2              0              
6187222186410528918           6         6:00      2                   35             8         0              0              
6187222186410528918           6         7:00      4                   36             8         2              0              
6187222186410528918           6         8:00      2                   36             8         2              0              
6187222186410528918           6         9:00      5                   38             8         2              0              
6187222186410528918           6         10:00     5                   40             8         2              0              
6187222186410528918           6         11:00     3                   40             8         2              0              
6187222186410528918           6         12:00     2                   39             8         3              0              
6187222186410528918           6         13:00     3                   39             8         3              0              
6187222186410528918           6         14:00     1                   40             8         0              0              
6187222186410528918           6         15:00     2                   39             8         2              0              
6187222186410528918           6         16:00     3                   39             8         2              0              
6187222186410528918           6         17:00     0                   31             8         5              0              
6187222186410528918           6         18:00     5                   35             8         1              0              
6187222186410528918           6         19:00     0                   31             8         3              0              
6187222186410528918           6         20:00     5                   34             8         1              0              
6187222186410528918           6         21:00     5                   34             8         4              0              
6187222186410528918           6         22:00     3                   35             8         1              0              
6187222186410528918           6         23:00     0                   31             8         0              0              
6187222186410528918           7         0:00      3                   30             8         1              0              
6187222186410528918           7         1:00      3                   29             8         1              0              
6187222186410528918           7         2:00      4                   31             8         2              0              
6187222186410528918           7         3:00      0                   26             8         5              0              
6187222186410528918           7         4:00      0                   26             8         0              0              
6187222186410528918           7         5:00      0                   25             8         1              0              
6187222186410528918           7         6:00      0                   22             8         3              0              
6187222186410528918           7         7:00      2                   19             8         5              0              
6187222186410528918           7         8:00      3                   18             8         4              0              
6187222186410528918           7         9:00      4                   19             8         3              0              
6187222186410528918           7         10:00     4                   20             8         2              0              
6187222186410528918           7         11:00     3                   22             8         1              0              
6187222186410528918           7         12:00     5                   26             8         1              0              
6187222186410528918           7         13:00     2                   23             8         4              0              
6187222186410528918           7         14:00     0                   21             8         2              0              
6187222186410528918           7         15:00     1                   20             8         2              0              
6187222186410528918           7         16:00     2                   19             8         3              0              
6187222186410528918           7         17:00     4                   23             8         0              0              
6187222186410528918           7         18:00     5                   27             8         1              0              
6187222186410528918           7         19:00     5                   29             8         3              0              
6187222186410528918           7         20:00     5                   33             8         1              0              
6187222186410528918           7         21:00     5                   36             8         2              0              
6187222186410528918           7         22:00     1                   37             8         0              0              
6187222186410528918           7         23:00     0                   35             8         2              0              
6187222186410528918           8         0:00      2                   32             8         3              0              
6187222186410528918           8         1:00      2                   29             8         4              0              
6187222186410528918           8         2:00      5                   32             8         2              0              
6187222186410528918           8         3:00      1                   31             8         2              0              
6187222186410528918           8         4:00      4                   35             8         0              0              
6187222186410528918           8         5:00      2                   37             8         0              0              
6187222186410528918           8         6:00      3                   38             8         1              0              
6187222186410528918           8         7:00      0                   32             8         1              0              
6187222186410528918           8         8:00      2                   30             8         0              0              
6187222186410528918           8         9:00      1                   23             8         1              0              
6187222186410528918           8         10:00     0                   22             8         1              0              
6187222186410528918           8         11:00     3                   24             8         1              0              
6187222186410528918           8         12:00     0                   21             8         3              0              
6187222186410528918           8         13:00     3                   20             8         4              0              
6187222186410528918           8         14:00     3                   22             8         1              0              
6187222186410528918           8         15:00     1                   21             8         1              0              
6187222186410528918           8         16:00     3                   21             8         1              0              
6187222186410528918           8         17:00     5                   23             8         0              0              
6187222186410528918           8         18:00     1                   21             8         1              0              
6187222186410528918           8         19:00     2                   22             8         0              0              
6187222186410528918           8         20:00     3                   23             8         1              0              
6187222186410528918           8         21:00     3                   23             8         3              0              
6187222186410528918           8         22:00     2                   22             8         3              0              
6187222186410528918           8         23:00     4                   26             8         0              0              
6187222186410528918           9         0:00      0                   25             8         1              0              
6187222186410528918           9         1:00      4                   26             8         2              0              
6187222186410528918           9         2:00      0                   25             8         1              0              
6187222186410528918           9         3:00      0                   25             8         0              0              
6187222186410528918           9         4:00      4                   28             8         0              0              
6187222186410528918           9         5:00      5                   30             8         1              0              
6187222186410528918           9         6:00      3                   26             8         3              0              
6187222186410528918           9         7:00      1                   24             8         3              0              
6187222186410528918           9         8:00      4                   26             8         1              0              
6187222186410528918           9         9:00      2                   24             8         3              0              
6187222186410528918           9         10:00     4                   24             8         4              0              
6187222186410528918           9         11:00     5                   27             8         2              0              
6187222186410528918           9         12:00     0                   24             8         3              0              
6187222186410528918           9         13:00     1                   23             8         2              0              
6187222186410528918           9         14:00     0                   22             8         1              0              
6187222186410528918           9         15:00     2                   22             8         2              0              
6187222186410528918           9         16:00     2                   24             8         0              0              
6187222186410528918           9         17:00     2                   25             8         1              0              
6187222186410528918           9         18:00     4                   26             8         1              0              
6187222186410528918           9         19:00     3                   26             8         0              0              
6187222186410528918           9         20:00     4                   29             8         1              0              
6187222186410528918           9         21:00     0                   25             8         3              0              
6187222186410528918           9         22:00     5                   29             8         0              0              
6187222186410528918           9         23:00     1                   24             8         4              0              
6187222186410528918           10        0:00      3                   26             8         1              0              
6187222186410528918           10        1:00      0                   23             8         3              0              
6187222186410528918           10        2:00      0                   21             8         2              0              
6187222186410528918           10        3:00      1                   22             8         0              0              
6187222186410528918           10        4:00      0                   20             8         2              0              
6187222186410528918           10        5:00      1                   20             8         1              0              
6187222186410528918           10        6:00      3                   20             8         2              0              
6187222186410528918           10        7:00      5                   22             8         3              0              
6187222186410528918           10        8:00      0                   20             8         2              0              
6187222186410528918           10        9:00      1                   20             8         0              0              
6187222186410528918           10        10:00     0                   17             8         2              0              
6187222186410528918           10        11:00     3                   16             8         2              0              
6187222186410528918           10        12:00     3                   19             8         0              0              
6187222186410528918           10        13:00     3                   20             8         2              0              
6187222186410528918           10        14:00     4                   22             8         2              0              
6187222186410528918           10        15:00     2                   22             8         2              0              
6187222186410528918           10        16:00     1                   21             8         2              0              
6187222186410528918           10        17:00     3                   23             8         1              0              
6187222186410528918           10        18:00     3                   26             8         0              0              
6187222186410528918           10        19:00     5                   29             8         2              0              
6187222186410528918           10        20:00     1                   29             8         0              0              
6187222186410528918           10        21:00     4                   27             8         6              0              
6187222186410528918           10        22:00     0                   25             8         2              0              
6187222186410528918           10        23:00     4                   27             8         2              0              
6187222186410528918           11        0:00      4                   28             8         3              0              
6187222186410528918           11        1:00      0                   28             8         0              0              
6187222186410528918           11        2:00      1                   27             8         2              0              
6187222186410528918           11        3:00      5                   32             8         0              0              
6187222186410528918           11        4:00      4                   35             8         1              0              
6187222186410528918           11        5:00      5                   38             8         1              0              
6187222186410528918           11        6:00      0                   35             8         1              0              
6187222186410528918           11        7:00      4                   34             8         2              0              
6187222186410528918           11        8:00      4                   36             8         2              0              
6187222186410528918           11        9:00      1                   34             8         1              0              
6187222186410528918           11        10:00     1                   33             8         0              0              
6187222186410528918           11        11:00     2                   33             8         1              0              
6187222186410528918           11        12:00     0                   29             8         1              0              
6187222186410528918           11        13:00     1                   27             8         1              0              
6187222186410528918           11        14:00     5                   29             8         3              0              
6187222186410528918           11        15:00     4                   32             8         1              0              
6187222186410528918           11        16:00     5                   33             8         2              0              
6187222186410528918           11        17:00     5                   32             8         4              0              
6187222186410528918           11        18:00     2                   29             8         5              0              
6187222186410528918           11        19:00     4                   32             8         1              0              
6187222186410528918           11        20:00     2                   30             8         4              0              
6187222186410528918           11        21:00     2                   29             8         3              0              
6187222186410528918           11        22:00     3                   32             8         0              0              
6187222186410528918           11        23:00     5                   36             8         0              0              
6187222186410528918           12        0:00      0                   35             8         1              0              
6187222186410528918           12        1:00      4                   38             8         1              0              
6187222186410528918           12        2:00      2                   38             8         1              0              
6187222186410528918           12        3:00      5                   40             8         0              0              
6187222186410528918           12        4:00      2                   36             8         1              0              
6187222186410528918           12        5:00      0                   31             8         2              0              
6187222186410528918           12        6:00      1                   29             8         1              0              
6187222186410528918           12        7:00      0                   27             8         2              0              
6187222186410528918           12        8:00      1                   24             8         1              0              
6187222186410528918           12        9:00      3                   26             8         1              0              
6187222186410528918           12        10:00     4                   26             8         2              0              
6187222186410528918           12        11:00     2                   25             8         3              0              
6187222186410528918           12        12:00     3                   27             8         1              0              
6187222186410528918           12        13:00     1                   26             8         2              0              
6187222186410528918           12        14:00     4                   26             8         1              0              
6187222186410528918           12        15:00     5                   29             8         2              0              
6187222186410528918           12        16:00     0                   24             8         2              0              
6187222186410528918           12        17:00     3                   26             8         1              0              
6187222186410528918           12        18:00     4                   28             8         2              0              
6187222186410528918           12        19:00     1                   28             8         1              0              
6187222186410528918           12        20:00     1                   27             8         2              0              
6187222186410528918           12        21:00     4                   29             8         1              0              
6187222186410528918           12        22:00     0                   29             8         0              0              
6187222186410528918           12        23:00     2                   26             8         4              0              
6187222186410528918           13        0:00      1                   23             8         4              0              
6187222186410528918           13        1:00      3                   24             8         2              0              
6187222186410528918           13        2:00      2                   23             8         3              0              
6187222186410528918           13        3:00      2                   22             8         2              0              
6187222186410528918           13        4:00      3                   21             8         4              0              
6187222186410528918           13        5:00      4                   23             8         2              0              
6187222186410528918           13        6:00      5                   22             8         5              0              
6187222186410528918           13        7:00      1                   22             8         1              0              
6187222186410528918           13        8:00      3                   25             8         0              0              
6187222186410528918           13        9:00      0                   22             8         3              0              
6187222186410528918           13        10:00     4                   25             8         1              0              
6187222186410528918           13        11:00     0                   21             8         4              0              
6187222186410528918           13        12:00     4                   22             8         2              0              
6187222186410528918           13        13:00     5                   27             8         0              0              
6187222186410528918           13        14:00     0                   27             8         0              0              
6187222186410528918           13        15:00     4                   31             8         0              0              
6187222186410528918           13        16:00     4                   33             8         2              0              
6187222186410528918           13        17:00     0                   31             8         1              0              
6187222186410528918           13        18:00     3                   28             8         1              0              
6187222186410528918           13        19:00     2                   27             8         2              0              
6187222186410528918           13        20:00     5                   31             8         1              0              
6187222186410528918           13        21:00     0                   28             8         2              0              
6187222186410528918           13        22:00     2                   28             8         2              0              
6187222186410528918           13        23:00     1                   29             8         0              0              
6187222186410528918           14        0:00      1                   28             8         2              0              
6187222186410528918           14        1:00      1                   23             8         5              0              
6187222186410528918           14        2:00      3                   20             8         6              0              
6187222186410528918           14        3:00      3                   20             8         3              0              
6187222186410528918           14        4:00      3                   19             8         4              0              
6187222186410528918           14        5:00      0                   17             8         2              0              
6187222186410528918           14        6:00      0                   15             8         2              0              
6187222186410528918           14        7:00      5                   19             8         1              0              
6187222186410528918           14        8:00      5                   22             8         2              0              
6187222186410528918           14        9:00      3                   22             8         3              0              
6187222186410528918           14        10:00     5                   26             8         1              0              
6187222186410528918           14        11:00     5                   31             8         0              0              
6187222186410528918           14        12:00     2                   29             8         4              0              
6187222186410528918           14        13:00     2                   30             8         1              0              
6187222186410528918           14        14:00     1                   31             8         0              0              
6187222186410528918           14        15:00     3                   33             8         1              0              
6187222186410528918           14        16:00     2                   34             8         1              0              
6187222186410528918           14        17:00     1                   33             8         2              0              
6187222186410528918           14        18:00     1                   33             8         0              0              
6187222186410528918           14        19:00     3                   34             8         2              0              
6187222186410528918           14        20:00     3                   33             8         1              0              
6187222186410528918           14        21:00     0                   30             8         0              0              
6187222186410528918           14        22:00     1                   25             8         1              0              
6187222186410528918           14        23:00     1                   21             8         1              0              
6187222186410528918           15        0:00      1                   17             8         0              0              
6187222186410528918           15        1:00      5                   18             8         2              0              
6187222186410528918           15        2:00      0                   16             8         2              0              
6187222186410528918           15        3:00      5                   21             8         0              0              
6187222186410528918           15        4:00      3                   20             8         3              0              
6187222186410528918           15        5:00      0                   19             8         1              0              
6187222186410528918           15        6:00      4                   22             8         1              0              
6187222186410528918           15        7:00      5                   24             8         2              0              
6187222186410528918           15        8:00      0                   23             8         1              0              
6187222186410528918           15        9:00      3                   23             8         1              0              
6187222186410528918           15        10:00     4                   23             8         4              0              
6187222186410528918           15        11:00     3                   25             8         1              0              
6187222186410528918           15        12:00     1                   23             8         3              0              
6187222186410528918           15        13:00     5                   26             8         2              0              
6187222186410528918           15        14:00     5                   30             8         1              0              
6187222186410528918           15        15:00     0                   25             8         5              0              
6187222186410528918           15        16:00     3                   22             8         6              0              
6187222186410528918           15        17:00     3                   23             8         2              0              
6187222186410528918           15        18:00     3                   26             8         0              0              
6187222186410528918           15        19:00     0                   26             8         0              0              
6187222186410528918           15        20:00     2                   28             8         0              0              
6187222186410528918           15        21:00     4                   30             8         1              0              
6187222186410528918           15        22:00     1                   29             8         2              0              
6187222186410528918           15        23:00     0                   25             8         4              0              
