Sim_N                         Day       Time      New_Patients        Waiting        Assigned  Discharged     Beds_Avail_EOH 
8828526200262735019           1         0:00      0                   0              0         0              8              
8828526200262735019           1         1:00      3                   0              3         0              5              
8828526200262735019           1         2:00      2                   0              4         1              4              
8828526200262735019           1         3:00      5                   1              8         0              0              
8828526200262735019           1         4:00      1                   0              7         3              1              
8828526200262735019           1         5:00      2                   0              7         1              1              
8828526200262735019           1         6:00      0                   0              6         1              2              
8828526200262735019           1         7:00      3                   0              6         3              2              
8828526200262735019           1         8:00      5                   2              8         1              0              
8828526200262735019           1         9:00      5                   6              8         1              0              
8828526200262735019           1         10:00     4                   9              8         1              0              
8828526200262735019           1         11:00     0                   7              8         2              0              
8828526200262735019           1         12:00     5                   9              8         2              0              
8828526200262735019           1         13:00     5                   11             8         2              0              
8828526200262735019           1         14:00     0                   11             8         0              0              
8828526200262735019           1         15:00     3                   10             8         4              0              
8828526200262735019           1         16:00     4                   13             8         1              0              
8828526200262735019           1         17:00     1                   12             8         2              0              
8828526200262735019           1         18:00     1                   11             8         2              0              
8828526200262735019           1         19:00     1                   10             8         2              0              
8828526200262735019           1         20:00     3                   11             8         2              0              
8828526200262735019           1         21:00     2                   10             8         3              0              
8828526200262735019           1         22:00     5                   14             8         1              0              
8828526200262735019           1         23:00     5                   14             8         5              0              
8828526200262735019           2         0:00      4                   17             8         1              0              
8828526200262735019           2         1:00      2                   19             8         0              0              
8828526200262735019           2         2:00      5                   22             8         2              0              
8828526200262735019           2         3:00      3                   23             8         1              0              
8828526200262735019           2         4:00      5                   26             8         1              0              
8828526200262735019           2         5:00      2                   28             8         0              0              
8828526200262735019           2         6:00      5                   32             8         1              0              
8828526200262735019           2         7:00      4                   33             8         3              0              
8828526200262735019           2         8:00      5                   35             8         2              0              
8828526200262735019           2         9:00      4                   39             8         0              0              
8828526200262735019           2         10:00     2                   37             8         4              0              
8828526200262735019           2         11:00     1                   35             8         3              0              
8828526200262735019           2         12:00     5                   37             8         2              0              
8828526200262735019           2         13:00     2                   38             8         1              0              
8828526200262735019           2         14:00     0                   35             8         2              0              
8828526200262735019           2         15:00     5                   38             8         1              0              
8828526200262735019           2         16:00     1                   36             8         1              0              
8828526200262735019           2         17:00     2                   36             8         1              0              
8828526200262735019           2         18:00     1                   29             8         6              0              
8828526200262735019           2         19:00     3                   29             8         3              0              
8828526200262735019           2         20:00     3                   27             8         5              0              
8828526200262735019           2         21:00     1                   24             8         3              0              
8828526200262735019           2         22:00     1                   23             8         2              0              
8828526200262735019           2         23:00     4                   24             8         3              0              
8828526200262735019           3         0:00      5                   26             8         3              0              
8828526200262735019           3         1:00      5                   30             8         1              0              
8828526200262735019           3         2:00      3                   32             8         1              0              
8828526200262735019           3         3:00      4                   35             8         1              0              
8828526200262735019           3         4:00      2                   33             8         2              0              
8828526200262735019           3         5:00      3                   36             8         0              0              
8828526200262735019           3         6:00      0                   33             8         2              0              
8828526200262735019           3         7:00      3                   32             8         4              0              
8828526200262735019           3         8:00      2                   33             8         1              0              
8828526200262735019           3         9:00      4                   36             8         0              0              
8828526200262735019           3         10:00     5                   39             8         1              0              
8828526200262735019           3         11:00     0                   36             8         2              0              
8828526200262735019           3         12:00     5                   36             8         2              0              
8828526200262735019           3         13:00     3                   32             8         3              0              
8828526200262735019           3         14:00     1                   30             8         3              0              
8828526200262735019           3         15:00     4                   31             8         3              0              
8828526200262735019           3         16:00     5                   34             8         1              0              
8828526200262735019           3         17:00     1                   33             8         1              0              
8828526200262735019           3         18:00     0                   30             8         1              0              
8828526200262735019           3         19:00     4                   33             8         1              0              
8828526200262735019           3         20:00     2                   33             8         1              0              
8828526200262735019           3         21:00     0                   29             8         4              0              
8828526200262735019           3         22:00     4                   33             8         0              0              
8828526200262735019           3         23:00     0                   28             8         3              0              
8828526200262735019           4         0:00      3                   28             8         2              0              
8828526200262735019           4         1:00      3                   29             8         0              0              
8828526200262735019           4         2:00      5                   30             8         0              0              
8828526200262735019           4         3:00      4                   33             8         1              0              
8828526200262735019           4         4:00      0                   27             8         0              0              
8828526200262735019           4         5:00      5                   29             8         1              0              
8828526200262735019           4         6:00      2                   30             8         1              0              
8828526200262735019           4         7:00      4                   31             8         1              0              
8828526200262735019           4         8:00      2                   31             8         2              0              
8828526200262735019           4         9:00      4                   35             8         0              0              
8828526200262735019           4         10:00     5                   39             8         0              0              
8828526200262735019           4         11:00     2                   36             8         2              0              
8828526200262735019           4         12:00     2                   37             8         1              0              
8828526200262735019           4         13:00     3                   37             8         2              0              
8828526200262735019           4         14:00     3                   36             8         3              0              
8828526200262735019           4         15:00     0                   33             8         3              0              
8828526200262735019           4         16:00     4                   32             8         5              0              
8828526200262735019           4         17:00     3                   34             8         1              0              
8828526200262735019           4         18:00     5                   37             8         2              0              
8828526200262735019           4         19:00     3                   37             8         0              0              
8828526200262735019           4         20:00     0                   34             8         0              0              
8828526200262735019           4         21:00     4                   34             8         2              0              
8828526200262735019           4         22:00     4                   34             8         3              0              
8828526200262735019           4         23:00     5                   36             8         0              0              
8828526200262735019           5         0:00      2                   35             8         3              0              
8828526200262735019           5         1:00      4                   34             8         5              0              
8828526200262735019           5         2:00      2                   33             8         3              0              
8828526200262735019           5         3:00      5                   37             8         1              0              
8828526200262735019           5         4:00      2                   39             8         0              0              
8828526200262735019           5         5:00      0                   35             8         4              0              
8828526200262735019           5         6:00      1                   34             8         2              0              
8828526200262735019           5         7:00      4                   34             8         0              0              
8828526200262735019           5         8:00      3                   35             8         1              0              
8828526200262735019           5         9:00      2                   33             8         4              0              
8828526200262735019           5         10:00     4                   35             8         2              0              
8828526200262735019           5         11:00     3                   36             8         0              0              
8828526200262735019           5         12:00     5                   34             8         1              0              
8828526200262735019           5         13:00     2                   32             8         3              0              
8828526200262735019           5         14:00     3                   27             8         7              0              
8828526200262735019           5         15:00     3                   30             8         0              0              
8828526200262735019           5         16:00     1                   30             8         0              0              
8828526200262735019           5         17:00     3                   32             8         1              0              
8828526200262735019           5         18:00     5                   37             8         0              0              
8828526200262735019           5         19:00     2                   34             8         3              0              
8828526200262735019           5         20:00     4                   37             8         1              0              
8828526200262735019           5         21:00     3                   36             8         1              0              
8828526200262735019           5         22:00     2                   35             8         3              0              
8828526200262735019           5         23:00     4                   34             8         3              0              
8828526200262735019           6         0:00      5                   36             8         0              0              
8828526200262735019           6         1:00      0                   32             8         4              0              
8828526200262735019           6         2:00      0                   28             8         4              0              
8828526200262735019           6         3:00      0                   24             8         4              0              
8828526200262735019           6         4:00      3                   27             8         0              0              
8828526200262735019           6         5:00      3                   30             8         0              0              
8828526200262735019           6         6:00      0                   28             8         1              0              
8828526200262735019           6         7:00      3                   27             8         0              0              
8828526200262735019           6         8:00      2                   25             8         2              0              
8828526200262735019           6         9:00      3                   24             8         1              0              
8828526200262735019           6         10:00     0                   23             8         1              0              
8828526200262735019           6         11:00     3                   24             8         0              0              
8828526200262735019           6         12:00     2                   20             8         1              0              
8828526200262735019           6         13:00     1                   20             8         1              0              
8828526200262735019           6         14:00     5                   23             8         2              0              
8828526200262735019           6         15:00     3                   25             8         1              0              
8828526200262735019           6         16:00     4                   28             8         1              0              
8828526200262735019           6         17:00     5                   31             8         1              0              
8828526200262735019           6         18:00     2                   30             8         3              0              
8828526200262735019           6         19:00     5                   34             8         1              0              
8828526200262735019           6         20:00     3                   36             8         1              0              
8828526200262735019           6         21:00     3                   35             8         1              0              
8828526200262735019           6         22:00     2                   36             8         1              0              
8828526200262735019           6         23:00     4                   39             8         1              0              
8828526200262735019           7         0:00      3                   39             8         2              0              
8828526200262735019           7         1:00      1                   37             8         3              0              
8828526200262735019           7         2:00      2                   37             8         2              0              
8828526200262735019           7         3:00      0                   34             8         3              0              
8828526200262735019           7         4:00      5                   36             8         1              0              
8828526200262735019           7         5:00      3                   36             8         1              0              
8828526200262735019           7         6:00      4                   36             8         2              0              
8828526200262735019           7         7:00      5                   36             8         1              0              
8828526200262735019           7         8:00      4                   38             8         0              0              
8828526200262735019           7         9:00      4                   39             8         0              0              
8828526200262735019           7         10:00     0                   34             8         1              0              
8828526200262735019           7         11:00     1                   34             8         0              0              
8828526200262735019           7         12:00     2                   31             8         1              0              
8828526200262735019           7         13:00     5                   34             8         0              0              
8828526200262735019           7         14:00     3                   35             8         0              0              
8828526200262735019           7         15:00     3                   35             8         3              0              
8828526200262735019           7         16:00     4                   36             8         3              0              
8828526200262735019           7         17:00     5                   38             8         0              0              
8828526200262735019           7         18:00     5                   40             8         1              0              
8828526200262735019           7         19:00     2                   38             8         2              0              
8828526200262735019           7         20:00     3                   36             8         1              0              
8828526200262735019           7         21:00     5                   37             8         4              0              
8828526200262735019           7         22:00     1                   35             8         2              0              
8828526200262735019           7         23:00     1                   33             8         3              0              
8828526200262735019           8         0:00      4                   33             8         4              0              
8828526200262735019           8         1:00      5                   33             8         4              0              
8828526200262735019           8         2:00      3                   34             8         1              0              
8828526200262735019           8         3:00      2                   34             8         2              0              
8828526200262735019           8         4:00      5                   37             8         2              0              
8828526200262735019           8         5:00      4                   39             8         2              0              
8828526200262735019           8         6:00      3                   37             8         0              0              
8828526200262735019           8         7:00      2                   38             8         0              0              
8828526200262735019           8         8:00      3                   37             8         2              0              
8828526200262735019           8         9:00      5                   36             8         3              0              
8828526200262735019           8         10:00     5                   38             8         2              0              
8828526200262735019           8         11:00     1                   39             8         0              0              
8828526200262735019           8         12:00     0                   38             8         0              0              
8828526200262735019           8         13:00     1                   34             8         0              0              
8828526200262735019           8         14:00     5                   36             8         0              0              
8828526200262735019           8         15:00     2                   35             8         2              0              
8828526200262735019           8         16:00     2                   36             8         1              0              
8828526200262735019           8         17:00     0                   30             8         0              0              
8828526200262735019           8         18:00     5                   31             8         1              0              
8828526200262735019           8         19:00     1                   29             8         2              0              
8828526200262735019           8         20:00     5                   31             8         1              0              
8828526200262735019           8         21:00     0                   27             8         3              0              
8828526200262735019           8         22:00     1                   25             8         2              0              
8828526200262735019           8         23:00     3                   24             8         1              0              
8828526200262735019           9         0:00      3                   24             8         3              0              
8828526200262735019           9         1:00      2                   24             8         2              0              
8828526200262735019           9         2:00      1                   25             8         0              0              
8828526200262735019           9         3:00      5                   26             8         2              0              
8828526200262735019           9         4:00      2                   24             8         4              0              
8828526200262735019           9         5:00      3                   26             8         1              0              
8828526200262735019           9         6:00      1                   26             8         1              0              
8828526200262735019           9         7:00      5                   27             8         4              0              
8828526200262735019           9         8:00      3                   28             8         2              0              
8828526200262735019           9         9:00      3                   28             8         3              0              
8828526200262735019           9         10:00     2                   28             8         2              0              
8828526200262735019           9         11:00     2                   29             8         1              0              
8828526200262735019           9         12:00     0                   28             8         1              0              
8828526200262735019           9         13:00     5                   32             8         1              0              
8828526200262735019           9         14:00     0                   31             8         0              0              
8828526200262735019           9         15:00     3                   30             8         2              0              
8828526200262735019           9         16:00     3                   31             8         1              0              
8828526200262735019           9         17:00     3                   30             8         0              0              
8828526200262735019           9         18:00     4                   32             8         2              0              
8828526200262735019           9         19:00     3                   32             8         0              0              
8828526200262735019           9         20:00     1                   31             8         1              0              
8828526200262735019           9         21:00     3                   31             8         1              0              
8828526200262735019           9         22:00     1                   28             8         2              0              
8828526200262735019           9         23:00     3                   29             8         1              0              
8828526200262735019           10        0:00      4                   31             8         2              0              
8828526200262735019           10        1:00      0                   28             8         0              0              
8828526200262735019           10        2:00      5                   31             8         1              0              
8828526200262735019           10        3:00      5                   33             8         0              0              
8828526200262735019           10        4:00      5                   33             8         1              0              
8828526200262735019           10        5:00      5                   36             8         1              0              
8828526200262735019           10        6:00      1                   34             8         1              0              
8828526200262735019           10        7:00      0                   28             8         1              0              
8828526200262735019           10        8:00      3                   29             8         2              0              
8828526200262735019           10        9:00      1                   28             8         2              0              
8828526200262735019           10        10:00     4                   28             8         3              0              
8828526200262735019           10        11:00     2                   28             8         2              0              
8828526200262735019           10        12:00     0                   27             8         1              0              
8828526200262735019           10        13:00     3                   27             8         2              0              
8828526200262735019           10        14:00     5                   30             8         1              0              
8828526200262735019           10        15:00     3                   29             8         3              0              
8828526200262735019           10        16:00     1                   28             8         0              0              
8828526200262735019           10        17:00     0                   23             8         2              0              
8828526200262735019           10        18:00     0                   20             8         1              0              
8828526200262735019           10        19:00     1                   19             8         2              0              
8828526200262735019           10        20:00     2                   21             8         0              0              
8828526200262735019           10        21:00     1                   19             8         3              0              
8828526200262735019           10        22:00     5                   23             8         0              0              
8828526200262735019           10        23:00     3                   23             8         0              0              
8828526200262735019           11        0:00      1                   22             8         2              0              
8828526200262735019           11        1:00      3                   23             8         2              0              
8828526200262735019           11        2:00      1                   23             8         1              0              
8828526200262735019           11        3:00      5                   24             8         3              0              
8828526200262735019           11        4:00      5                   26             8         3              0              
8828526200262735019           11        5:00      4                   28             8         2              0              
8828526200262735019           11        6:00      5                   31             8         2              0              
8828526200262735019           11        7:00      4                   35             8         0              0              
8828526200262735019           11        8:00      1                   36             8         0              0              
8828526200262735019           11        9:00      4                   39             8         1              0              
8828526200262735019           11        10:00     0                   34             8         5              0              
8828526200262735019           11        11:00     2                   36             8         0              0              
8828526200262735019           11        12:00     1                   36             8         0              0              
8828526200262735019           11        13:00     4                   38             8         2              0              
8828526200262735019           11        14:00     0                   35             8         2              0              
8828526200262735019           11        15:00     3                   35             8         3              0              
8828526200262735019           11        16:00     2                   34             8         1              0              
8828526200262735019           11        17:00     2                   31             8         1              0              
8828526200262735019           11        18:00     2                   27             8         1              0              
8828526200262735019           11        19:00     4                   25             8         1              0              
8828526200262735019           11        20:00     1                   24             8         0              0              
8828526200262735019           11        21:00     5                   27             8         1              0              
8828526200262735019           11        22:00     1                   26             8         1              0              
8828526200262735019           11        23:00     3                   26             8         2              0              
8828526200262735019           12        0:00      3                   26             8         3              0              
8828526200262735019           12        1:00      1                   25             8         2              0              
8828526200262735019           12        2:00      4                   27             8         2              0              
8828526200262735019           12        3:00      2                   25             8         4              0              
8828526200262735019           12        4:00      4                   28             8         1              0              
8828526200262735019           12        5:00      1                   28             8         1              0              
8828526200262735019           12        6:00      0                   26             8         2              0              
8828526200262735019           12        7:00      3                   26             8         3              0              
8828526200262735019           12        8:00      5                   30             8         0              0              
8828526200262735019           12        9:00      0                   27             8         2              0              
8828526200262735019           12        10:00     5                   27             8         4              0              
8828526200262735019           12        11:00     4                   31             8         0              0              
8828526200262735019           12        12:00     3                   31             8         2              0              
8828526200262735019           12        13:00     3                   32             8         1              0              
8828526200262735019           12        14:00     1                   31             8         1              0              
8828526200262735019           12        15:00     2                   29             8         1              0              
8828526200262735019           12        16:00     4                   29             8         4              0              
8828526200262735019           12        17:00     5                   33             8         0              0              
8828526200262735019           12        18:00     5                   37             8         1              0              
8828526200262735019           12        19:00     1                   37             8         1              0              
8828526200262735019           12        20:00     1                   36             8         0              0              
8828526200262735019           12        21:00     3                   36             8         1              0              
8828526200262735019           12        22:00     2                   36             8         2              0              
8828526200262735019           12        23:00     3                   34             8         2              0              
8828526200262735019           13        0:00      5                   36             8         2              0              
8828526200262735019           13        1:00      1                   32             8         5              0              
8828526200262735019           13        2:00      5                   33             8         3              0              
8828526200262735019           13        3:00      1                   33             8         1              0              
8828526200262735019           13        4:00      4                   34             8         2              0              
8828526200262735019           13        5:00      4                   35             8         2              0              
8828526200262735019           13        6:00      2                   33             8         1              0              
8828526200262735019           13        7:00      0                   28             8         1              0              
8828526200262735019           13        8:00      2                   29             8         1              0              
8828526200262735019           13        9:00      4                   32             8         1              0              
8828526200262735019           13        10:00     0                   29             8         2              0              
8828526200262735019           13        11:00     1                   28             8         1              0              
8828526200262735019           13        12:00     2                   25             8         2              0              
8828526200262735019           13        13:00     3                   26             8         2              0              
8828526200262735019           13        14:00     4                   27             8         3              0              
8828526200262735019           13        15:00     3                   26             8         2              0              
8828526200262735019           13        16:00     5                   30             8         1              0              
8828526200262735019           13        17:00     1                   28             8         1              0              
8828526200262735019           13        18:00     4                   29             8         1              0              
8828526200262735019           13        19:00     1                   29             8         0              0              
8828526200262735019           13        20:00     3                   26             8         6              0              
8828526200262735019           13        21:00     3                   26             8         3              0              
8828526200262735019           13        22:00     5                   30             8         1              0              
8828526200262735019           13        23:00     2                   32             8         0              0              
8828526200262735019           14        0:00      3                   34             8         1              0              
8828526200262735019           14        1:00      3                   36             8         0              0              
8828526200262735019           14        2:00      2                   34             8         3              0              
8828526200262735019           14        3:00      1                   33             8         0              0              
8828526200262735019           14        4:00      0                   28             8         1              0              
8828526200262735019           14        5:00      4                   29             8         2              0              
8828526200262735019           14        6:00      4                   31             8         1              0              
8828526200262735019           14        7:00      3                   32             8         1              0              
8828526200262735019           14        8:00      2                   32             8         0              0              
8828526200262735019           14        9:00      5                   33             8         3              0              
8828526200262735019           14        10:00     2                   29             8         3              0              
8828526200262735019           14        11:00     5                   32             8         1              0              
8828526200262735019           14        12:00     4                   33             8         2              0              
8828526200262735019           14        13:00     1                   32             8         1              0              
8828526200262735019           14        14:00     0                   28             8         3              0              
8828526200262735019           14        15:00     0                   27             8         1              0              
8828526200262735019           14        16:00     2                   27             8         2              0              
8828526200262735019           14        17:00     1                   26             8         2              0              
8828526200262735019           14        18:00     0                   25             8         1              0              
8828526200262735019           14        19:00     1                   22             8         2              0              
8828526200262735019           14        20:00     5                   25             8         0              0              
8828526200262735019           14        21:00     3                   24             8         3              0              
8828526200262735019           14        22:00     1                   22             8         2              0              
8828526200262735019           14        23:00     5                   24             8         2              0              
8828526200262735019           15        0:00      2                   23             8         2              0              
8828526200262735019           15        1:00      0                   19             8         3              0              
8828526200262735019           15        2:00      1                   18             8         2              0              
8828526200262735019           15        3:00      3                   19             8         2              0              
8828526200262735019           15        4:00      1                   19             8         1              0              
8828526200262735019           15        5:00      1                   20             8         0              0              
8828526200262735019           15        6:00      2                   22             8         0              0              
8828526200262735019           15        7:00      0                   17             8         5              0              
8828526200262735019           15        8:00      3                   17             8         3              0              
8828526200262735019           15        9:00      2                   18             8         1              0              
8828526200262735019           15        10:00     2                   18             8         2              0              
8828526200262735019           15        11:00     3                   21             8         0              0              
8828526200262735019           15        12:00     2                   20             8         2              0              
8828526200262735019           15        13:00     3                   20             8         2              0              
8828526200262735019           15        14:00     3                   18             8         4              0              
8828526200262735019           15        15:00     1                   16             8         3              0              
8828526200262735019           15        16:00     5                   18             8         1              0              
8828526200262735019           15        17:00     1                   17             8         2              0              
8828526200262735019           15        18:00     1                   15             8         3              0              
8828526200262735019           15        19:00     3                   15             8         3              0              
8828526200262735019           15        20:00     1                   13             8         3              0              
8828526200262735019           15        21:00     5                   17             8         1              0              
8828526200262735019           15        22:00     1                   17             8         1              0              
8828526200262735019           15        23:00     4                   17             8         4              0              
