Sim_N                         Day       AVG_SF_per_Day      
8521987612948196452           1         4.65                
8521987612948196452           2         0.79                
8521987612948196452           3         1.44                
8521987612948196452           4         1.00                
8521987612948196452           5         1.20                
8521987612948196452           6         1.06                
8521987612948196452           7         1.29                
8521987612948196452           8         1.06                
8521987612948196452           9         1.29                
8521987612948196452           10        1.51                
8521987612948196452           11        1.01                
8521987612948196452           12        0.68                
8521987612948196452           13        1.25                
8521987612948196452           14        0.78                
8521987612948196452           15        0.59                
