Sim_N                         Day       AVG_SF_per_Day      
8117000904047936099           1         3.20                
8117000904047936099           2         0.90                
8117000904047936099           3         0.59                
8117000904047936099           4         0.91                
8117000904047936099           5         1.45                
8117000904047936099           6         1.73                
8117000904047936099           7         0.90                
8117000904047936099           8         1.45                
8117000904047936099           9         1.91                
8117000904047936099           10        0.73                
8117000904047936099           11        1.05                
8117000904047936099           12        1.38                
8117000904047936099           13        1.16                
8117000904047936099           14        0.78                
8117000904047936099           15        0.55                
