Sim_N                         Day       AVG_SF_per_Day      
3795350882752740961           1         4.29                
3795350882752740961           2         2.06                
3795350882752740961           3         0.91                
3795350882752740961           4         1.48                
3795350882752740961           5         0.55                
3795350882752740961           6         0.76                
3795350882752740961           7         0.95                
3795350882752740961           8         0.75                
3795350882752740961           9         0.79                
3795350882752740961           10        0.99                
3795350882752740961           11        1.09                
3795350882752740961           12        0.90                
3795350882752740961           13        0.77                
3795350882752740961           14        0.82                
3795350882752740961           15        0.95                
