Sim_N                         Day       AVG_SF_per_Day      
9175864070773494480           1         2.85                
9175864070773494480           2         0.91                
9175864070773494480           3         0.76                
9175864070773494480           4         1.11                
9175864070773494480           5         2.10                
9175864070773494480           6         1.14                
9175864070773494480           7         1.86                
9175864070773494480           8         1.49                
9175864070773494480           9         1.18                
9175864070773494480           10        0.55                
9175864070773494480           11        0.89                
9175864070773494480           12        0.89                
9175864070773494480           13        1.02                
9175864070773494480           14        1.03                
9175864070773494480           15        0.29                
