Sim_N                         Day       AVG_SF_per_Day      
8966911129482515133           1         2.75                
8966911129482515133           2         0.71                
8966911129482515133           3         1.57                
8966911129482515133           4         1.31                
8966911129482515133           5         0.74                
8966911129482515133           6         1.17                
8966911129482515133           7         0.83                
8966911129482515133           8         0.85                
8966911129482515133           9         1.11                
8966911129482515133           10        1.02                
8966911129482515133           11        1.24                
8966911129482515133           12        1.02                
8966911129482515133           13        1.46                
8966911129482515133           14        0.86                
8966911129482515133           15        0.42                
