Sim_N                         Day       AVG_SF_per_Day      
8769182519532632803           1         4.50                
8769182519532632803           2         4.00                
8769182519532632803           3         1.88                
8769182519532632803           4         0.98                
8769182519532632803           5         1.53                
8769182519532632803           6         1.20                
8769182519532632803           7         0.75                
8769182519532632803           8         0.91                
8769182519532632803           9         1.01                
8769182519532632803           10        0.78                
8769182519532632803           11        0.57                
8769182519532632803           12        1.58                
8769182519532632803           13        1.38                
8769182519532632803           14        1.06                
8769182519532632803           15        0.43                
