Sim_N                         Day       AVG_SF_per_Day      
1414268887107905110           1         2.95                
1414268887107905110           2         0.58                
1414268887107905110           3         1.09                
1414268887107905110           4         1.11                
1414268887107905110           5         1.02                
1414268887107905110           6         1.25                
1414268887107905110           7         1.13                
1414268887107905110           8         1.43                
1414268887107905110           9         1.60                
1414268887107905110           10        1.55                
1414268887107905110           11        2.55                
1414268887107905110           12        0.94                
1414268887107905110           13        0.95                
1414268887107905110           14        0.85                
1414268887107905110           15        0.49                
