Sim_N                         Day       AVG_SF_per_Day      
6988834026722989043           1         3.39                
6988834026722989043           2         1.14                
6988834026722989043           3         0.92                
6988834026722989043           4         0.87                
6988834026722989043           5         0.77                
6988834026722989043           6         0.75                
6988834026722989043           7         0.98                
6988834026722989043           8         0.66                
6988834026722989043           9         0.85                
6988834026722989043           10        0.72                
6988834026722989043           11        0.89                
6988834026722989043           12        0.88                
6988834026722989043           13        0.68                
6988834026722989043           14        0.92                
6988834026722989043           15        0.39                
