Sim_N                         Day       AVG_SF_per_Day      
4841489685321421627           1         3.69                
4841489685321421627           2         3.85                
4841489685321421627           3         3.98                
4841489685321421627           4         4.96                
4841489685321421627           5         4.84                
4841489685321421627           6         4.00                
4841489685321421627           7         4.42                
4841489685321421627           8         4.32                
4841489685321421627           9         4.21                
4841489685321421627           10        3.06                
4841489685321421627           11        4.20                
4841489685321421627           12        3.13                
4841489685321421627           13        4.60                
4841489685321421627           14        4.91                
4841489685321421627           15        4.18                
