Sim_N                         Day       AVG_SF_per_Day      
3645559205082428647           1         3.85                
3645559205082428647           2         3.94                
3645559205082428647           3         4.02                
3645559205082428647           4         4.79                
3645559205082428647           5         4.99                
3645559205082428647           6         4.74                
3645559205082428647           7         4.90                
3645559205082428647           8         4.59                
3645559205082428647           9         3.59                
3645559205082428647           10        4.00                
3645559205082428647           11        4.59                
3645559205082428647           12        4.99                
3645559205082428647           13        4.44                
3645559205082428647           14        3.97                
3645559205082428647           15        4.13                
