Sim_N                         Day       AVG_SF_per_Day      
7604487149081444856           1         4.07                
7604487149081444856           2         3.46                
7604487149081444856           3         4.01                
7604487149081444856           4         4.85                
7604487149081444856           5         4.64                
7604487149081444856           6         4.46                
7604487149081444856           7         3.24                
7604487149081444856           8         4.78                
7604487149081444856           9         4.45                
7604487149081444856           10        4.47                
7604487149081444856           11        2.86                
7604487149081444856           12        4.28                
7604487149081444856           13        4.33                
7604487149081444856           14        4.87                
7604487149081444856           15        4.91                
