Sim_N                         Day       AVG_SF_per_Day      
8792007888900835183           1         4.85                
8792007888900835183           2         4.80                
8792007888900835183           3         4.37                
8792007888900835183           4         4.86                
8792007888900835183           5         4.99                
8792007888900835183           6         4.81                
8792007888900835183           7         4.78                
8792007888900835183           8         3.97                
8792007888900835183           9         3.49                
8792007888900835183           10        4.36                
8792007888900835183           11        4.95                
8792007888900835183           12        4.69                
8792007888900835183           13        4.31                
8792007888900835183           14        3.89                
8792007888900835183           15        5.00                
