Sim_N                         Day       AVG_SF_per_Day      
1453441702360722368           1         4.55                
1453441702360722368           2         3.33                
1453441702360722368           3         4.00                
1453441702360722368           4         3.64                
1453441702360722368           5         3.45                
1453441702360722368           6         3.01                
1453441702360722368           7         3.67                
1453441702360722368           8         4.46                
1453441702360722368           9         4.97                
1453441702360722368           10        4.98                
1453441702360722368           11        4.74                
1453441702360722368           12        5.00                
1453441702360722368           13        4.81                
1453441702360722368           14        4.81                
1453441702360722368           15        5.00                
