Sim_N                         Day       AVG_SF_per_Day      
9094672907556955782           1         4.72                
9094672907556955782           2         4.21                
9094672907556955782           3         3.79                
9094672907556955782           4         4.99                
9094672907556955782           5         4.87                
9094672907556955782           6         3.13                
9094672907556955782           7         4.51                
9094672907556955782           8         4.97                
9094672907556955782           9         5.00                
9094672907556955782           10        4.00                
9094672907556955782           11        4.03                
9094672907556955782           12        4.99                
9094672907556955782           13        4.64                
9094672907556955782           14        3.68                
9094672907556955782           15        4.78                
