Sim_N                         Day       AVG_SF_per_Day      
2406200777115093600           1         4.91                
2406200777115093600           2         4.08                
2406200777115093600           3         3.72                
2406200777115093600           4         3.84                
2406200777115093600           5         3.59                
2406200777115093600           6         4.47                
2406200777115093600           7         3.33                
2406200777115093600           8         4.93                
2406200777115093600           9         5.00                
2406200777115093600           10        4.87                
2406200777115093600           11        4.90                
2406200777115093600           12        5.00                
2406200777115093600           13        4.59                
2406200777115093600           14        4.33                
2406200777115093600           15        4.43                
