Sim_N                         Day       AVG_SF_per_Day      
7282712138570584851           1         4.00                
7282712138570584851           2         4.22                
7282712138570584851           3         3.98                
7282712138570584851           4         4.26                
7282712138570584851           5         4.11                
7282712138570584851           6         3.41                
7282712138570584851           7         4.37                
7282712138570584851           8         4.67                
7282712138570584851           9         4.98                
7282712138570584851           10        4.99                
7282712138570584851           11        5.00                
7282712138570584851           12        4.86                
7282712138570584851           13        4.87                
7282712138570584851           14        4.57                
7282712138570584851           15        3.99                
