Sim_N                         Day       AVG_SF_per_Day      
4437804515266376981           1         4.72                
4437804515266376981           2         4.96                
4437804515266376981           3         4.89                
4437804515266376981           4         4.76                
4437804515266376981           5         4.42                
4437804515266376981           6         3.90                
4437804515266376981           7         4.35                
4437804515266376981           8         4.55                
4437804515266376981           9         4.24                
4437804515266376981           10        4.22                
4437804515266376981           11        4.40                
4437804515266376981           12        4.49                
4437804515266376981           13        4.99                
4437804515266376981           14        4.77                
4437804515266376981           15        4.11                
