Sim_N                         Day       AVG_SF_per_Day      
2586909540694992383           1         4.68                
2586909540694992383           2         4.49                
2586909540694992383           3         4.99                
2586909540694992383           4         4.63                
2586909540694992383           5         2.99                
2586909540694992383           6         4.37                
2586909540694992383           7         4.24                
2586909540694992383           8         4.16                
2586909540694992383           9         3.62                
2586909540694992383           10        4.45                
2586909540694992383           11        4.92                
2586909540694992383           12        4.34                
2586909540694992383           13        4.60                
2586909540694992383           14        4.01                
2586909540694992383           15        4.06                
