Sim_N                         Day       AVG_SF_per_Day      
6724439587428020964           1         4.91                
6724439587428020964           2         3.26                
6724439587428020964           3         3.92                
6724439587428020964           4         4.29                
6724439587428020964           5         4.06                
6724439587428020964           6         4.58                
6724439587428020964           7         3.57                
6724439587428020964           8         3.95                
6724439587428020964           9         3.96                
6724439587428020964           10        4.81                
6724439587428020964           11        4.91                
6724439587428020964           12        4.09                
6724439587428020964           13        3.92                
6724439587428020964           14        4.06                
6724439587428020964           15        3.97                
