Sim_N                         Day       AVG_SF_per_Day      
6786726015450365917           1         4.16                
6786726015450365917           2         2.87                
6786726015450365917           3         3.36                
6786726015450365917           4         3.43                
6786726015450365917           5         4.01                
6786726015450365917           6         3.52                
6786726015450365917           7         4.56                
6786726015450365917           8         3.21                
6786726015450365917           9         3.11                
6786726015450365917           10        4.19                
6786726015450365917           11        4.81                
6786726015450365917           12        4.24                
6786726015450365917           13        3.42                
6786726015450365917           14        3.61                
6786726015450365917           15        4.20                
