Sim_N                         Day       AVG_SF_per_Day      
5530407288700320894           1         4.98                
5530407288700320894           2         4.83                
5530407288700320894           3         4.73                
5530407288700320894           4         4.64                
5530407288700320894           5         3.18                
5530407288700320894           6         3.28                
5530407288700320894           7         4.55                
5530407288700320894           8         4.23                
5530407288700320894           9         3.51                
5530407288700320894           10        4.06                
5530407288700320894           11        4.49                
5530407288700320894           12        4.94                
5530407288700320894           13        4.57                
5530407288700320894           14        4.04                
5530407288700320894           15        4.65                
