Sim_N                         Day       AVG_SF_per_Day      
4647758552477887723           1         4.83                
4647758552477887723           2         3.67                
4647758552477887723           3         3.85                
4647758552477887723           4         4.37                
4647758552477887723           5         3.52                
4647758552477887723           6         3.54                
4647758552477887723           7         4.35                
4647758552477887723           8         3.99                
4647758552477887723           9         4.87                
4647758552477887723           10        3.71                
4647758552477887723           11        3.94                
4647758552477887723           12        3.89                
4647758552477887723           13        4.29                
4647758552477887723           14        4.07                
4647758552477887723           15        4.15                
