Sim_N                         Day       AVG_SF_per_Day      
7099340898436778413           1         4.98                
7099340898436778413           2         4.94                
7099340898436778413           3         4.70                
7099340898436778413           4         4.87                
7099340898436778413           5         4.99                
7099340898436778413           6         4.33                
7099340898436778413           7         4.45                
7099340898436778413           8         4.47                
7099340898436778413           9         3.62                
7099340898436778413           10        3.82                
7099340898436778413           11        4.31                
7099340898436778413           12        4.24                
7099340898436778413           13        3.41                
7099340898436778413           14        3.47                
7099340898436778413           15        4.61                
