Sim_N                         Day       AVG_SF_per_Day      
3885718726772956200           1         4.71                
3885718726772956200           2         4.26                
3885718726772956200           3         3.92                
3885718726772956200           4         4.46                
3885718726772956200           5         4.61                
3885718726772956200           6         4.01                
3885718726772956200           7         3.66                
3885718726772956200           8         4.73                
3885718726772956200           9         4.19                
3885718726772956200           10        4.98                
3885718726772956200           11        4.74                
3885718726772956200           12        3.49                
3885718726772956200           13        3.27                
3885718726772956200           14        4.44                
3885718726772956200           15        4.87                
