Sim_N                         Day       AVG_SF_per_Day      
6172513051981566860           1         3.99                
6172513051981566860           2         4.62                
6172513051981566860           3         4.94                
6172513051981566860           4         3.74                
6172513051981566860           5         3.83                
6172513051981566860           6         4.98                
6172513051981566860           7         4.95                
6172513051981566860           8         5.00                
6172513051981566860           9         4.29                
6172513051981566860           10        4.51                
6172513051981566860           11        4.89                
6172513051981566860           12        3.99                
6172513051981566860           13        4.38                
6172513051981566860           14        4.95                
6172513051981566860           15        4.47                
