Sim_N                         Day       AVG_SF_per_Day      
6597424608229111286           1         4.27                
6597424608229111286           2         4.08                
6597424608229111286           3         4.46                
6597424608229111286           4         3.07                
6597424608229111286           5         4.06                
6597424608229111286           6         4.90                
6597424608229111286           7         4.94                
6597424608229111286           8         4.31                
6597424608229111286           9         4.68                
6597424608229111286           10        3.72                
6597424608229111286           11        3.94                
6597424608229111286           12        3.80                
6597424608229111286           13        4.91                
6597424608229111286           14        4.21                
6597424608229111286           15        4.93                
