Sim_N                         Day       AVG_SF_per_Day      
7902039587296929993           1         4.98                
7902039587296929993           2         4.94                
7902039587296929993           3         4.99                
7902039587296929993           4         5.00                
7902039587296929993           5         4.44                
7902039587296929993           6         4.27                
7902039587296929993           7         4.97                
7902039587296929993           8         3.58                
7902039587296929993           9         3.90                
7902039587296929993           10        2.28                
7902039587296929993           11        3.14                
7902039587296929993           12        4.91                
7902039587296929993           13        4.76                
7902039587296929993           14        3.22                
7902039587296929993           15        3.56                
