Sim_N                         Day       AVG_SF_per_Day      
4426305368270074159           1         4.65                
4426305368270074159           2         3.85                
4426305368270074159           3         2.72                
4426305368270074159           4         3.42                
4426305368270074159           5         4.64                
4426305368270074159           6         4.99                
4426305368270074159           7         3.48                
4426305368270074159           8         4.10                
4426305368270074159           9         4.96                
4426305368270074159           10        3.93                
4426305368270074159           11        3.49                
4426305368270074159           12        3.60                
4426305368270074159           13        3.75                
4426305368270074159           14        2.83                
4426305368270074159           15        3.51                
