Sim_N                         Day       AVG_SF_per_Day      
4475033029219061833           1         4.97                
4475033029219061833           2         4.87                
4475033029219061833           3         3.34                
4475033029219061833           4         3.51                
4475033029219061833           5         3.11                
4475033029219061833           6         4.94                
4475033029219061833           7         4.87                
4475033029219061833           8         4.58                
4475033029219061833           9         4.05                
4475033029219061833           10        3.38                
4475033029219061833           11        3.60                
4475033029219061833           12        4.03                
4475033029219061833           13        4.58                
4475033029219061833           14        4.02                
4475033029219061833           15        4.53                
