Sim_N                         Day       AVG_SF_per_Day      
7536051527193471041           1         4.94                
7536051527193471041           2         3.79                
7536051527193471041           3         4.02                
7536051527193471041           4         5.00                
7536051527193471041           5         3.75                
7536051527193471041           6         3.86                
7536051527193471041           7         4.66                
7536051527193471041           8         5.00                
7536051527193471041           9         4.89                
7536051527193471041           10        4.74                
7536051527193471041           11        4.15                
7536051527193471041           12        4.84                
7536051527193471041           13        2.30                
7536051527193471041           14        3.69                
7536051527193471041           15        4.03                
