Sim_N                         Day       AVG_SF_per_Day      
1826496357486081529           1         4.70                
1826496357486081529           2         4.80                
1826496357486081529           3         3.53                
1826496357486081529           4         3.68                
1826496357486081529           5         4.20                
1826496357486081529           6         4.38                
1826496357486081529           7         4.82                
1826496357486081529           8         3.46                
1826496357486081529           9         3.25                
1826496357486081529           10        4.78                
1826496357486081529           11        4.46                
1826496357486081529           12        2.88                
1826496357486081529           13        3.81                
1826496357486081529           14        3.63                
1826496357486081529           15        4.96                
