Sim_N                         Day       AVG_SF_per_Day      
3090147353635470241           1         4.37                
3090147353635470241           2         3.45                
3090147353635470241           3         4.72                
3090147353635470241           4         4.42                
3090147353635470241           5         4.17                
3090147353635470241           6         4.46                
3090147353635470241           7         3.83                
3090147353635470241           8         3.04                
3090147353635470241           9         4.83                
3090147353635470241           10        4.59                
3090147353635470241           11        4.71                
3090147353635470241           12        3.67                
3090147353635470241           13        4.17                
3090147353635470241           14        3.03                
3090147353635470241           15        3.37                
