Sim_N                         Day       AVG_SF_per_Day      
2901950285643281681           1         5.00                
2901950285643281681           2         4.67                
2901950285643281681           3         3.84                
2901950285643281681           4         4.99                
2901950285643281681           5         4.63                
2901950285643281681           6         4.53                
2901950285643281681           7         3.00                
2901950285643281681           8         3.39                
2901950285643281681           9         3.61                
2901950285643281681           10        3.68                
2901950285643281681           11        4.45                
2901950285643281681           12        4.90                
2901950285643281681           13        4.85                
2901950285643281681           14        4.58                
2901950285643281681           15        3.97                
