Sim_N                         Day       AVG_SF_per_Day      
3326294463990433046           1         4.86                
3326294463990433046           2         4.70                
3326294463990433046           3         3.44                
3326294463990433046           4         3.11                
3326294463990433046           5         2.58                
3326294463990433046           6         2.41                
3326294463990433046           7         2.60                
3326294463990433046           8         3.94                
3326294463990433046           9         3.23                
3326294463990433046           10        4.41                
3326294463990433046           11        4.62                
3326294463990433046           12        2.88                
3326294463990433046           13        3.63                
3326294463990433046           14        3.59                
3326294463990433046           15        4.43                
