Sim_N                         Day       AVG_SF_per_Day      
4566965825701967630           1         4.65                
4566965825701967630           2         4.99                
4566965825701967630           3         4.85                
4566965825701967630           4         4.93                
4566965825701967630           5         4.36                
4566965825701967630           6         4.03                
4566965825701967630           7         3.67                
4566965825701967630           8         4.05                
4566965825701967630           9         4.11                
4566965825701967630           10        3.93                
4566965825701967630           11        4.93                
4566965825701967630           12        4.67                
4566965825701967630           13        4.57                
4566965825701967630           14        4.79                
4566965825701967630           15        4.42                
