Sim_N                         Day       AVG_SF_per_Day      
7905653213463897114           1         4.55                
7905653213463897114           2         5.00                
7905653213463897114           3         4.73                
7905653213463897114           4         4.00                
7905653213463897114           5         3.55                
7905653213463897114           6         4.78                
7905653213463897114           7         4.91                
7905653213463897114           8         4.58                
7905653213463897114           9         3.87                
7905653213463897114           10        3.66                
7905653213463897114           11        4.31                
7905653213463897114           12        4.89                
7905653213463897114           13        4.92                
7905653213463897114           14        2.77                
7905653213463897114           15        4.32                
