Sim_N                         Day       AVG_SF_per_Day      
6592332095600357024           1         4.75                
6592332095600357024           2         3.45                
6592332095600357024           3         2.95                
6592332095600357024           4         3.41                
6592332095600357024           5         3.86                
6592332095600357024           6         4.95                
6592332095600357024           7         2.92                
6592332095600357024           8         2.88                
6592332095600357024           9         4.23                
6592332095600357024           10        4.27                
6592332095600357024           11        3.43                
6592332095600357024           12        4.82                
6592332095600357024           13        4.27                
6592332095600357024           14        4.72                
6592332095600357024           15        4.94                
