Sim_N                         Day       AVG_SF_per_Day      
4816498022011272719           1         4.83                
4816498022011272719           2         4.13                
4816498022011272719           3         2.98                
4816498022011272719           4         3.11                
4816498022011272719           5         3.98                
4816498022011272719           6         4.61                
4816498022011272719           7         4.41                
4816498022011272719           8         2.96                
4816498022011272719           9         4.02                
4816498022011272719           10        4.10                
4816498022011272719           11        3.51                
4816498022011272719           12        4.70                
4816498022011272719           13        3.90                
4816498022011272719           14        3.08                
4816498022011272719           15        3.77                
