Sim_N                         Day       AVG_SF_per_Day      
6708922750035265571           1         4.83                
6708922750035265571           2         4.77                
6708922750035265571           3         3.65                
6708922750035265571           4         2.82                
6708922750035265571           5         3.68                
6708922750035265571           6         4.98                
6708922750035265571           7         4.89                
6708922750035265571           8         4.95                
6708922750035265571           9         4.92                
6708922750035265571           10        4.88                
6708922750035265571           11        4.72                
6708922750035265571           12        4.16                
6708922750035265571           13        2.93                
6708922750035265571           14        4.82                
6708922750035265571           15        4.13                
