Sim_N                         Day       AVG_SF_per_Day      
350989513915632223            1         4.76                
350989513915632223            2         5.00                
350989513915632223            3         4.54                
350989513915632223            4         2.83                
350989513915632223            5         3.22                
350989513915632223            6         4.47                
350989513915632223            7         4.57                
350989513915632223            8         4.85                
350989513915632223            9         4.95                
350989513915632223            10        4.41                
350989513915632223            11        4.86                
350989513915632223            12        4.01                
350989513915632223            13        2.50                
350989513915632223            14        2.60                
350989513915632223            15        4.13                
