Sim_N                         Day       Time      New_Patients        Waiting        Assigned  Discharged     Beds_Avail_EOH 
484181058111076607            1         0:00      4                   0              4         0              11             
484181058111076607            1         1:00      0                   0              4         0              11             
484181058111076607            1         2:00      5                   0              9         0              6              
484181058111076607            1         3:00      2                   0              10        1              5              
484181058111076607            1         4:00      5                   0              13        2              2              
484181058111076607            1         5:00      2                   0              13        2              2              
484181058111076607            1         6:00      5                   0              14        4              1              
484181058111076607            1         7:00      5                   3              15        1              0              
484181058111076607            1         8:00      0                   0              15        3              0              
484181058111076607            1         9:00      0                   0              13        2              2              
484181058111076607            1         10:00     5                   2              15        1              0              
484181058111076607            1         11:00     4                   4              15        2              0              
484181058111076607            1         12:00     4                   6              15        2              0              
484181058111076607            1         13:00     2                   7              15        1              0              
484181058111076607            1         14:00     3                   10             15        0              0              
484181058111076607            1         15:00     0                   8              15        2              0              
484181058111076607            1         16:00     4                   9              15        3              0              
484181058111076607            1         17:00     4                   9              15        4              0              
484181058111076607            1         18:00     5                   11             15        2              0              
484181058111076607            1         19:00     0                   8              15        3              0              
484181058111076607            1         20:00     4                   10             15        2              0              
484181058111076607            1         21:00     5                   11             15        4              0              
484181058111076607            1         22:00     2                   9              15        3              0              
484181058111076607            1         23:00     5                   11             15        3              0              
484181058111076607            2         0:00      2                   9              15        4              0              
484181058111076607            2         1:00      1                   7              15        2              0              
484181058111076607            2         2:00      4                   6              15        5              0              
484181058111076607            2         3:00      3                   6              15        3              0              
484181058111076607            2         4:00      1                   3              15        4              0              
484181058111076607            2         5:00      4                   4              15        3              0              
484181058111076607            2         6:00      2                   1              15        5              0              
484181058111076607            2         7:00      0                   0              13        3              2              
484181058111076607            2         8:00      4                   0              15        2              0              
484181058111076607            2         9:00      4                   1              15        3              0              
484181058111076607            2         10:00     0                   0              14        2              1              
484181058111076607            2         11:00     5                   1              15        3              0              
484181058111076607            2         12:00     3                   1              15        2              0              
484181058111076607            2         13:00     3                   2              15        2              0              
484181058111076607            2         14:00     5                   6              15        1              0              
484181058111076607            2         15:00     5                   7              15        4              0              
484181058111076607            2         16:00     3                   7              15        3              0              
484181058111076607            2         17:00     0                   4              15        3              0              
484181058111076607            2         18:00     3                   4              15        3              0              
484181058111076607            2         19:00     3                   6              15        1              0              
484181058111076607            2         20:00     0                   3              15        3              0              
484181058111076607            2         21:00     2                   2              15        3              0              
484181058111076607            2         22:00     1                   0              14        3              1              
484181058111076607            2         23:00     0                   0              13        1              2              
484181058111076607            3         0:00      5                   3              15        0              0              
484181058111076607            3         1:00      4                   4              15        3              0              
484181058111076607            3         2:00      5                   4              15        5              0              
484181058111076607            3         3:00      5                   6              15        3              0              
484181058111076607            3         4:00      0                   6              15        0              0              
484181058111076607            3         5:00      2                   3              15        5              0              
484181058111076607            3         6:00      4                   3              15        4              0              
484181058111076607            3         7:00      1                   1              15        3              0              
484181058111076607            3         8:00      1                   0              15        2              0              
484181058111076607            3         9:00      1                   0              13        3              2              
484181058111076607            3         10:00     4                   0              13        4              2              
484181058111076607            3         11:00     0                   0              13        0              2              
484181058111076607            3         12:00     0                   0              12        1              3              
484181058111076607            3         13:00     0                   0              9         3              6              
484181058111076607            3         14:00     0                   0              8         1              7              
484181058111076607            3         15:00     1                   0              7         2              8              
484181058111076607            3         16:00     5                   0              10        2              5              
484181058111076607            3         17:00     0                   0              8         2              7              
484181058111076607            3         18:00     2                   0              9         1              6              
484181058111076607            3         19:00     3                   0              11        1              4              
484181058111076607            3         20:00     0                   0              10        1              5              
484181058111076607            3         21:00     1                   0              9         2              6              
484181058111076607            3         22:00     0                   0              8         1              7              
484181058111076607            3         23:00     5                   0              12        1              3              
484181058111076607            4         0:00      4                   0              15        1              0              
484181058111076607            4         1:00      4                   0              15        3              0              
484181058111076607            4         2:00      4                   2              15        2              0              
484181058111076607            4         3:00      2                   3              15        1              0              
484181058111076607            4         4:00      1                   3              15        1              0              
484181058111076607            4         5:00      1                   2              15        2              0              
484181058111076607            4         6:00      3                   5              15        0              0              
484181058111076607            4         7:00      3                   8              15        0              0              
484181058111076607            4         8:00      0                   2              15        6              0              
484181058111076607            4         9:00      4                   3              15        3              0              
484181058111076607            4         10:00     2                   4              15        1              0              
484181058111076607            4         11:00     3                   2              15        5              0              
484181058111076607            4         12:00     4                   4              15        2              0              
484181058111076607            4         13:00     4                   5              15        3              0              
484181058111076607            4         14:00     1                   3              15        3              0              
484181058111076607            4         15:00     4                   6              15        1              0              
484181058111076607            4         16:00     4                   9              15        1              0              
484181058111076607            4         17:00     0                   7              15        2              0              
484181058111076607            4         18:00     0                   4              15        3              0              
484181058111076607            4         19:00     4                   7              15        1              0              
484181058111076607            4         20:00     4                   11             15        0              0              
484181058111076607            4         21:00     2                   11             15        2              0              
484181058111076607            4         22:00     1                   10             15        2              0              
484181058111076607            4         23:00     4                   12             15        2              0              
484181058111076607            5         0:00      3                   10             15        5              0              
484181058111076607            5         1:00      3                   10             15        3              0              
484181058111076607            5         2:00      4                   13             15        1              0              
484181058111076607            5         3:00      2                   12             15        3              0              
484181058111076607            5         4:00      3                   12             15        1              0              
484181058111076607            5         5:00      1                   11             15        2              0              
484181058111076607            5         6:00      5                   13             15        3              0              
484181058111076607            5         7:00      2                   10             15        4              0              
484181058111076607            5         8:00      2                   9              15        3              0              
484181058111076607            5         9:00      0                   8              15        1              0              
484181058111076607            5         10:00     4                   7              15        4              0              
484181058111076607            5         11:00     1                   8              15        0              0              
484181058111076607            5         12:00     1                   8              15        0              0              
484181058111076607            5         13:00     4                   8              15        3              0              
484181058111076607            5         14:00     0                   6              15        2              0              
484181058111076607            5         15:00     1                   5              15        2              0              
484181058111076607            5         16:00     5                   8              15        1              0              
484181058111076607            5         17:00     5                   10             15        2              0              
484181058111076607            5         18:00     2                   10             15        2              0              
484181058111076607            5         19:00     5                   12             15        3              0              
484181058111076607            5         20:00     0                   9              15        3              0              
484181058111076607            5         21:00     2                   8              15        3              0              
484181058111076607            5         22:00     4                   10             15        2              0              
484181058111076607            5         23:00     3                   9              15        4              0              
484181058111076607            6         0:00      3                   10             15        1              0              
484181058111076607            6         1:00      5                   9              15        5              0              
484181058111076607            6         2:00      5                   10             15        4              0              
484181058111076607            6         3:00      4                   12             15        2              0              
484181058111076607            6         4:00      4                   13             15        1              0              
484181058111076607            6         5:00      4                   16             15        1              0              
484181058111076607            6         6:00      5                   17             15        3              0              
484181058111076607            6         7:00      5                   18             15        4              0              
484181058111076607            6         8:00      4                   22             15        0              0              
484181058111076607            6         9:00      4                   24             15        2              0              
484181058111076607            6         10:00     4                   23             15        5              0              
484181058111076607            6         11:00     3                   18             15        6              0              
484181058111076607            6         12:00     1                   18             15        1              0              
484181058111076607            6         13:00     0                   16             15        1              0              
484181058111076607            6         14:00     1                   14             15        1              0              
484181058111076607            6         15:00     3                   11             15        4              0              
484181058111076607            6         16:00     0                   9              15        1              0              
484181058111076607            6         17:00     1                   8              15        2              0              
484181058111076607            6         18:00     3                   10             15        0              0              
484181058111076607            6         19:00     5                   10             15        4              0              
484181058111076607            6         20:00     5                   13             15        0              0              
484181058111076607            6         21:00     3                   11             15        4              0              
484181058111076607            6         22:00     4                   9              15        6              0              
484181058111076607            6         23:00     0                   7              15        1              0              
484181058111076607            7         0:00      5                   9              15        3              0              
484181058111076607            7         1:00      1                   6              15        4              0              
484181058111076607            7         2:00      1                   3              15        4              0              
484181058111076607            7         3:00      0                   1              15        2              0              
484181058111076607            7         4:00      3                   3              15        1              0              
484181058111076607            7         5:00      0                   1              15        2              0              
484181058111076607            7         6:00      5                   3              15        2              0              
484181058111076607            7         7:00      0                   0              11        7              4              
484181058111076607            7         8:00      3                   0              11        3              4              
484181058111076607            7         9:00      3                   0              10        4              5              
484181058111076607            7         10:00     1                   0              11        0              4              
484181058111076607            7         11:00     5                   0              15        1              0              
484181058111076607            7         12:00     3                   2              15        1              0              
484181058111076607            7         13:00     0                   0              14        3              1              
484181058111076607            7         14:00     2                   0              13        3              2              
484181058111076607            7         15:00     2                   0              12        3              3              
484181058111076607            7         16:00     0                   0              11        1              4              
484181058111076607            7         17:00     4                   0              14        1              1              
484181058111076607            7         18:00     3                   1              15        1              0              
484181058111076607            7         19:00     5                   0              15        5              0              
484181058111076607            7         20:00     3                   1              15        2              0              
484181058111076607            7         21:00     2                   0              11        7              4              
484181058111076607            7         22:00     2                   0              13        0              2              
484181058111076607            7         23:00     1                   0              13        1              2              
484181058111076607            8         0:00      5                   1              15        1              0              
484181058111076607            8         1:00      2                   0              14        4              1              
484181058111076607            8         2:00      1                   0              13        2              2              
484181058111076607            8         3:00      0                   0              9         4              6              
484181058111076607            8         4:00      3                   0              9         2              6              
484181058111076607            8         5:00      2                   0              6         4              9              
484181058111076607            8         6:00      0                   0              5         1              10             
484181058111076607            8         7:00      2                   0              6         1              9              
484181058111076607            8         8:00      5                   0              8         2              7              
484181058111076607            8         9:00      4                   0              10        2              5              
484181058111076607            8         10:00     4                   0              12        2              3              
484181058111076607            8         11:00     3                   0              13        2              2              
484181058111076607            8         12:00     2                   0              12        3              3              
484181058111076607            8         13:00     4                   0              13        3              2              
484181058111076607            8         14:00     2                   0              14        1              1              
484181058111076607            8         15:00     3                   0              11        6              4              
484181058111076607            8         16:00     4                   0              13        2              2              
484181058111076607            8         17:00     0                   0              9         4              6              
484181058111076607            8         18:00     3                   0              12        0              3              
484181058111076607            8         19:00     0                   0              10        2              5              
484181058111076607            8         20:00     4                   0              8         5              7              
484181058111076607            8         21:00     4                   0              12        0              3              
484181058111076607            8         22:00     2                   0              11        3              4              
484181058111076607            8         23:00     5                   0              14        2              1              
484181058111076607            9         0:00      3                   0              12        4              3              
484181058111076607            9         1:00      3                   0              12        3              3              
484181058111076607            9         2:00      5                   1              15        1              0              
484181058111076607            9         3:00      3                   0              15        4              0              
484181058111076607            9         4:00      4                   0              14        4              1              
484181058111076607            9         5:00      4                   0              14        4              1              
484181058111076607            9         6:00      0                   0              14        0              1              
484181058111076607            9         7:00      5                   1              15        3              0              
484181058111076607            9         8:00      0                   0              14        2              1              
484181058111076607            9         9:00      0                   0              10        4              5              
484181058111076607            9         10:00     4                   0              10        3              5              
484181058111076607            9         11:00     5                   0              13        2              2              
484181058111076607            9         12:00     4                   0              15        2              0              
484181058111076607            9         13:00     3                   0              13        4              2              
484181058111076607            9         14:00     3                   0              14        2              1              
484181058111076607            9         15:00     0                   0              13        1              2              
484181058111076607            9         16:00     2                   0              10        5              5              
484181058111076607            9         17:00     0                   0              9         1              6              
484181058111076607            9         18:00     4                   0              11        2              4              
484181058111076607            9         19:00     0                   0              9         2              6              
484181058111076607            9         20:00     0                   0              7         2              8              
484181058111076607            9         21:00     1                   0              8         0              7              
484181058111076607            9         22:00     5                   0              9         4              6              
484181058111076607            9         23:00     3                   0              11        1              4              
484181058111076607            10        0:00      1                   0              9         3              6              
484181058111076607            10        1:00      2                   0              8         3              7              
484181058111076607            10        2:00      0                   0              6         2              9              
484181058111076607            10        3:00      2                   0              3         4              12             
484181058111076607            10        4:00      4                   0              5         1              10             
484181058111076607            10        5:00      4                   0              8         1              7              
484181058111076607            10        6:00      1                   0              8         1              7              
484181058111076607            10        7:00      5                   0              10        3              5              
484181058111076607            10        8:00      4                   0              11        3              4              
484181058111076607            10        9:00      5                   0              10        5              5              
484181058111076607            10        10:00     0                   0              8         2              7              
484181058111076607            10        11:00     1                   0              9         0              6              
484181058111076607            10        12:00     4                   0              10        3              5              
484181058111076607            10        13:00     2                   0              10        2              5              
484181058111076607            10        14:00     3                   0              12        1              3              
484181058111076607            10        15:00     4                   0              14        2              1              
484181058111076607            10        16:00     5                   1              15        3              0              
484181058111076607            10        17:00     5                   3              15        3              0              
484181058111076607            10        18:00     3                   2              15        4              0              
484181058111076607            10        19:00     3                   3              15        2              0              
484181058111076607            10        20:00     3                   1              15        5              0              
484181058111076607            10        21:00     5                   4              15        2              0              
484181058111076607            10        22:00     3                   4              15        3              0              
484181058111076607            10        23:00     4                   6              15        2              0              
484181058111076607            11        0:00      5                   8              15        3              0              
484181058111076607            11        1:00      2                   8              15        2              0              
484181058111076607            11        2:00      2                   5              15        5              0              
484181058111076607            11        3:00      4                   7              15        2              0              
484181058111076607            11        4:00      4                   8              15        3              0              
484181058111076607            11        5:00      2                   6              15        4              0              
484181058111076607            11        6:00      5                   10             15        1              0              
484181058111076607            11        7:00      4                   11             15        3              0              
484181058111076607            11        8:00      4                   11             15        4              0              
484181058111076607            11        9:00      1                   12             15        0              0              
484181058111076607            11        10:00     3                   12             15        3              0              
484181058111076607            11        11:00     2                   11             15        3              0              
484181058111076607            11        12:00     0                   7              15        4              0              
484181058111076607            11        13:00     5                   8              15        3              0              
484181058111076607            11        14:00     3                   8              15        3              0              
484181058111076607            11        15:00     2                   3              15        7              0              
484181058111076607            11        16:00     1                   1              15        3              0              
484181058111076607            11        17:00     4                   3              15        2              0              
484181058111076607            11        18:00     3                   2              15        3              0              
484181058111076607            11        19:00     1                   0              15        3              0              
484181058111076607            11        20:00     2                   0              15        2              0              
484181058111076607            11        21:00     0                   0              13        2              2              
484181058111076607            11        22:00     4                   0              15        2              0              
484181058111076607            11        23:00     4                   0              14        5              1              
484181058111076607            12        0:00      1                   0              15        0              0              
484181058111076607            12        1:00      3                   1              15        2              0              
484181058111076607            12        2:00      4                   2              15        3              0              
484181058111076607            12        3:00      5                   7              15        0              0              
484181058111076607            12        4:00      3                   8              15        2              0              
484181058111076607            12        5:00      1                   6              15        3              0              
484181058111076607            12        6:00      1                   1              15        6              0              
484181058111076607            12        7:00      2                   0              15        3              0              
484181058111076607            12        8:00      3                   2              15        1              0              
484181058111076607            12        9:00      3                   0              11        9              4              
484181058111076607            12        10:00     5                   0              15        0              0              
484181058111076607            12        11:00     0                   0              12        3              3              
484181058111076607            12        12:00     1                   0              12        1              3              
484181058111076607            12        13:00     5                   1              15        1              0              
484181058111076607            12        14:00     4                   4              15        1              0              
484181058111076607            12        15:00     0                   0              15        4              0              
484181058111076607            12        16:00     4                   1              15        3              0              
484181058111076607            12        17:00     5                   4              15        2              0              
484181058111076607            12        18:00     1                   3              15        1              0              
484181058111076607            12        19:00     4                   4              15        3              0              
484181058111076607            12        20:00     4                   7              15        1              0              
484181058111076607            12        21:00     5                   6              15        4              0              
484181058111076607            12        22:00     0                   2              15        4              0              
484181058111076607            12        23:00     4                   0              15        6              0              
484181058111076607            13        0:00      0                   0              13        2              2              
484181058111076607            13        1:00      3                   0              14        2              1              
484181058111076607            13        2:00      1                   0              14        1              1              
484181058111076607            13        3:00      5                   3              15        1              0              
484181058111076607            13        4:00      3                   5              15        1              0              
484181058111076607            13        5:00      1                   5              15        1              0              
484181058111076607            13        6:00      1                   4              15        2              0              
484181058111076607            13        7:00      4                   6              15        2              0              
484181058111076607            13        8:00      0                   1              15        5              0              
484181058111076607            13        9:00      4                   3              15        2              0              
484181058111076607            13        10:00     5                   3              15        4              0              
484181058111076607            13        11:00     5                   6              15        1              0              
484181058111076607            13        12:00     1                   5              15        2              0              
484181058111076607            13        13:00     0                   3              15        2              0              
484181058111076607            13        14:00     2                   4              15        0              0              
484181058111076607            13        15:00     0                   0              15        4              0              
484181058111076607            13        16:00     0                   0              11        4              4              
484181058111076607            13        17:00     0                   0              8         3              7              
484181058111076607            13        18:00     5                   0              11        1              4              
484181058111076607            13        19:00     0                   0              10        1              5              
484181058111076607            13        20:00     1                   0              6         5              9              
484181058111076607            13        21:00     0                   0              5         1              10             
484181058111076607            13        22:00     1                   0              3         3              12             
484181058111076607            13        23:00     3                   0              6         0              9              
484181058111076607            14        0:00      3                   0              8         1              7              
484181058111076607            14        1:00      4                   0              7         5              8              
484181058111076607            14        2:00      0                   0              5         2              10             
484181058111076607            14        3:00      3                   0              6         2              9              
484181058111076607            14        4:00      0                   0              5         1              10             
484181058111076607            14        5:00      2                   0              4         2              11             
484181058111076607            14        6:00      0                   0              3         1              12             
484181058111076607            14        7:00      5                   0              7         1              8              
484181058111076607            14        8:00      5                   0              10        2              5              
484181058111076607            14        9:00      5                   0              13        2              2              
484181058111076607            14        10:00     5                   1              15        2              0              
484181058111076607            14        11:00     2                   0              14        4              1              
484181058111076607            14        12:00     4                   0              15        3              0              
484181058111076607            14        13:00     0                   0              15        0              0              
484181058111076607            14        14:00     1                   0              13        3              2              
484181058111076607            14        15:00     2                   0              14        1              1              
484181058111076607            14        16:00     2                   0              14        2              1              
484181058111076607            14        17:00     3                   1              15        1              0              
484181058111076607            14        18:00     3                   2              15        2              0              
484181058111076607            14        19:00     4                   4              15        2              0              
484181058111076607            14        20:00     1                   1              15        4              0              
484181058111076607            14        21:00     5                   5              15        0              0              
484181058111076607            14        22:00     3                   5              15        3              0              
484181058111076607            14        23:00     4                   6              15        3              0              
484181058111076607            15        0:00      2                   6              15        2              0              
484181058111076607            15        1:00      1                   5              15        2              0              
484181058111076607            15        2:00      1                   3              15        3              0              
484181058111076607            15        3:00      3                   1              15        5              0              
484181058111076607            15        4:00      2                   0              15        3              0              
484181058111076607            15        5:00      4                   0              13        6              2              
484181058111076607            15        6:00      2                   0              10        5              5              
484181058111076607            15        7:00      1                   0              9         2              6              
484181058111076607            15        8:00      3                   0              10        2              5              
484181058111076607            15        9:00      3                   0              11        2              4              
484181058111076607            15        10:00     3                   0              12        2              3              
484181058111076607            15        11:00     3                   0              13        2              2              
484181058111076607            15        12:00     5                   0              15        3              0              
484181058111076607            15        13:00     5                   3              15        2              0              
484181058111076607            15        14:00     0                   0              15        3              0              
484181058111076607            15        15:00     4                   1              15        3              0              
484181058111076607            15        16:00     4                   3              15        2              0              
484181058111076607            15        17:00     3                   3              15        3              0              
484181058111076607            15        18:00     3                   6              15        0              0              
484181058111076607            15        19:00     1                   5              15        2              0              
484181058111076607            15        20:00     0                   4              15        1              0              
484181058111076607            15        21:00     0                   0              15        4              0              
484181058111076607            15        22:00     4                   0              15        4              0              
484181058111076607            15        23:00     1                   0              11        5              4              
