Sim_N                         Day       AVG_SF_per_Day      
6622568250391726760           1         4.60                
6622568250391726760           2         3.33                
6622568250391726760           3         2.45                
6622568250391726760           4         3.14                
6622568250391726760           5         4.42                
6622568250391726760           6         2.40                
6622568250391726760           7         2.16                
6622568250391726760           8         2.54                
6622568250391726760           9         2.64                
6622568250391726760           10        2.60                
6622568250391726760           11        3.16                
6622568250391726760           12        3.51                
6622568250391726760           13        2.90                
6622568250391726760           14        2.45                
6622568250391726760           15        3.74                
