Sim_N                         Day       AVG_SF_per_Day      
7229564140909093164           1         3.91                
7229564140909093164           2         3.06                
7229564140909093164           3         4.35                
7229564140909093164           4         2.76                
7229564140909093164           5         4.63                
7229564140909093164           6         3.82                
7229564140909093164           7         3.81                
7229564140909093164           8         2.73                
7229564140909093164           9         3.31                
7229564140909093164           10        2.83                
7229564140909093164           11        3.13                
7229564140909093164           12        3.12                
7229564140909093164           13        2.61                
7229564140909093164           14        1.93                
7229564140909093164           15        3.98                
