Sim_N                         Day       AVG_SF_per_Day      
6516873658232819936           1         4.20                
6516873658232819936           2         2.67                
6516873658232819936           3         3.45                
6516873658232819936           4         3.73                
6516873658232819936           5         2.45                
6516873658232819936           6         4.14                
6516873658232819936           7         3.61                
6516873658232819936           8         2.24                
6516873658232819936           9         3.03                
6516873658232819936           10        2.32                
6516873658232819936           11        1.65                
6516873658232819936           12        2.14                
6516873658232819936           13        2.19                
6516873658232819936           14        2.77                
6516873658232819936           15        3.39                
