Sim_N                         Day       AVG_SF_per_Day      
2562247077232249599           1         4.32                
2562247077232249599           2         2.73                
2562247077232249599           3         2.46                
2562247077232249599           4         2.77                
2562247077232249599           5         3.30                
2562247077232249599           6         4.75                
2562247077232249599           7         4.07                
2562247077232249599           8         2.96                
2562247077232249599           9         3.81                
2562247077232249599           10        4.11                
2562247077232249599           11        3.14                
2562247077232249599           12        4.34                
2562247077232249599           13        3.01                
2562247077232249599           14        2.04                
2562247077232249599           15        4.02                
