Sim_N                         Day       AVG_SF_per_Day      
869219138489415905            1         4.73                
869219138489415905            2         2.14                
869219138489415905            3         2.73                
869219138489415905            4         2.90                
869219138489415905            5         2.68                
869219138489415905            6         3.13                
869219138489415905            7         2.97                
869219138489415905            8         3.08                
869219138489415905            9         3.73                
869219138489415905            10        2.59                
869219138489415905            11        3.13                
869219138489415905            12        3.57                
869219138489415905            13        2.57                
869219138489415905            14        2.83                
869219138489415905            15        4.12                
