Sim_N                         Day       AVG_SF_per_Day      
6462999744697863113           1         3.97                
6462999744697863113           2         3.56                
6462999744697863113           3         4.87                
6462999744697863113           4         3.90                
6462999744697863113           5         4.23                
6462999744697863113           6         3.05                
6462999744697863113           7         3.34                
6462999744697863113           8         3.13                
6462999744697863113           9         3.47                
6462999744697863113           10        2.66                
6462999744697863113           11        2.93                
6462999744697863113           12        1.89                
6462999744697863113           13        2.26                
6462999744697863113           14        2.70                
6462999744697863113           15        4.30                
