Sim_N                         Day       AVG_SF_per_Day      
1310127639722227730           1         4.24                
1310127639722227730           2         2.63                
1310127639722227730           3         3.27                
1310127639722227730           4         3.38                
1310127639722227730           5         3.74                
1310127639722227730           6         3.84                
1310127639722227730           7         2.75                
1310127639722227730           8         2.37                
1310127639722227730           9         2.63                
1310127639722227730           10        2.44                
1310127639722227730           11        2.78                
1310127639722227730           12        2.53                
1310127639722227730           13        3.79                
1310127639722227730           14        2.55                
1310127639722227730           15        3.39                
