Sim_N                         Day       AVG_SF_per_Day      
3584374595485788291           1         4.35                
3584374595485788291           2         2.27                
3584374595485788291           3         3.04                
3584374595485788291           4         2.80                
3584374595485788291           5         2.21                
3584374595485788291           6         2.89                
3584374595485788291           7         2.55                
3584374595485788291           8         3.54                
3584374595485788291           9         4.50                
3584374595485788291           10        3.21                
3584374595485788291           11        2.66                
3584374595485788291           12        2.82                
3584374595485788291           13        3.08                
3584374595485788291           14        3.10                
3584374595485788291           15        2.91                
