Sim_N                         Day       AVG_SF_per_Day      
4642655335951164602           1         4.08                
4642655335951164602           2         2.31                
4642655335951164602           3         1.64                
4642655335951164602           4         2.46                
4642655335951164602           5         3.21                
4642655335951164602           6         2.07                
4642655335951164602           7         2.84                
4642655335951164602           8         2.54                
4642655335951164602           9         1.99                
4642655335951164602           10        2.63                
4642655335951164602           11        2.06                
4642655335951164602           12        1.58                
4642655335951164602           13        3.09                
4642655335951164602           14        4.20                
4642655335951164602           15        3.64                
