Sim_N                         Day       AVG_SF_per_Day      
5753200026608643203           1         4.38                
5753200026608643203           2         3.57                
5753200026608643203           3         4.97                
5753200026608643203           4         3.16                
5753200026608643203           5         3.86                
5753200026608643203           6         4.65                
5753200026608643203           7         3.90                
5753200026608643203           8         3.53                
5753200026608643203           9         3.04                
5753200026608643203           10        2.44                
5753200026608643203           11        2.95                
5753200026608643203           12        3.84                
5753200026608643203           13        4.44                
5753200026608643203           14        3.85                
5753200026608643203           15        4.04                
