Sim_N                         Day       AVG_SF_per_Day      
2851169143287805576           1         5.00                
2851169143287805576           2         4.97                
2851169143287805576           3         5.00                
2851169143287805576           4         4.97                
2851169143287805576           5         4.69                
2851169143287805576           6         4.99                
2851169143287805576           7         4.56                
2851169143287805576           8         4.84                
2851169143287805576           9         4.79                
2851169143287805576           10        4.64                
2851169143287805576           11        4.98                
2851169143287805576           12        4.96                
2851169143287805576           13        4.95                
2851169143287805576           14        4.76                
2851169143287805576           15        4.93                
