Sim_N                         Day       AVG_SF_per_Day      
4494517714710244037           1         4.91                
4494517714710244037           2         5.00                
4494517714710244037           3         4.99                
4494517714710244037           4         5.00                
4494517714710244037           5         4.93                
4494517714710244037           6         5.00                
4494517714710244037           7         4.68                
4494517714710244037           8         4.66                
4494517714710244037           9         4.89                
4494517714710244037           10        4.98                
4494517714710244037           11        4.98                
4494517714710244037           12        4.78                
4494517714710244037           13        4.20                
4494517714710244037           14        4.07                
4494517714710244037           15        4.51                
