Sim_N                         Day       AVG_SF_per_Day      
3894714692909963804           1         4.77                
3894714692909963804           2         3.91                
3894714692909963804           3         5.00                
3894714692909963804           4         4.62                
3894714692909963804           5         5.00                
3894714692909963804           6         5.00                
3894714692909963804           7         5.00                
3894714692909963804           8         4.97                
3894714692909963804           9         4.59                
3894714692909963804           10        4.56                
3894714692909963804           11        3.87                
3894714692909963804           12        4.52                
3894714692909963804           13        4.98                
3894714692909963804           14        4.99                
3894714692909963804           15        5.00                
