Sim_N                         Day       AVG_SF_per_Day      
2625683625376729622           1         4.69                
2625683625376729622           2         4.99                
2625683625376729622           3         4.97                
2625683625376729622           4         5.00                
2625683625376729622           5         5.00                
2625683625376729622           6         4.90                
2625683625376729622           7         5.00                
2625683625376729622           8         4.98                
2625683625376729622           9         5.00                
2625683625376729622           10        5.00                
2625683625376729622           11        4.65                
2625683625376729622           12        4.93                
2625683625376729622           13        4.97                
2625683625376729622           14        4.99                
2625683625376729622           15        4.99                
