Sim_N                         Day       AVG_SF_per_Day      
7781648168387234257           1         5.00                
7781648168387234257           2         4.22                
7781648168387234257           3         3.29                
7781648168387234257           4         4.40                
7781648168387234257           5         4.97                
7781648168387234257           6         5.00                
7781648168387234257           7         4.68                
7781648168387234257           8         4.99                
7781648168387234257           9         5.00                
7781648168387234257           10        5.00                
7781648168387234257           11        5.00                
7781648168387234257           12        5.00                
7781648168387234257           13        4.26                
7781648168387234257           14        4.98                
7781648168387234257           15        4.99                
