Sim_N                         Day       AVG_SF_per_Day      
320627601418573864            1         4.98                
320627601418573864            2         4.93                
320627601418573864            3         5.00                
320627601418573864            4         5.00                
320627601418573864            5         4.97                
320627601418573864            6         5.00                
320627601418573864            7         4.56                
320627601418573864            8         4.41                
320627601418573864            9         4.79                
320627601418573864            10        4.92                
320627601418573864            11        5.00                
320627601418573864            12        5.00                
320627601418573864            13        4.78                
320627601418573864            14        4.93                
320627601418573864            15        4.92                
