Sim_N                         Day       AVG_SF_per_Day      
1704028420979648148           1         5.00                
1704028420979648148           2         4.61                
1704028420979648148           3         4.92                
1704028420979648148           4         5.00                
1704028420979648148           5         5.00                
1704028420979648148           6         4.44                
1704028420979648148           7         4.87                
1704028420979648148           8         4.99                
1704028420979648148           9         4.97                
1704028420979648148           10        5.00                
1704028420979648148           11        5.00                
1704028420979648148           12        4.14                
1704028420979648148           13        3.82                
1704028420979648148           14        4.70                
1704028420979648148           15        4.95                
