Sim_N                         Day       AVG_SF_per_Day      
5738719243719963778           1         5.00                
5738719243719963778           2         4.82                
5738719243719963778           3         4.74                
5738719243719963778           4         4.39                
5738719243719963778           5         4.90                
5738719243719963778           6         4.99                
5738719243719963778           7         4.33                
5738719243719963778           8         4.31                
5738719243719963778           9         4.69                
5738719243719963778           10        4.66                
5738719243719963778           11        4.44                
5738719243719963778           12        5.00                
5738719243719963778           13        5.00                
5738719243719963778           14        5.00                
5738719243719963778           15        4.99                
