Sim_N                         Day       AVG_SF_per_Day      
5817735932543423751           1         4.97                
5817735932543423751           2         4.38                
5817735932543423751           3         4.99                
5817735932543423751           4         5.00                
5817735932543423751           5         4.35                
5817735932543423751           6         4.11                
5817735932543423751           7         4.44                
5817735932543423751           8         5.00                
5817735932543423751           9         4.86                
5817735932543423751           10        4.96                
5817735932543423751           11        5.00                
5817735932543423751           12        5.00                
5817735932543423751           13        5.00                
5817735932543423751           14        4.95                
5817735932543423751           15        4.99                
