Sim_N                         Day       AVG_SF_per_Day      
6349926076651835352           1         4.95                
6349926076651835352           2         4.88                
6349926076651835352           3         4.96                
6349926076651835352           4         5.00                
6349926076651835352           5         4.98                
6349926076651835352           6         4.82                
6349926076651835352           7         4.84                
6349926076651835352           8         4.88                
6349926076651835352           9         4.97                
6349926076651835352           10        5.00                
6349926076651835352           11        4.88                
6349926076651835352           12        4.71                
6349926076651835352           13        5.00                
6349926076651835352           14        5.00                
6349926076651835352           15        4.99                
