Sim_N                         Day       AVG_SF_per_Day      
3027116032753031116           1         3.77                
3027116032753031116           2         4.19                
3027116032753031116           3         3.74                
3027116032753031116           4         3.18                
3027116032753031116           5         4.09                
3027116032753031116           6         2.92                
3027116032753031116           7         3.27                
3027116032753031116           8         2.92                
3027116032753031116           9         3.39                
3027116032753031116           10        4.07                
3027116032753031116           11        5.00                
3027116032753031116           12        3.66                
3027116032753031116           13        3.91                
3027116032753031116           14        3.19                
3027116032753031116           15        4.62                
