Sim_N                         Day       AVG_SF_per_Day      
4801400838715749603           1         4.00                
4801400838715749603           2         4.08                
4801400838715749603           3         4.60                
4801400838715749603           4         4.75                
4801400838715749603           5         2.85                
4801400838715749603           6         3.95                
4801400838715749603           7         3.50                
4801400838715749603           8         2.66                
4801400838715749603           9         3.77                
4801400838715749603           10        4.56                
4801400838715749603           11        4.36                
4801400838715749603           12        3.86                
4801400838715749603           13        2.97                
4801400838715749603           14        3.53                
4801400838715749603           15        3.98                
