Sim_N                         Day       AVG_SF_per_Day      
6282473680951983718           1         3.90                
6282473680951983718           2         3.61                
6282473680951983718           3         3.69                
6282473680951983718           4         4.22                
6282473680951983718           5         4.76                
6282473680951983718           6         4.03                
6282473680951983718           7         3.51                
6282473680951983718           8         2.48                
6282473680951983718           9         3.68                
6282473680951983718           10        4.94                
6282473680951983718           11        4.06                
6282473680951983718           12        3.53                
6282473680951983718           13        3.15                
6282473680951983718           14        3.11                
6282473680951983718           15        3.64                
