Sim_N                         Day       AVG_SF_per_Day      
7326033301335089213           1         3.82                
7326033301335089213           2         3.24                
7326033301335089213           3         4.35                
7326033301335089213           4         4.11                
7326033301335089213           5         4.32                
7326033301335089213           6         4.11                
7326033301335089213           7         4.22                
7326033301335089213           8         3.75                
7326033301335089213           9         3.36                
7326033301335089213           10        3.62                
7326033301335089213           11        3.62                
7326033301335089213           12        4.56                
7326033301335089213           13        3.55                
7326033301335089213           14        4.26                
7326033301335089213           15        3.58                
