Sim_N                         Day       AVG_SF_per_Day      
140750864267837400            1         3.76                
140750864267837400            2         2.51                
140750864267837400            3         3.60                
140750864267837400            4         4.46                
140750864267837400            5         4.29                
140750864267837400            6         2.84                
140750864267837400            7         3.57                
140750864267837400            8         3.82                
140750864267837400            9         2.99                
140750864267837400            10        2.92                
140750864267837400            11        3.77                
140750864267837400            12        3.97                
140750864267837400            13        3.40                
140750864267837400            14        4.88                
140750864267837400            15        4.08                
