Sim_N                         Day       AVG_SF_per_Day      
1428924534149372708           1         5.00                
1428924534149372708           2         3.83                
1428924534149372708           3         3.60                
1428924534149372708           4         3.19                
1428924534149372708           5         3.17                
1428924534149372708           6         2.57                
1428924534149372708           7         2.99                
1428924534149372708           8         4.28                
1428924534149372708           9         3.10                
1428924534149372708           10        4.12                
1428924534149372708           11        3.03                
1428924534149372708           12        4.24                
1428924534149372708           13        4.34                
1428924534149372708           14        3.62                
1428924534149372708           15        4.09                
