Sim_N                         Day       AVG_SF_per_Day      
1105650509182881054           1         3.29                
1105650509182881054           2         3.75                
1105650509182881054           3         4.23                
1105650509182881054           4         4.19                
1105650509182881054           5         4.07                
1105650509182881054           6         4.81                
1105650509182881054           7         3.10                
1105650509182881054           8         2.65                
1105650509182881054           9         4.68                
1105650509182881054           10        3.94                
1105650509182881054           11        3.48                
1105650509182881054           12        3.62                
1105650509182881054           13        2.34                
1105650509182881054           14        3.68                
1105650509182881054           15        4.43                
