Sim_N                         Day       AVG_SF_per_Day      
6386140040075936408           1         4.45                
6386140040075936408           2         3.46                
6386140040075936408           3         3.71                
6386140040075936408           4         4.14                
6386140040075936408           5         3.62                
6386140040075936408           6         4.64                
6386140040075936408           7         3.23                
6386140040075936408           8         4.14                
6386140040075936408           9         3.86                
6386140040075936408           10        4.06                
6386140040075936408           11        3.81                
6386140040075936408           12        4.22                
6386140040075936408           13        2.92                
6386140040075936408           14        3.00                
6386140040075936408           15        3.77                
