Sim_N                         Day       AVG_SF_per_Day      
2582829001026095905           1         4.01                
2582829001026095905           2         2.97                
2582829001026095905           3         3.21                
2582829001026095905           4         2.88                
2582829001026095905           5         4.85                
2582829001026095905           6         2.37                
2582829001026095905           7         3.04                
2582829001026095905           8         3.88                
2582829001026095905           9         3.86                
2582829001026095905           10        4.31                
2582829001026095905           11        3.80                
2582829001026095905           12        2.83                
2582829001026095905           13        4.17                
2582829001026095905           14        4.25                
2582829001026095905           15        4.89                
