Sim_N                         Day       Time      New_Patients        Waiting        Assigned  Discharged     Beds_Avail_EOH 
6239195000725830490           1         0:00      4                   0              3         1              7              
6239195000725830490           1         1:00      3                   0              5         1              5              
6239195000725830490           1         2:00      5                   0              10        0              0              
6239195000725830490           1         3:00      2                   0              10        2              0              
6239195000725830490           1         4:00      4                   3              10        1              0              
6239195000725830490           1         5:00      1                   3              10        1              0              
6239195000725830490           1         6:00      5                   5              10        3              0              
6239195000725830490           1         7:00      1                   5              10        1              0              
6239195000725830490           1         8:00      2                   4              10        3              0              
6239195000725830490           1         9:00      2                   6              10        0              0              
6239195000725830490           1         10:00     3                   7              10        2              0              
6239195000725830490           1         11:00     3                   8              10        2              0              
6239195000725830490           1         12:00     1                   5              10        4              0              
6239195000725830490           1         13:00     2                   4              10        3              0              
6239195000725830490           1         14:00     5                   6              10        2              0              
6239195000725830490           1         15:00     1                   6              10        1              0              
6239195000725830490           1         16:00     4                   8              10        0              0              
6239195000725830490           1         17:00     5                   9              10        2              0              
6239195000725830490           1         18:00     4                   10             10        3              0              
6239195000725830490           1         19:00     1                   4              10        5              0              
6239195000725830490           1         20:00     4                   6              10        1              0              
6239195000725830490           1         21:00     0                   3              10        3              0              
6239195000725830490           1         22:00     5                   0              10        7              0              
6239195000725830490           1         23:00     2                   0              9         3              1              
6239195000725830490           2         0:00      2                   0              8         2              2              
6239195000725830490           2         1:00      4                   1              10        1              0              
6239195000725830490           2         2:00      3                   2              10        2              0              
6239195000725830490           2         3:00      3                   4              10        1              0              
6239195000725830490           2         4:00      0                   2              10        2              0              
6239195000725830490           2         5:00      4                   5              10        1              0              
6239195000725830490           2         6:00      1                   4              10        2              0              
6239195000725830490           2         7:00      3                   6              10        1              0              
6239195000725830490           2         8:00      1                   5              10        2              0              
6239195000725830490           2         9:00      0                   3              10        2              0              
6239195000725830490           2         10:00     0                   2              10        1              0              
6239195000725830490           2         11:00     1                   2              10        1              0              
6239195000725830490           2         12:00     4                   3              10        3              0              
6239195000725830490           2         13:00     4                   3              10        3              0              
6239195000725830490           2         14:00     4                   6              10        1              0              
6239195000725830490           2         15:00     5                   7              10        3              0              
6239195000725830490           2         16:00     2                   8              10        1              0              
6239195000725830490           2         17:00     1                   9              10        0              0              
6239195000725830490           2         18:00     3                   11             10        1              0              
6239195000725830490           2         19:00     3                   13             10        1              0              
6239195000725830490           2         20:00     5                   13             10        5              0              
6239195000725830490           2         21:00     4                   16             10        1              0              
6239195000725830490           2         22:00     1                   16             10        1              0              
6239195000725830490           2         23:00     2                   14             10        4              0              
6239195000725830490           3         0:00      1                   13             10        2              0              
6239195000725830490           3         1:00      0                   11             10        2              0              
6239195000725830490           3         2:00      4                   7              10        5              0              
6239195000725830490           3         3:00      0                   4              10        2              0              
6239195000725830490           3         4:00      4                   2              10        3              0              
6239195000725830490           3         5:00      1                   0              9         3              1              
6239195000725830490           3         6:00      1                   0              8         2              2              
6239195000725830490           3         7:00      0                   0              6         2              4              
6239195000725830490           3         8:00      5                   0              9         2              1              
6239195000725830490           3         9:00      4                   0              10        3              0              
6239195000725830490           3         10:00     5                   4              10        1              0              
6239195000725830490           3         11:00     4                   7              10        1              0              
6239195000725830490           3         12:00     0                   5              10        2              0              
6239195000725830490           3         13:00     5                   10             10        0              0              
6239195000725830490           3         14:00     2                   10             10        2              0              
6239195000725830490           3         15:00     2                   10             10        2              0              
6239195000725830490           3         16:00     2                   11             10        1              0              
6239195000725830490           3         17:00     4                   14             10        1              0              
6239195000725830490           3         18:00     3                   15             10        2              0              
6239195000725830490           3         19:00     3                   16             10        2              0              
6239195000725830490           3         20:00     2                   16             10        2              0              
6239195000725830490           3         21:00     3                   17             10        2              0              
6239195000725830490           3         22:00     3                   15             10        3              0              
6239195000725830490           3         23:00     4                   14             10        3              0              
6239195000725830490           4         0:00      0                   11             10        1              0              
6239195000725830490           4         1:00      4                   10             10        3              0              
6239195000725830490           4         2:00      3                   10             10        2              0              
6239195000725830490           4         3:00      1                   6              10        3              0              
6239195000725830490           4         4:00      2                   5              10        2              0              
6239195000725830490           4         5:00      1                   2              10        3              0              
6239195000725830490           4         6:00      3                   2              10        2              0              
6239195000725830490           4         7:00      5                   5              10        2              0              
6239195000725830490           4         8:00      4                   6              10        3              0              
6239195000725830490           4         9:00      4                   6              10        3              0              
6239195000725830490           4         10:00     1                   7              10        0              0              
6239195000725830490           4         11:00     5                   9              10        2              0              
6239195000725830490           4         12:00     2                   10             10        1              0              
6239195000725830490           4         13:00     2                   11             10        1              0              
6239195000725830490           4         14:00     0                   8              10        3              0              
6239195000725830490           4         15:00     0                   6              10        2              0              
6239195000725830490           4         16:00     2                   5              10        3              0              
6239195000725830490           4         17:00     1                   5              10        1              0              
6239195000725830490           4         18:00     4                   8              10        1              0              
6239195000725830490           4         19:00     3                   10             10        1              0              
6239195000725830490           4         20:00     1                   5              10        3              0              
6239195000725830490           4         21:00     4                   6              10        2              0              
6239195000725830490           4         22:00     2                   7              10        0              0              
6239195000725830490           4         23:00     5                   10             10        2              0              
6239195000725830490           5         0:00      3                   11             10        2              0              
6239195000725830490           5         1:00      2                   11             10        2              0              
6239195000725830490           5         2:00      4                   13             10        2              0              
6239195000725830490           5         3:00      2                   12             10        3              0              
6239195000725830490           5         4:00      2                   10             10        4              0              
6239195000725830490           5         5:00      0                   8              10        1              0              
6239195000725830490           5         6:00      3                   8              10        0              0              
6239195000725830490           5         7:00      2                   8              10        1              0              
6239195000725830490           5         8:00      5                   12             10        0              0              
6239195000725830490           5         9:00      4                   15             10        1              0              
6239195000725830490           5         10:00     3                   14             10        2              0              
6239195000725830490           5         11:00     4                   14             10        3              0              
6239195000725830490           5         12:00     2                   13             10        1              0              
6239195000725830490           5         13:00     0                   13             10        0              0              
6239195000725830490           5         14:00     4                   15             10        2              0              
6239195000725830490           5         15:00     4                   17             10        1              0              
6239195000725830490           5         16:00     4                   20             10        1              0              
6239195000725830490           5         17:00     0                   20             10        0              0              
6239195000725830490           5         18:00     3                   21             10        1              0              
6239195000725830490           5         19:00     3                   22             10        0              0              
6239195000725830490           5         20:00     5                   24             10        0              0              
6239195000725830490           5         21:00     0                   19             10        1              0              
6239195000725830490           5         22:00     1                   15             10        5              0              
6239195000725830490           5         23:00     3                   14             10        0              0              
6239195000725830490           6         0:00      5                   16             10        2              0              
6239195000725830490           6         1:00      1                   15             10        2              0              
6239195000725830490           6         2:00      2                   15             10        0              0              
6239195000725830490           6         3:00      4                   14             10        3              0              
6239195000725830490           6         4:00      0                   10             10        1              0              
6239195000725830490           6         5:00      2                   9              10        1              0              
6239195000725830490           6         6:00      3                   7              10        4              0              
6239195000725830490           6         7:00      0                   4              10        1              0              
6239195000725830490           6         8:00      0                   2              10        1              0              
6239195000725830490           6         9:00      0                   0              9         3              1              
6239195000725830490           6         10:00     0                   0              7         2              3              
6239195000725830490           6         11:00     0                   0              7         0              3              
6239195000725830490           6         12:00     3                   0              9         1              1              
6239195000725830490           6         13:00     1                   0              7         3              3              
6239195000725830490           6         14:00     4                   0              9         2              1              
6239195000725830490           6         15:00     0                   0              7         2              3              
6239195000725830490           6         16:00     0                   0              7         0              3              
6239195000725830490           6         17:00     1                   0              7         1              3              
6239195000725830490           6         18:00     0                   0              5         2              5              
6239195000725830490           6         19:00     1                   0              6         0              4              
6239195000725830490           6         20:00     4                   0              8         2              2              
6239195000725830490           6         21:00     4                   1              10        1              0              
6239195000725830490           6         22:00     2                   3              10        0              0              
6239195000725830490           6         23:00     5                   6              10        2              0              
6239195000725830490           7         0:00      1                   5              10        2              0              
6239195000725830490           7         1:00      0                   5              10        0              0              
6239195000725830490           7         2:00      1                   5              10        1              0              
6239195000725830490           7         3:00      1                   5              10        1              0              
6239195000725830490           7         4:00      0                   2              10        3              0              
6239195000725830490           7         5:00      0                   0              10        2              0              
6239195000725830490           7         6:00      2                   0              10        2              0              
6239195000725830490           7         7:00      1                   0              9         2              1              
6239195000725830490           7         8:00      5                   0              10        2              0              
6239195000725830490           7         9:00      4                   2              10        2              0              
6239195000725830490           7         10:00     5                   3              10        4              0              
6239195000725830490           7         11:00     2                   4              10        1              0              
6239195000725830490           7         12:00     3                   4              10        2              0              
6239195000725830490           7         13:00     2                   5              10        1              0              
6239195000725830490           7         14:00     4                   7              10        2              0              
6239195000725830490           7         15:00     3                   8              10        1              0              
6239195000725830490           7         16:00     1                   4              10        5              0              
6239195000725830490           7         17:00     1                   4              10        1              0              
6239195000725830490           7         18:00     3                   5              10        2              0              
6239195000725830490           7         19:00     1                   6              10        0              0              
6239195000725830490           7         20:00     3                   7              10        2              0              
6239195000725830490           7         21:00     1                   6              10        2              0              
6239195000725830490           7         22:00     0                   2              10        3              0              
6239195000725830490           7         23:00     5                   3              10        2              0              
6239195000725830490           8         0:00      1                   3              10        1              0              
6239195000725830490           8         1:00      0                   1              10        2              0              
6239195000725830490           8         2:00      4                   2              10        3              0              
6239195000725830490           8         3:00      1                   0              9         4              1              
6239195000725830490           8         4:00      1                   0              9         1              1              
6239195000725830490           8         5:00      4                   1              10        2              0              
6239195000725830490           8         6:00      4                   2              10        3              0              
6239195000725830490           8         7:00      1                   2              10        1              0              
6239195000725830490           8         8:00      0                   2              10        0              0              
6239195000725830490           8         9:00      5                   4              10        3              0              
6239195000725830490           8         10:00     2                   5              10        1              0              
6239195000725830490           8         11:00     0                   2              10        3              0              
6239195000725830490           8         12:00     2                   1              10        3              0              
6239195000725830490           8         13:00     1                   0              9         3              1              
6239195000725830490           8         14:00     5                   0              8         6              2              
6239195000725830490           8         15:00     2                   0              7         3              3              
6239195000725830490           8         16:00     0                   0              6         1              4              
6239195000725830490           8         17:00     2                   0              7         1              3              
6239195000725830490           8         18:00     1                   0              6         2              4              
6239195000725830490           8         19:00     2                   0              7         1              3              
6239195000725830490           8         20:00     2                   0              7         2              3              
6239195000725830490           8         21:00     5                   0              10        2              0              
6239195000725830490           8         22:00     3                   1              10        1              0              
6239195000725830490           8         23:00     2                   2              10        1              0              
6239195000725830490           9         0:00      4                   3              10        3              0              
6239195000725830490           9         1:00      0                   2              10        1              0              
6239195000725830490           9         2:00      3                   4              10        0              0              
6239195000725830490           9         3:00      3                   6              10        1              0              
6239195000725830490           9         4:00      5                   9              10        2              0              
6239195000725830490           9         5:00      0                   6              10        3              0              
6239195000725830490           9         6:00      2                   6              10        2              0              
6239195000725830490           9         7:00      1                   1              10        6              0              
6239195000725830490           9         8:00      0                   0              8         3              2              
6239195000725830490           9         9:00      4                   0              8         3              2              
6239195000725830490           9         10:00     1                   0              7         2              3              
6239195000725830490           9         11:00     0                   0              5         2              5              
6239195000725830490           9         12:00     1                   0              4         2              6              
6239195000725830490           9         13:00     0                   0              4         0              6              
6239195000725830490           9         14:00     2                   0              5         1              5              
6239195000725830490           9         15:00     4                   0              8         1              2              
6239195000725830490           9         16:00     1                   0              8         1              2              
6239195000725830490           9         17:00     5                   0              8         4              2              
6239195000725830490           9         18:00     0                   0              7         1              3              
6239195000725830490           9         19:00     0                   0              6         1              4              
6239195000725830490           9         20:00     2                   0              6         2              4              
6239195000725830490           9         21:00     0                   0              6         0              4              
6239195000725830490           9         22:00     4                   0              6         3              4              
6239195000725830490           9         23:00     1                   0              5         2              5              
6239195000725830490           10        0:00      5                   0              8         1              2              
6239195000725830490           10        1:00      0                   0              7         1              3              
6239195000725830490           10        2:00      2                   0              6         3              4              
6239195000725830490           10        3:00      1                   0              7         0              3              
6239195000725830490           10        4:00      4                   0              10        1              0              
6239195000725830490           10        5:00      3                   2              10        1              0              
6239195000725830490           10        6:00      4                   3              10        3              0              
6239195000725830490           10        7:00      2                   5              10        0              0              
6239195000725830490           10        8:00      5                   9              10        1              0              
6239195000725830490           10        9:00      1                   8              10        2              0              
6239195000725830490           10        10:00     2                   6              10        4              0              
6239195000725830490           10        11:00     1                   7              10        0              0              
6239195000725830490           10        12:00     2                   7              10        2              0              
6239195000725830490           10        13:00     3                   9              10        1              0              
6239195000725830490           10        14:00     1                   9              10        0              0              
6239195000725830490           10        15:00     0                   8              10        1              0              
6239195000725830490           10        16:00     0                   6              10        2              0              
6239195000725830490           10        17:00     4                   8              10        2              0              
6239195000725830490           10        18:00     0                   3              10        4              0              
6239195000725830490           10        19:00     3                   2              10        1              0              
6239195000725830490           10        20:00     5                   4              10        3              0              
6239195000725830490           10        21:00     0                   4              10        0              0              
6239195000725830490           10        22:00     0                   3              10        1              0              
6239195000725830490           10        23:00     5                   5              10        3              0              
6239195000725830490           11        0:00      3                   4              10        3              0              
6239195000725830490           11        1:00      4                   5              10        3              0              
6239195000725830490           11        2:00      0                   3              10        2              0              
6239195000725830490           11        3:00      1                   2              10        2              0              
6239195000725830490           11        4:00      1                   1              10        2              0              
6239195000725830490           11        5:00      3                   3              10        1              0              
6239195000725830490           11        6:00      5                   7              10        1              0              
6239195000725830490           11        7:00      3                   8              10        1              0              
6239195000725830490           11        8:00      1                   7              10        2              0              
6239195000725830490           11        9:00      3                   10             10        0              0              
6239195000725830490           11        10:00     1                   11             10        0              0              
6239195000725830490           11        11:00     3                   10             10        4              0              
6239195000725830490           11        12:00     4                   13             10        1              0              
6239195000725830490           11        13:00     3                   14             10        2              0              
6239195000725830490           11        14:00     2                   15             10        1              0              
6239195000725830490           11        15:00     3                   17             10        1              0              
6239195000725830490           11        16:00     1                   16             10        2              0              
6239195000725830490           11        17:00     3                   16             10        1              0              
6239195000725830490           11        18:00     0                   10             10        3              0              
6239195000725830490           11        19:00     5                   14             10        0              0              
6239195000725830490           11        20:00     2                   12             10        2              0              
6239195000725830490           11        21:00     1                   8              10        4              0              
6239195000725830490           11        22:00     4                   8              10        2              0              
6239195000725830490           11        23:00     4                   11             10        0              0              
6239195000725830490           12        0:00      4                   10             10        3              0              
6239195000725830490           12        1:00      4                   10             10        3              0              
6239195000725830490           12        2:00      1                   10             10        0              0              
6239195000725830490           12        3:00      4                   12             10        2              0              
6239195000725830490           12        4:00      0                   10             10        2              0              
6239195000725830490           12        5:00      2                   11             10        1              0              
6239195000725830490           12        6:00      2                   7              10        5              0              
6239195000725830490           12        7:00      1                   2              10        5              0              
6239195000725830490           12        8:00      2                   2              10        2              0              
6239195000725830490           12        9:00      0                   1              10        1              0              
6239195000725830490           12        10:00     4                   3              10        1              0              
6239195000725830490           12        11:00     0                   2              10        1              0              
6239195000725830490           12        12:00     1                   1              10        2              0              
6239195000725830490           12        13:00     0                   1              10        0              0              
6239195000725830490           12        14:00     4                   5              10        0              0              
6239195000725830490           12        15:00     0                   4              10        1              0              
6239195000725830490           12        16:00     5                   6              10        3              0              
6239195000725830490           12        17:00     4                   9              10        0              0              
6239195000725830490           12        18:00     4                   11             10        2              0              
6239195000725830490           12        19:00     4                   13             10        2              0              
6239195000725830490           12        20:00     4                   16             10        1              0              
6239195000725830490           12        21:00     3                   17             10        2              0              
6239195000725830490           12        22:00     1                   13             10        4              0              
6239195000725830490           12        23:00     1                   12             10        2              0              
6239195000725830490           13        0:00      3                   9              10        6              0              
6239195000725830490           13        1:00      1                   9              10        1              0              
6239195000725830490           13        2:00      4                   8              10        4              0              
6239195000725830490           13        3:00      5                   10             10        1              0              
6239195000725830490           13        4:00      4                   10             10        3              0              
6239195000725830490           13        5:00      2                   6              10        2              0              
6239195000725830490           13        6:00      1                   5              10        1              0              
6239195000725830490           13        7:00      1                   4              10        2              0              
6239195000725830490           13        8:00      3                   6              10        1              0              
6239195000725830490           13        9:00      0                   6              10        0              0              
6239195000725830490           13        10:00     0                   5              10        1              0              
6239195000725830490           13        11:00     4                   6              10        3              0              
6239195000725830490           13        12:00     3                   8              10        1              0              
6239195000725830490           13        13:00     3                   7              10        4              0              
6239195000725830490           13        14:00     3                   10             10        0              0              
6239195000725830490           13        15:00     0                   7              10        1              0              
6239195000725830490           13        16:00     3                   7              10        3              0              
6239195000725830490           13        17:00     0                   5              10        0              0              
6239195000725830490           13        18:00     4                   5              10        4              0              
6239195000725830490           13        19:00     0                   3              10        2              0              
6239195000725830490           13        20:00     4                   6              10        1              0              
6239195000725830490           13        21:00     5                   11             10        0              0              
6239195000725830490           13        22:00     2                   9              10        4              0              
6239195000725830490           13        23:00     5                   10             10        3              0              
6239195000725830490           14        0:00      1                   6              10        4              0              
6239195000725830490           14        1:00      5                   9              10        2              0              
6239195000725830490           14        2:00      3                   9              10        2              0              
6239195000725830490           14        3:00      2                   10             10        1              0              
6239195000725830490           14        4:00      5                   12             10        3              0              
6239195000725830490           14        5:00      2                   12             10        2              0              
6239195000725830490           14        6:00      5                   16             10        1              0              
6239195000725830490           14        7:00      3                   16             10        3              0              
6239195000725830490           14        8:00      3                   17             10        0              0              
6239195000725830490           14        9:00      2                   17             10        0              0              
6239195000725830490           14        10:00     3                   16             10        4              0              
6239195000725830490           14        11:00     0                   11             10        4              0              
6239195000725830490           14        12:00     4                   15             10        0              0              
6239195000725830490           14        13:00     0                   10             10        2              0              
6239195000725830490           14        14:00     3                   11             10        1              0              
6239195000725830490           14        15:00     0                   9              10        2              0              
6239195000725830490           14        16:00     5                   5              10        6              0              
6239195000725830490           14        17:00     0                   4              10        1              0              
6239195000725830490           14        18:00     5                   5              10        1              0              
6239195000725830490           14        19:00     2                   5              10        1              0              
6239195000725830490           14        20:00     4                   6              10        3              0              
6239195000725830490           14        21:00     1                   6              10        1              0              
6239195000725830490           14        22:00     4                   10             10        0              0              
6239195000725830490           14        23:00     4                   9              10        3              0              
6239195000725830490           15        0:00      0                   6              10        3              0              
6239195000725830490           15        1:00      4                   6              10        4              0              
6239195000725830490           15        2:00      3                   8              10        1              0              
6239195000725830490           15        3:00      0                   5              10        3              0              
6239195000725830490           15        4:00      2                   6              10        1              0              
6239195000725830490           15        5:00      5                   11             10        0              0              
6239195000725830490           15        6:00      4                   13             10        2              0              
6239195000725830490           15        7:00      1                   10             10        4              0              
6239195000725830490           15        8:00      5                   9              10        3              0              
6239195000725830490           15        9:00      5                   10             10        2              0              
6239195000725830490           15        10:00     5                   12             10        3              0              
6239195000725830490           15        11:00     0                   11             10        1              0              
6239195000725830490           15        12:00     3                   13             10        1              0              
6239195000725830490           15        13:00     0                   10             10        3              0              
6239195000725830490           15        14:00     3                   12             10        1              0              
6239195000725830490           15        15:00     3                   15             10        0              0              
6239195000725830490           15        16:00     3                   16             10        1              0              
6239195000725830490           15        17:00     5                   12             10        5              0              
6239195000725830490           15        18:00     0                   12             10        0              0              
6239195000725830490           15        19:00     4                   15             10        1              0              
6239195000725830490           15        20:00     5                   16             10        4              0              
6239195000725830490           15        21:00     4                   14             10        1              0              
6239195000725830490           15        22:00     4                   16             10        1              0              
6239195000725830490           15        23:00     5                   20             10        1              0              
