Sim_N                         Day       Time      New_Patients        Waiting        Assigned  Discharged     Beds_Avail_EOH 
140750864267837400            1         0:00      2                   0              2         0              8              
140750864267837400            1         1:00      5                   0              6         0              4              
140750864267837400            1         2:00      3                   0              6         3              4              
140750864267837400            1         3:00      0                   0              6         0              4              
140750864267837400            1         4:00      4                   0              7         2              3              
140750864267837400            1         5:00      2                   0              8         1              2              
140750864267837400            1         6:00      1                   0              8         1              2              
140750864267837400            1         7:00      2                   0              10        0              0              
140750864267837400            1         8:00      2                   1              10        1              0              
140750864267837400            1         9:00      1                   0              8         4              2              
140750864267837400            1         10:00     1                   0              8         1              2              
140750864267837400            1         11:00     1                   0              9         0              1              
140750864267837400            1         12:00     0                   0              8         1              2              
140750864267837400            1         13:00     5                   2              10        1              0              
140750864267837400            1         14:00     1                   3              10        0              0              
140750864267837400            1         15:00     0                   2              10        1              0              
140750864267837400            1         16:00     2                   2              10        2              0              
140750864267837400            1         17:00     4                   5              10        1              0              
140750864267837400            1         18:00     0                   4              10        1              0              
140750864267837400            1         19:00     5                   6              10        3              0              
140750864267837400            1         20:00     3                   8              10        1              0              
140750864267837400            1         21:00     0                   7              10        1              0              
140750864267837400            1         22:00     1                   7              10        1              0              
140750864267837400            1         23:00     4                   11             10        0              0              
140750864267837400            2         0:00      5                   15             10        1              0              
140750864267837400            2         1:00      0                   14             10        1              0              
140750864267837400            2         2:00      2                   16             10        0              0              
140750864267837400            2         3:00      4                   20             10        0              0              
140750864267837400            2         4:00      4                   21             10        3              0              
140750864267837400            2         5:00      5                   22             10        3              0              
140750864267837400            2         6:00      3                   23             10        1              0              
140750864267837400            2         7:00      5                   23             10        3              0              
140750864267837400            2         8:00      5                   20             10        6              0              
140750864267837400            2         9:00      5                   22             10        2              0              
140750864267837400            2         10:00     1                   21             10        1              0              
140750864267837400            2         11:00     1                   20             10        1              0              
140750864267837400            2         12:00     5                   19             10        3              0              
140750864267837400            2         13:00     5                   19             10        1              0              
140750864267837400            2         14:00     3                   20             10        1              0              
140750864267837400            2         15:00     4                   18             10        2              0              
140750864267837400            2         16:00     4                   18             10        2              0              
140750864267837400            2         17:00     1                   16             10        2              0              
140750864267837400            2         18:00     2                   15             10        2              0              
140750864267837400            2         19:00     5                   16             10        3              0              
140750864267837400            2         20:00     3                   18             10        1              0              
140750864267837400            2         21:00     1                   15             10        0              0              
140750864267837400            2         22:00     2                   17             10        0              0              
140750864267837400            2         23:00     5                   21             10        0              0              
140750864267837400            3         0:00      2                   22             10        0              0              
140750864267837400            3         1:00      1                   21             10        0              0              
140750864267837400            3         2:00      4                   20             10        3              0              
140750864267837400            3         3:00      4                   21             10        2              0              
140750864267837400            3         4:00      3                   20             10        3              0              
140750864267837400            3         5:00      5                   24             10        1              0              
140750864267837400            3         6:00      2                   24             10        2              0              
140750864267837400            3         7:00      1                   23             10        1              0              
140750864267837400            3         8:00      4                   19             10        4              0              
140750864267837400            3         9:00      0                   17             10        1              0              
140750864267837400            3         10:00     3                   16             10        1              0              
140750864267837400            3         11:00     0                   11             10        1              0              
140750864267837400            3         12:00     0                   8              10        1              0              
140750864267837400            3         13:00     5                   12             10        0              0              
140750864267837400            3         14:00     1                   10             10        1              0              
140750864267837400            3         15:00     0                   8              10        1              0              
140750864267837400            3         16:00     5                   12             10        1              0              
140750864267837400            3         17:00     5                   13             10        2              0              
140750864267837400            3         18:00     5                   13             10        4              0              
140750864267837400            3         19:00     3                   12             10        4              0              
140750864267837400            3         20:00     5                   14             10        3              0              
140750864267837400            3         21:00     0                   10             10        4              0              
140750864267837400            3         22:00     2                   12             10        0              0              
140750864267837400            3         23:00     1                   11             10        1              0              
140750864267837400            4         0:00      0                   11             10        0              0              
140750864267837400            4         1:00      3                   7              10        4              0              
140750864267837400            4         2:00      0                   3              10        4              0              
140750864267837400            4         3:00      5                   1              10        7              0              
140750864267837400            4         4:00      1                   2              10        0              0              
140750864267837400            4         5:00      3                   0              10        5              0              
140750864267837400            4         6:00      3                   1              10        2              0              
140750864267837400            4         7:00      0                   0              8         3              2              
140750864267837400            4         8:00      3                   0              10        1              0              
140750864267837400            4         9:00      4                   1              10        3              0              
140750864267837400            4         10:00     2                   0              8         5              2              
140750864267837400            4         11:00     2                   0              7         3              3              
140750864267837400            4         12:00     4                   0              8         3              2              
140750864267837400            4         13:00     2                   0              9         1              1              
140750864267837400            4         14:00     4                   1              10        2              0              
140750864267837400            4         15:00     3                   2              10        1              0              
140750864267837400            4         16:00     4                   4              10        2              0              
140750864267837400            4         17:00     4                   5              10        2              0              
140750864267837400            4         18:00     2                   4              10        3              0              
140750864267837400            4         19:00     2                   6              10        0              0              
140750864267837400            4         20:00     4                   8              10        2              0              
140750864267837400            4         21:00     0                   6              10        2              0              
140750864267837400            4         22:00     0                   5              10        1              0              
140750864267837400            4         23:00     5                   8              10        2              0              
140750864267837400            5         0:00      5                   9              10        3              0              
140750864267837400            5         1:00      2                   9              10        2              0              
140750864267837400            5         2:00      5                   13             10        1              0              
140750864267837400            5         3:00      0                   10             10        2              0              
140750864267837400            5         4:00      2                   9              10        3              0              
140750864267837400            5         5:00      4                   7              10        4              0              
140750864267837400            5         6:00      0                   2              10        4              0              
140750864267837400            5         7:00      0                   0              8         4              2              
140750864267837400            5         8:00      4                   0              10        2              0              
140750864267837400            5         9:00      0                   0              10        0              0              
140750864267837400            5         10:00     3                   0              10        2              0              
140750864267837400            5         11:00     2                   0              10        2              0              
140750864267837400            5         12:00     2                   1              10        1              0              
140750864267837400            5         13:00     4                   3              10        1              0              
140750864267837400            5         14:00     0                   3              10        0              0              
140750864267837400            5         15:00     5                   6              10        2              0              
140750864267837400            5         16:00     0                   3              10        3              0              
140750864267837400            5         17:00     5                   7              10        1              0              
140750864267837400            5         18:00     0                   5              10        2              0              
140750864267837400            5         19:00     2                   4              10        3              0              
140750864267837400            5         20:00     3                   6              10        1              0              
140750864267837400            5         21:00     1                   6              10        1              0              
140750864267837400            5         22:00     4                   7              10        3              0              
140750864267837400            5         23:00     4                   8              10        3              0              
140750864267837400            6         0:00      4                   9              10        3              0              
140750864267837400            6         1:00      3                   7              10        3              0              
140750864267837400            6         2:00      5                   10             10        1              0              
140750864267837400            6         3:00      1                   7              10        3              0              
140750864267837400            6         4:00      2                   6              10        2              0              
140750864267837400            6         5:00      1                   2              10        4              0              
140750864267837400            6         6:00      0                   1              10        1              0              
140750864267837400            6         7:00      1                   2              10        0              0              
140750864267837400            6         8:00      5                   3              10        3              0              
140750864267837400            6         9:00      4                   7              10        0              0              
140750864267837400            6         10:00     4                   10             10        1              0              
140750864267837400            6         11:00     4                   14             10        0              0              
140750864267837400            6         12:00     5                   15             10        3              0              
140750864267837400            6         13:00     5                   15             10        5              0              
140750864267837400            6         14:00     2                   15             10        2              0              
140750864267837400            6         15:00     2                   15             10        2              0              
140750864267837400            6         16:00     1                   14             10        2              0              
140750864267837400            6         17:00     5                   17             10        0              0              
140750864267837400            6         18:00     3                   18             10        2              0              
140750864267837400            6         19:00     5                   23             10        0              0              
140750864267837400            6         20:00     1                   22             10        0              0              
140750864267837400            6         21:00     5                   22             10        3              0              
140750864267837400            6         22:00     3                   19             10        2              0              
140750864267837400            6         23:00     3                   17             10        1              0              
140750864267837400            7         0:00      1                   15             10        1              0              
140750864267837400            7         1:00      2                   15             10        2              0              
140750864267837400            7         2:00      5                   19             10        1              0              
140750864267837400            7         3:00      3                   21             10        1              0              
140750864267837400            7         4:00      4                   25             10        0              0              
140750864267837400            7         5:00      3                   28             10        0              0              
140750864267837400            7         6:00      3                   23             10        4              0              
140750864267837400            7         7:00      2                   19             10        3              0              
140750864267837400            7         8:00      3                   18             10        1              0              
140750864267837400            7         9:00      0                   16             10        1              0              
140750864267837400            7         10:00     0                   13             10        1              0              
140750864267837400            7         11:00     3                   15             10        0              0              
140750864267837400            7         12:00     2                   13             10        2              0              
140750864267837400            7         13:00     2                   13             10        2              0              
140750864267837400            7         14:00     0                   9              10        2              0              
140750864267837400            7         15:00     2                   5              10        3              0              
140750864267837400            7         16:00     0                   0              10        2              0              
140750864267837400            7         17:00     2                   0              9         3              1              
140750864267837400            7         18:00     4                   3              10        0              0              
140750864267837400            7         19:00     5                   4              10        4              0              
140750864267837400            7         20:00     3                   4              10        3              0              
140750864267837400            7         21:00     0                   4              10        0              0              
140750864267837400            7         22:00     0                   4              10        0              0              
140750864267837400            7         23:00     4                   7              10        1              0              
140750864267837400            8         0:00      2                   9              10        0              0              
140750864267837400            8         1:00      4                   10             10        3              0              
140750864267837400            8         2:00      0                   6              10        4              0              
140750864267837400            8         3:00      3                   5              10        4              0              
140750864267837400            8         4:00      4                   6              10        3              0              
140750864267837400            8         5:00      4                   9              10        1              0              
140750864267837400            8         6:00      1                   10             10        0              0              
140750864267837400            8         7:00      0                   4              10        5              0              
140750864267837400            8         8:00      1                   3              10        1              0              
140750864267837400            8         9:00      2                   2              10        2              0              
140750864267837400            8         10:00     1                   1              10        2              0              
140750864267837400            8         11:00     2                   1              10        2              0              
140750864267837400            8         12:00     1                   2              10        0              0              
140750864267837400            8         13:00     3                   4              10        0              0              
140750864267837400            8         14:00     5                   8              10        1              0              
140750864267837400            8         15:00     0                   7              10        1              0              
140750864267837400            8         16:00     0                   5              10        2              0              
140750864267837400            8         17:00     4                   5              10        4              0              
140750864267837400            8         18:00     5                   8              10        2              0              
140750864267837400            8         19:00     2                   6              10        4              0              
140750864267837400            8         20:00     3                   7              10        2              0              
140750864267837400            8         21:00     0                   6              10        1              0              
140750864267837400            8         22:00     5                   8              10        2              0              
140750864267837400            8         23:00     5                   12             10        1              0              
140750864267837400            9         0:00      5                   14             10        1              0              
140750864267837400            9         1:00      2                   15             10        0              0              
140750864267837400            9         2:00      4                   14             10        3              0              
140750864267837400            9         3:00      2                   13             10        2              0              
140750864267837400            9         4:00      3                   16             10        0              0              
140750864267837400            9         5:00      2                   17             10        1              0              
140750864267837400            9         6:00      3                   19             10        1              0              
140750864267837400            9         7:00      5                   23             10        1              0              
140750864267837400            9         8:00      1                   19             10        3              0              
140750864267837400            9         9:00      2                   20             10        1              0              
140750864267837400            9         10:00     5                   24             10        0              0              
140750864267837400            9         11:00     5                   25             10        1              0              
140750864267837400            9         12:00     5                   25             10        2              0              
140750864267837400            9         13:00     3                   22             10        3              0              
140750864267837400            9         14:00     2                   21             10        3              0              
140750864267837400            9         15:00     0                   19             10        2              0              
140750864267837400            9         16:00     5                   18             10        4              0              
140750864267837400            9         17:00     1                   17             10        1              0              
140750864267837400            9         18:00     2                   15             10        1              0              
140750864267837400            9         19:00     2                   14             10        1              0              
140750864267837400            9         20:00     1                   13             10        2              0              
140750864267837400            9         21:00     5                   15             10        1              0              
140750864267837400            9         22:00     3                   13             10        1              0              
140750864267837400            9         23:00     0                   4              10        3              0              
140750864267837400            10        0:00      1                   3              10        1              0              
140750864267837400            10        1:00      5                   7              10        1              0              
140750864267837400            10        2:00      2                   7              10        2              0              
140750864267837400            10        3:00      3                   7              10        3              0              
140750864267837400            10        4:00      5                   10             10        1              0              
140750864267837400            10        5:00      3                   10             10        3              0              
140750864267837400            10        6:00      4                   14             10        0              0              
140750864267837400            10        7:00      1                   13             10        0              0              
140750864267837400            10        8:00      2                   14             10        1              0              
140750864267837400            10        9:00      4                   17             10        1              0              
140750864267837400            10        10:00     5                   18             10        4              0              
140750864267837400            10        11:00     1                   17             10        2              0              
140750864267837400            10        12:00     4                   19             10        1              0              
140750864267837400            10        13:00     3                   15             10        4              0              
140750864267837400            10        14:00     3                   17             10        1              0              
140750864267837400            10        15:00     3                   20             10        0              0              
140750864267837400            10        16:00     2                   19             10        0              0              
140750864267837400            10        17:00     5                   16             10        7              0              
140750864267837400            10        18:00     3                   15             10        0              0              
140750864267837400            10        19:00     5                   18             10        1              0              
140750864267837400            10        20:00     3                   19             10        1              0              
140750864267837400            10        21:00     2                   18             10        1              0              
140750864267837400            10        22:00     3                   17             10        3              0              
140750864267837400            10        23:00     0                   16             10        1              0              
140750864267837400            11        0:00      0                   14             10        1              0              
140750864267837400            11        1:00      4                   13             10        4              0              
140750864267837400            11        2:00      4                   13             10        1              0              
140750864267837400            11        3:00      0                   6              10        5              0              
140750864267837400            11        4:00      3                   6              10        1              0              
140750864267837400            11        5:00      3                   6              10        3              0              
140750864267837400            11        6:00      0                   0              10        4              0              
140750864267837400            11        7:00      5                   0              8         7              2              
140750864267837400            11        8:00      3                   0              9         2              1              
140750864267837400            11        9:00      5                   2              10        1              0              
140750864267837400            11        10:00     3                   4              10        1              0              
140750864267837400            11        11:00     3                   4              10        3              0              
140750864267837400            11        12:00     5                   9              10        0              0              
140750864267837400            11        13:00     0                   7              10        2              0              
140750864267837400            11        14:00     4                   8              10        3              0              
140750864267837400            11        15:00     3                   7              10        4              0              
140750864267837400            11        16:00     4                   5              10        5              0              
140750864267837400            11        17:00     0                   3              10        2              0              
140750864267837400            11        18:00     2                   4              10        1              0              
140750864267837400            11        19:00     1                   4              10        1              0              
140750864267837400            11        20:00     5                   8              10        1              0              
140750864267837400            11        21:00     4                   11             10        1              0              
140750864267837400            11        22:00     2                   11             10        0              0              
140750864267837400            11        23:00     3                   12             10        2              0              
140750864267837400            12        0:00      4                   13             10        2              0              
140750864267837400            12        1:00      3                   16             10        0              0              
140750864267837400            12        2:00      2                   16             10        1              0              
140750864267837400            12        3:00      3                   19             10        0              0              
140750864267837400            12        4:00      3                   22             10        0              0              
140750864267837400            12        5:00      2                   23             10        1              0              
140750864267837400            12        6:00      5                   24             10        4              0              
140750864267837400            12        7:00      3                   24             10        3              0              
140750864267837400            12        8:00      2                   20             10        3              0              
140750864267837400            12        9:00      5                   14             10        7              0              
140750864267837400            12        10:00     5                   13             10        3              0              
140750864267837400            12        11:00     1                   7              10        6              0              
140750864267837400            12        12:00     0                   5              10        1              0              
140750864267837400            12        13:00     4                   3              10        3              0              
140750864267837400            12        14:00     4                   5              10        1              0              
140750864267837400            12        15:00     3                   5              10        2              0              
140750864267837400            12        16:00     2                   6              10        0              0              
140750864267837400            12        17:00     2                   8              10        0              0              
140750864267837400            12        18:00     2                   6              10        4              0              
140750864267837400            12        19:00     1                   3              10        4              0              
140750864267837400            12        20:00     4                   5              10        2              0              
140750864267837400            12        21:00     1                   4              10        2              0              
140750864267837400            12        22:00     2                   5              10        1              0              
140750864267837400            12        23:00     0                   5              10        0              0              
140750864267837400            13        0:00      2                   5              10        2              0              
140750864267837400            13        1:00      5                   9              10        0              0              
140750864267837400            13        2:00      3                   10             10        1              0              
140750864267837400            13        3:00      4                   10             10        3              0              
140750864267837400            13        4:00      1                   9              10        2              0              
140750864267837400            13        5:00      4                   9              10        3              0              
140750864267837400            13        6:00      0                   8              10        1              0              
140750864267837400            13        7:00      3                   7              10        4              0              
140750864267837400            13        8:00      5                   9              10        2              0              
140750864267837400            13        9:00      4                   11             10        2              0              
140750864267837400            13        10:00     0                   8              10        3              0              
140750864267837400            13        11:00     4                   10             10        2              0              
140750864267837400            13        12:00     2                   9              10        3              0              
140750864267837400            13        13:00     4                   8              10        1              0              
140750864267837400            13        14:00     2                   8              10        2              0              
140750864267837400            13        15:00     0                   7              10        1              0              
140750864267837400            13        16:00     1                   8              10        0              0              
140750864267837400            13        17:00     2                   8              10        2              0              
140750864267837400            13        18:00     3                   8              10        3              0              
140750864267837400            13        19:00     4                   10             10        1              0              
140750864267837400            13        20:00     4                   10             10        2              0              
140750864267837400            13        21:00     5                   14             10        1              0              
140750864267837400            13        22:00     2                   15             10        1              0              
140750864267837400            13        23:00     4                   19             10        0              0              
140750864267837400            14        0:00      1                   17             10        1              0              
140750864267837400            14        1:00      0                   13             10        2              0              
140750864267837400            14        2:00      2                   12             10        3              0              
140750864267837400            14        3:00      1                   12             10        1              0              
140750864267837400            14        4:00      0                   8              10        4              0              
140750864267837400            14        5:00      4                   10             10        1              0              
140750864267837400            14        6:00      3                   8              10        3              0              
140750864267837400            14        7:00      4                   10             10        2              0              
140750864267837400            14        8:00      2                   6              10        4              0              
140750864267837400            14        9:00      4                   4              10        3              0              
140750864267837400            14        10:00     1                   3              10        2              0              
140750864267837400            14        11:00     3                   3              10        2              0              
140750864267837400            14        12:00     2                   0              10        5              0              
140750864267837400            14        13:00     1                   0              8         3              2              
140750864267837400            14        14:00     1                   0              6         3              4              
140750864267837400            14        15:00     0                   0              5         1              5              
140750864267837400            14        16:00     5                   0              8         2              2              
140750864267837400            14        17:00     2                   0              9         1              1              
140750864267837400            14        18:00     3                   1              10        1              0              
140750864267837400            14        19:00     0                   0              7         4              3              
140750864267837400            14        20:00     2                   0              7         2              3              
140750864267837400            14        21:00     1                   0              7         1              3              
140750864267837400            14        22:00     1                   0              8         0              2              
140750864267837400            14        23:00     0                   0              8         0              2              
140750864267837400            15        0:00      5                   0              10        2              0              
140750864267837400            15        1:00      2                   1              10        1              0              
140750864267837400            15        2:00      2                   0              10        3              0              
140750864267837400            15        3:00      5                   4              10        1              0              
140750864267837400            15        4:00      2                   4              10        2              0              
140750864267837400            15        5:00      2                   4              10        2              0              
140750864267837400            15        6:00      2                   6              10        0              0              
140750864267837400            15        7:00      4                   9              10        0              0              
140750864267837400            15        8:00      2                   11             10        0              0              
140750864267837400            15        9:00      5                   13             10        3              0              
140750864267837400            15        10:00     5                   15             10        3              0              
140750864267837400            15        11:00     0                   15             10        0              0              
140750864267837400            15        12:00     5                   15             10        5              0              
140750864267837400            15        13:00     3                   13             10        5              0              
140750864267837400            15        14:00     0                   11             10        2              0              
140750864267837400            15        15:00     4                   11             10        2              0              
140750864267837400            15        16:00     5                   14             10        2              0              
140750864267837400            15        17:00     3                   13             10        2              0              
140750864267837400            15        18:00     2                   9              10        5              0              
140750864267837400            15        19:00     3                   6              10        2              0              
140750864267837400            15        20:00     1                   5              10        1              0              
140750864267837400            15        21:00     2                   3              10        2              0              
140750864267837400            15        22:00     3                   6              10        0              0              
140750864267837400            15        23:00     3                   7              10        2              0              
