Sim_N                         Day       Time      New_Patients        Waiting        Assigned  Discharged     Beds_Avail_EOH 
9066712705987590423           1         0:00      3                   0              3         0              9              
9066712705987590423           1         1:00      2                   0              4         1              8              
9066712705987590423           1         2:00      5                   0              9         0              3              
9066712705987590423           1         3:00      1                   0              9         1              3              
9066712705987590423           1         4:00      1                   0              8         2              4              
9066712705987590423           1         5:00      1                   0              8         1              4              
9066712705987590423           1         6:00      3                   0              9         2              3              
9066712705987590423           1         7:00      0                   0              7         2              5              
9066712705987590423           1         8:00      1                   0              8         0              4              
9066712705987590423           1         9:00      0                   0              8         0              4              
9066712705987590423           1         10:00     3                   0              10        1              2              
9066712705987590423           1         11:00     4                   0              12        2              0              
9066712705987590423           1         12:00     5                   3              12        2              0              
9066712705987590423           1         13:00     5                   6              12        2              0              
9066712705987590423           1         14:00     2                   7              12        1              0              
9066712705987590423           1         15:00     2                   7              12        2              0              
9066712705987590423           1         16:00     2                   9              12        0              0              
9066712705987590423           1         17:00     5                   12             12        2              0              
9066712705987590423           1         18:00     3                   14             12        1              0              
9066712705987590423           1         19:00     5                   14             12        5              0              
9066712705987590423           1         20:00     0                   13             12        1              0              
9066712705987590423           1         21:00     3                   14             12        2              0              
9066712705987590423           1         22:00     4                   16             12        2              0              
9066712705987590423           1         23:00     0                   13             12        3              0              
9066712705987590423           2         0:00      5                   14             12        3              0              
9066712705987590423           2         1:00      4                   15             12        3              0              
9066712705987590423           2         2:00      3                   14             12        4              0              
9066712705987590423           2         3:00      2                   11             12        5              0              
9066712705987590423           2         4:00      3                   10             12        4              0              
9066712705987590423           2         5:00      3                   12             12        1              0              
9066712705987590423           2         6:00      2                   9              12        5              0              
9066712705987590423           2         7:00      2                   9              12        2              0              
9066712705987590423           2         8:00      4                   12             12        1              0              
9066712705987590423           2         9:00      4                   13             12        3              0              
9066712705987590423           2         10:00     1                   13             12        1              0              
9066712705987590423           2         11:00     3                   14             12        2              0              
9066712705987590423           2         12:00     2                   16             12        0              0              
9066712705987590423           2         13:00     0                   11             12        5              0              
9066712705987590423           2         14:00     5                   15             12        1              0              
9066712705987590423           2         15:00     0                   13             12        2              0              
9066712705987590423           2         16:00     5                   16             12        2              0              
9066712705987590423           2         17:00     1                   16             12        1              0              
9066712705987590423           2         18:00     1                   16             12        1              0              
9066712705987590423           2         19:00     4                   15             12        5              0              
9066712705987590423           2         20:00     3                   16             12        2              0              
9066712705987590423           2         21:00     3                   17             12        2              0              
9066712705987590423           2         22:00     5                   20             12        2              0              
9066712705987590423           2         23:00     1                   21             12        0              0              
9066712705987590423           3         0:00      0                   19             12        2              0              
9066712705987590423           3         1:00      4                   20             12        2              0              
9066712705987590423           3         2:00      4                   18             12        6              0              
9066712705987590423           3         3:00      0                   16             12        2              0              
9066712705987590423           3         4:00      3                   17             12        2              0              
9066712705987590423           3         5:00      5                   20             12        2              0              
9066712705987590423           3         6:00      5                   21             12        4              0              
9066712705987590423           3         7:00      5                   23             12        3              0              
9066712705987590423           3         8:00      1                   21             12        3              0              
9066712705987590423           3         9:00      0                   16             12        5              0              
9066712705987590423           3         10:00     2                   14             12        4              0              
9066712705987590423           3         11:00     3                   16             12        1              0              
9066712705987590423           3         12:00     3                   18             12        1              0              
9066712705987590423           3         13:00     4                   21             12        1              0              
9066712705987590423           3         14:00     5                   21             12        5              0              
9066712705987590423           3         15:00     4                   25             12        0              0              
9066712705987590423           3         16:00     4                   25             12        4              0              
9066712705987590423           3         17:00     4                   25             12        4              0              
9066712705987590423           3         18:00     3                   21             12        7              0              
9066712705987590423           3         19:00     4                   23             12        2              0              
9066712705987590423           3         20:00     1                   23             12        1              0              
9066712705987590423           3         21:00     2                   22             12        3              0              
9066712705987590423           3         22:00     1                   23             12        0              0              
9066712705987590423           3         23:00     5                   26             12        2              0              
9066712705987590423           4         0:00      5                   25             12        6              0              
9066712705987590423           4         1:00      3                   28             12        0              0              
9066712705987590423           4         2:00      1                   26             12        3              0              
9066712705987590423           4         3:00      0                   23             12        2              0              
9066712705987590423           4         4:00      0                   18             12        5              0              
9066712705987590423           4         5:00      0                   17             12        1              0              
9066712705987590423           4         6:00      1                   15             12        0              0              
9066712705987590423           4         7:00      4                   17             12        0              0              
9066712705987590423           4         8:00      4                   18             12        2              0              
9066712705987590423           4         9:00      0                   17             12        1              0              
9066712705987590423           4         10:00     1                   15             12        2              0              
9066712705987590423           4         11:00     5                   13             12        6              0              
9066712705987590423           4         12:00     4                   15             12        2              0              
9066712705987590423           4         13:00     1                   14             12        1              0              
9066712705987590423           4         14:00     1                   12             12        2              0              
9066712705987590423           4         15:00     3                   13             12        2              0              
9066712705987590423           4         16:00     5                   15             12        2              0              
9066712705987590423           4         17:00     4                   17             12        2              0              
9066712705987590423           4         18:00     3                   18             12        2              0              
9066712705987590423           4         19:00     0                   17             12        1              0              
9066712705987590423           4         20:00     1                   15             12        3              0              
9066712705987590423           4         21:00     0                   13             12        2              0              
9066712705987590423           4         22:00     1                   13             12        1              0              
9066712705987590423           4         23:00     3                   13             12        3              0              
9066712705987590423           5         0:00      2                   12             12        3              0              
9066712705987590423           5         1:00      1                   13             12        0              0              
9066712705987590423           5         2:00      3                   12             12        4              0              
9066712705987590423           5         3:00      4                   16             12        0              0              
9066712705987590423           5         4:00      1                   16             12        1              0              
9066712705987590423           5         5:00      3                   15             12        4              0              
9066712705987590423           5         6:00      3                   17             12        1              0              
9066712705987590423           5         7:00      3                   16             12        3              0              
9066712705987590423           5         8:00      3                   17             12        2              0              
9066712705987590423           5         9:00      5                   19             12        3              0              
9066712705987590423           5         10:00     0                   17             12        2              0              
9066712705987590423           5         11:00     4                   18             12        3              0              
9066712705987590423           5         12:00     4                   18             12        4              0              
9066712705987590423           5         13:00     4                   21             12        1              0              
9066712705987590423           5         14:00     1                   19             12        3              0              
9066712705987590423           5         15:00     4                   21             12        2              0              
9066712705987590423           5         16:00     4                   24             12        1              0              
9066712705987590423           5         17:00     2                   24             12        2              0              
9066712705987590423           5         18:00     1                   21             12        4              0              
9066712705987590423           5         19:00     1                   19             12        3              0              
9066712705987590423           5         20:00     4                   15             12        7              0              
9066712705987590423           5         21:00     2                   14             12        3              0              
9066712705987590423           5         22:00     2                   15             12        1              0              
9066712705987590423           5         23:00     1                   13             12        3              0              
9066712705987590423           6         0:00      3                   15             12        1              0              
9066712705987590423           6         1:00      3                   17             12        1              0              
9066712705987590423           6         2:00      4                   17             12        3              0              
9066712705987590423           6         3:00      3                   19             12        1              0              
9066712705987590423           6         4:00      4                   22             12        1              0              
9066712705987590423           6         5:00      0                   21             12        1              0              
9066712705987590423           6         6:00      1                   17             12        5              0              
9066712705987590423           6         7:00      3                   15             12        5              0              
9066712705987590423           6         8:00      4                   15             12        4              0              
9066712705987590423           6         9:00      3                   17             12        1              0              
9066712705987590423           6         10:00     1                   16             12        2              0              
9066712705987590423           6         11:00     4                   19             12        1              0              
9066712705987590423           6         12:00     2                   20             12        1              0              
9066712705987590423           6         13:00     3                   23             12        0              0              
9066712705987590423           6         14:00     4                   24             12        2              0              
9066712705987590423           6         15:00     1                   24             12        1              0              
9066712705987590423           6         16:00     1                   21             12        4              0              
9066712705987590423           6         17:00     0                   17             12        4              0              
9066712705987590423           6         18:00     0                   13             12        4              0              
9066712705987590423           6         19:00     4                   12             12        4              0              
9066712705987590423           6         20:00     4                   14             12        1              0              
9066712705987590423           6         21:00     0                   13             12        0              0              
9066712705987590423           6         22:00     4                   16             12        0              0              
9066712705987590423           6         23:00     4                   17             12        2              0              
9066712705987590423           7         0:00      3                   19             12        1              0              
9066712705987590423           7         1:00      0                   13             12        6              0              
9066712705987590423           7         2:00      0                   11             12        2              0              
9066712705987590423           7         3:00      0                   11             12        0              0              
9066712705987590423           7         4:00      3                   13             12        1              0              
9066712705987590423           7         5:00      4                   14             12        2              0              
9066712705987590423           7         6:00      2                   14             12        2              0              
9066712705987590423           7         7:00      1                   13             12        1              0              
9066712705987590423           7         8:00      4                   14             12        1              0              
9066712705987590423           7         9:00      4                   15             12        3              0              
9066712705987590423           7         10:00     0                   12             12        3              0              
9066712705987590423           7         11:00     2                   11             12        3              0              
9066712705987590423           7         12:00     3                   11             12        3              0              
9066712705987590423           7         13:00     1                   9              12        3              0              
9066712705987590423           7         14:00     4                   9              12        4              0              
9066712705987590423           7         15:00     5                   14             12        0              0              
9066712705987590423           7         16:00     2                   15             12        1              0              
9066712705987590423           7         17:00     2                   14             12        3              0              
9066712705987590423           7         18:00     1                   12             12        3              0              
9066712705987590423           7         19:00     5                   16             12        1              0              
9066712705987590423           7         20:00     2                   16             12        2              0              
9066712705987590423           7         21:00     5                   20             12        1              0              
9066712705987590423           7         22:00     2                   19             12        3              0              
9066712705987590423           7         23:00     5                   23             12        1              0              
9066712705987590423           8         0:00      0                   23             12        0              0              
9066712705987590423           8         1:00      1                   24             12        0              0              
9066712705987590423           8         2:00      2                   25             12        1              0              
9066712705987590423           8         3:00      2                   26             12        0              0              
9066712705987590423           8         4:00      1                   24             12        0              0              
9066712705987590423           8         5:00      3                   24             12        3              0              
9066712705987590423           8         6:00      0                   16             12        8              0              
9066712705987590423           8         7:00      4                   16             12        3              0              
9066712705987590423           8         8:00      1                   14             12        3              0              
9066712705987590423           8         9:00      5                   16             12        2              0              
9066712705987590423           8         10:00     2                   14             12        2              0              
9066712705987590423           8         11:00     0                   10             12        4              0              
9066712705987590423           8         12:00     4                   4              12        9              0              
9066712705987590423           8         13:00     5                   6              12        3              0              
9066712705987590423           8         14:00     3                   7              12        2              0              
9066712705987590423           8         15:00     4                   10             12        1              0              
9066712705987590423           8         16:00     1                   10             12        1              0              
9066712705987590423           8         17:00     5                   10             12        5              0              
9066712705987590423           8         18:00     2                   11             12        1              0              
9066712705987590423           8         19:00     1                   12             12        0              0              
9066712705987590423           8         20:00     1                   8              12        4              0              
9066712705987590423           8         21:00     2                   8              12        2              0              
9066712705987590423           8         22:00     5                   8              12        4              0              
9066712705987590423           8         23:00     5                   11             12        2              0              
9066712705987590423           9         0:00      3                   13             12        1              0              
9066712705987590423           9         1:00      3                   11             12        5              0              
9066712705987590423           9         2:00      2                   9              12        4              0              
9066712705987590423           9         3:00      1                   7              12        3              0              
9066712705987590423           9         4:00      1                   6              12        2              0              
9066712705987590423           9         5:00      5                   5              12        4              0              
9066712705987590423           9         6:00      3                   5              12        3              0              
9066712705987590423           9         7:00      0                   3              12        2              0              
9066712705987590423           9         8:00      0                   1              12        2              0              
9066712705987590423           9         9:00      4                   1              12        4              0              
9066712705987590423           9         10:00     1                   0              10        4              2              
9066712705987590423           9         11:00     1                   0              7         4              5              
9066712705987590423           9         12:00     0                   0              6         1              6              
9066712705987590423           9         13:00     3                   0              5         4              7              
9066712705987590423           9         14:00     2                   0              5         2              7              
9066712705987590423           9         15:00     4                   0              8         1              4              
9066712705987590423           9         16:00     4                   0              8         3              4              
9066712705987590423           9         17:00     0                   0              5         3              7              
9066712705987590423           9         18:00     5                   0              7         2              5              
9066712705987590423           9         19:00     1                   0              7         1              5              
9066712705987590423           9         20:00     0                   0              6         1              6              
9066712705987590423           9         21:00     0                   0              6         0              6              
9066712705987590423           9         22:00     5                   0              8         3              4              
9066712705987590423           9         23:00     0                   0              7         1              5              
9066712705987590423           10        0:00      5                   0              12        0              0              
9066712705987590423           10        1:00      1                   0              11        2              1              
9066712705987590423           10        2:00      0                   0              8         3              4              
9066712705987590423           10        3:00      0                   0              8         0              4              
9066712705987590423           10        4:00      3                   0              10        1              2              
9066712705987590423           10        5:00      4                   1              12        1              0              
9066712705987590423           10        6:00      2                   0              12        3              0              
9066712705987590423           10        7:00      2                   0              10        4              2              
9066712705987590423           10        8:00      0                   0              9         1              3              
9066712705987590423           10        9:00      0                   0              6         3              6              
9066712705987590423           10        10:00     2                   0              8         0              4              
9066712705987590423           10        11:00     5                   0              12        0              0              
9066712705987590423           10        12:00     3                   0              10        5              2              
9066712705987590423           10        13:00     0                   0              7         3              5              
9066712705987590423           10        14:00     3                   0              8         2              4              
9066712705987590423           10        15:00     1                   0              9         0              3              
9066712705987590423           10        16:00     3                   0              10        2              2              
9066712705987590423           10        17:00     1                   0              7         4              5              
9066712705987590423           10        18:00     3                   0              7         3              5              
9066712705987590423           10        19:00     5                   0              10        2              2              
9066712705987590423           10        20:00     4                   0              10        4              2              
9066712705987590423           10        21:00     3                   0              11        2              1              
9066712705987590423           10        22:00     5                   2              12        2              0              
9066712705987590423           10        23:00     4                   5              12        1              0              
9066712705987590423           11        0:00      1                   3              12        3              0              
9066712705987590423           11        1:00      4                   3              12        4              0              
9066712705987590423           11        2:00      0                   1              12        2              0              
9066712705987590423           11        3:00      1                   0              10        4              2              
9066712705987590423           11        4:00      3                   0              10        3              2              
9066712705987590423           11        5:00      4                   0              10        4              2              
9066712705987590423           11        6:00      2                   0              11        1              1              
9066712705987590423           11        7:00      3                   0              11        3              1              
9066712705987590423           11        8:00      0                   0              10        1              2              
9066712705987590423           11        9:00      2                   0              10        2              2              
9066712705987590423           11        10:00     1                   0              9         2              3              
9066712705987590423           11        11:00     3                   0              10        2              2              
9066712705987590423           11        12:00     3                   0              11        2              1              
9066712705987590423           11        13:00     0                   0              10        1              2              
9066712705987590423           11        14:00     2                   0              8         4              4              
9066712705987590423           11        15:00     4                   0              11        0              1              
9066712705987590423           11        16:00     2                   0              12        1              0              
9066712705987590423           11        17:00     1                   0              11        2              1              
9066712705987590423           11        18:00     3                   0              10        4              2              
9066712705987590423           11        19:00     2                   0              10        2              2              
9066712705987590423           11        20:00     1                   0              11        0              1              
9066712705987590423           11        21:00     2                   0              12        1              0              
9066712705987590423           11        22:00     3                   0              12        3              0              
9066712705987590423           11        23:00     2                   0              12        2              0              
9066712705987590423           12        0:00      4                   2              12        2              0              
9066712705987590423           12        1:00      3                   4              12        1              0              
9066712705987590423           12        2:00      1                   5              12        0              0              
9066712705987590423           12        3:00      1                   5              12        1              0              
9066712705987590423           12        4:00      3                   4              12        4              0              
9066712705987590423           12        5:00      5                   8              12        0              0              
9066712705987590423           12        6:00      2                   8              12        2              0              
9066712705987590423           12        7:00      4                   11             12        1              0              
9066712705987590423           12        8:00      2                   12             12        1              0              
9066712705987590423           12        9:00      0                   12             12        0              0              
9066712705987590423           12        10:00     1                   12             12        1              0              
9066712705987590423           12        11:00     4                   15             12        1              0              
9066712705987590423           12        12:00     0                   11             12        4              0              
9066712705987590423           12        13:00     3                   14             12        0              0              
9066712705987590423           12        14:00     5                   16             12        3              0              
9066712705987590423           12        15:00     5                   19             12        2              0              
9066712705987590423           12        16:00     4                   21             12        2              0              
9066712705987590423           12        17:00     2                   20             12        3              0              
9066712705987590423           12        18:00     1                   19             12        2              0              
9066712705987590423           12        19:00     3                   20             12        2              0              
9066712705987590423           12        20:00     5                   24             12        1              0              
9066712705987590423           12        21:00     1                   22             12        3              0              
9066712705987590423           12        22:00     2                   20             12        4              0              
9066712705987590423           12        23:00     0                   14             12        6              0              
9066712705987590423           13        0:00      3                   14             12        3              0              
9066712705987590423           13        1:00      5                   16             12        3              0              
9066712705987590423           13        2:00      1                   13             12        4              0              
9066712705987590423           13        3:00      2                   12             12        3              0              
9066712705987590423           13        4:00      5                   15             12        2              0              
9066712705987590423           13        5:00      1                   15             12        1              0              
9066712705987590423           13        6:00      1                   13             12        3              0              
9066712705987590423           13        7:00      5                   16             12        2              0              
9066712705987590423           13        8:00      5                   20             12        1              0              
9066712705987590423           13        9:00      4                   18             12        4              0              
9066712705987590423           13        10:00     3                   18             12        3              0              
9066712705987590423           13        11:00     4                   18             12        4              0              
9066712705987590423           13        12:00     1                   15             12        4              0              
9066712705987590423           13        13:00     3                   13             12        4              0              
9066712705987590423           13        14:00     0                   11             12        2              0              
9066712705987590423           13        15:00     0                   8              12        3              0              
9066712705987590423           13        16:00     4                   9              12        2              0              
9066712705987590423           13        17:00     4                   9              12        4              0              
9066712705987590423           13        18:00     0                   6              12        3              0              
9066712705987590423           13        19:00     1                   5              12        2              0              
9066712705987590423           13        20:00     1                   2              12        4              0              
9066712705987590423           13        21:00     1                   0              12        3              0              
9066712705987590423           13        22:00     5                   4              12        1              0              
9066712705987590423           13        23:00     2                   4              12        2              0              
9066712705987590423           14        0:00      0                   0              10        6              2              
9066712705987590423           14        1:00      1                   0              8         2              4              
9066712705987590423           14        2:00      1                   0              7         2              5              
9066712705987590423           14        3:00      0                   0              7         0              5              
9066712705987590423           14        4:00      1                   0              8         0              4              
9066712705987590423           14        5:00      2                   0              6         4              6              
9066712705987590423           14        6:00      2                   0              5         3              7              
9066712705987590423           14        7:00      3                   0              7         1              5              
9066712705987590423           14        8:00      0                   0              6         1              6              
9066712705987590423           14        9:00      1                   0              4         3              8              
9066712705987590423           14        10:00     5                   0              7         1              5              
9066712705987590423           14        11:00     2                   0              8         1              4              
9066712705987590423           14        12:00     2                   0              6         4              6              
9066712705987590423           14        13:00     3                   0              9         0              3              
9066712705987590423           14        14:00     4                   0              10        2              2              
9066712705987590423           14        15:00     4                   1              12        1              0              
9066712705987590423           14        16:00     0                   0              10        3              2              
9066712705987590423           14        17:00     2                   0              9         3              3              
9066712705987590423           14        18:00     1                   0              9         1              3              
9066712705987590423           14        19:00     3                   0              11        1              1              
9066712705987590423           14        20:00     1                   0              10        2              2              
9066712705987590423           14        21:00     1                   0              10        1              2              
9066712705987590423           14        22:00     3                   0              11        2              1              
9066712705987590423           14        23:00     0                   0              9         2              3              
9066712705987590423           15        0:00      2                   0              10        1              2              
9066712705987590423           15        1:00      1                   0              10        1              2              
9066712705987590423           15        2:00      2                   0              9         3              3              
9066712705987590423           15        3:00      1                   0              9         1              3              
9066712705987590423           15        4:00      5                   0              11        3              1              
9066712705987590423           15        5:00      2                   0              8         5              4              
9066712705987590423           15        6:00      5                   0              11        1              1              
9066712705987590423           15        7:00      5                   2              12        1              0              
9066712705987590423           15        8:00      4                   3              12        3              0              
9066712705987590423           15        9:00      1                   2              12        2              0              
9066712705987590423           15        10:00     2                   0              10        6              2              
9066712705987590423           15        11:00     0                   0              8         2              4              
9066712705987590423           15        12:00     0                   0              7         1              5              
9066712705987590423           15        13:00     0                   0              5         2              7              
9066712705987590423           15        14:00     1                   0              6         0              6              
9066712705987590423           15        15:00     1                   0              5         2              7              
9066712705987590423           15        16:00     1                   0              3         3              9              
9066712705987590423           15        17:00     0                   0              2         1              10             
9066712705987590423           15        18:00     2                   0              2         2              10             
9066712705987590423           15        19:00     5                   0              7         0              5              
9066712705987590423           15        20:00     4                   0              8         2              4              
9066712705987590423           15        21:00     1                   0              7         2              5              
9066712705987590423           15        22:00     2                   0              7         2              5              
9066712705987590423           15        23:00     1                   0              6         2              6              
