Sim_N                         Day       Time      New_Patients        Waiting        Assigned  Discharged     Beds_Avail_EOH 
381794426152024078            1         0:00      2                   0              2         0              10             
381794426152024078            1         1:00      3                   0              4         1              8              
381794426152024078            1         2:00      5                   0              7         2              5              
381794426152024078            1         3:00      1                   0              7         1              5              
381794426152024078            1         4:00      1                   0              8         0              4              
381794426152024078            1         5:00      1                   0              8         1              4              
381794426152024078            1         6:00      1                   0              8         1              4              
381794426152024078            1         7:00      3                   0              9         2              3              
381794426152024078            1         8:00      4                   0              9         4              3              
381794426152024078            1         9:00      4                   0              9         4              3              
381794426152024078            1         10:00     1                   0              7         3              5              
381794426152024078            1         11:00     4                   0              9         1              3              
381794426152024078            1         12:00     2                   0              11        0              1              
381794426152024078            1         13:00     4                   1              12        2              0              
381794426152024078            1         14:00     0                   0              11        2              1              
381794426152024078            1         15:00     3                   0              11        3              1              
381794426152024078            1         16:00     4                   1              12        2              0              
381794426152024078            1         17:00     1                   0              12        2              0              
381794426152024078            1         18:00     4                   2              12        2              0              
381794426152024078            1         19:00     2                   2              12        2              0              
381794426152024078            1         20:00     3                   4              12        1              0              
381794426152024078            1         21:00     0                   0              12        4              0              
381794426152024078            1         22:00     3                   1              12        2              0              
381794426152024078            1         23:00     3                   0              11        5              1              
381794426152024078            2         0:00      2                   0              10        3              2              
381794426152024078            2         1:00      4                   0              11        3              1              
381794426152024078            2         2:00      0                   0              10        1              2              
381794426152024078            2         3:00      0                   0              9         1              3              
381794426152024078            2         4:00      1                   0              8         2              4              
381794426152024078            2         5:00      4                   0              11        1              1              
381794426152024078            2         6:00      0                   0              9         2              3              
381794426152024078            2         7:00      5                   0              10        3              2              
381794426152024078            2         8:00      2                   0              9         3              3              
381794426152024078            2         9:00      0                   0              7         2              5              
381794426152024078            2         10:00     0                   0              6         1              6              
381794426152024078            2         11:00     0                   0              5         1              7              
381794426152024078            2         12:00     2                   0              6         1              6              
381794426152024078            2         13:00     3                   0              8         1              4              
381794426152024078            2         14:00     4                   0              10        2              2              
381794426152024078            2         15:00     1                   0              9         2              3              
381794426152024078            2         16:00     1                   0              6         4              6              
381794426152024078            2         17:00     1                   0              7         0              5              
381794426152024078            2         18:00     5                   0              12        0              0              
381794426152024078            2         19:00     4                   3              12        1              0              
381794426152024078            2         20:00     0                   0              10        5              2              
381794426152024078            2         21:00     4                   2              12        0              0              
381794426152024078            2         22:00     3                   3              12        2              0              
381794426152024078            2         23:00     3                   6              12        0              0              
381794426152024078            3         0:00      2                   6              12        1              0              
381794426152024078            3         1:00      1                   4              12        3              0              
381794426152024078            3         2:00      2                   6              12        0              0              
381794426152024078            3         3:00      3                   7              12        2              0              
381794426152024078            3         4:00      2                   6              12        3              0              
381794426152024078            3         5:00      1                   2              12        5              0              
381794426152024078            3         6:00      1                   1              12        2              0              
381794426152024078            3         7:00      1                   0              12        2              0              
381794426152024078            3         8:00      1                   0              10        3              2              
381794426152024078            3         9:00      0                   0              6         4              6              
381794426152024078            3         10:00     1                   0              6         1              6              
381794426152024078            3         11:00     0                   0              5         1              7              
381794426152024078            3         12:00     0                   0              4         1              8              
381794426152024078            3         13:00     3                   0              5         1              7              
381794426152024078            3         14:00     1                   0              4         2              8              
381794426152024078            3         15:00     1                   0              4         1              8              
381794426152024078            3         16:00     1                   0              5         0              7              
381794426152024078            3         17:00     3                   0              5         3              7              
381794426152024078            3         18:00     5                   0              10        0              2              
381794426152024078            3         19:00     1                   0              7         4              5              
381794426152024078            3         20:00     4                   0              9         2              3              
381794426152024078            3         21:00     3                   0              11        1              1              
381794426152024078            3         22:00     1                   0              11        1              1              
381794426152024078            3         23:00     3                   0              12        1              0              
381794426152024078            4         0:00      2                   0              12        2              0              
381794426152024078            4         1:00      3                   1              12        2              0              
381794426152024078            4         2:00      5                   3              12        3              0              
381794426152024078            4         3:00      3                   3              12        2              0              
381794426152024078            4         4:00      2                   3              12        1              0              
381794426152024078            4         5:00      0                   3              12        0              0              
381794426152024078            4         6:00      0                   0              11        4              1              
381794426152024078            4         7:00      4                   0              12        2              0              
381794426152024078            4         8:00      1                   0              11        2              1              
381794426152024078            4         9:00      2                   1              12        0              0              
381794426152024078            4         10:00     1                   1              12        1              0              
381794426152024078            4         11:00     2                   1              12        1              0              
381794426152024078            4         12:00     3                   2              12        2              0              
381794426152024078            4         13:00     0                   0              9         5              3              
381794426152024078            4         14:00     4                   0              12        1              0              
381794426152024078            4         15:00     0                   0              9         3              3              
381794426152024078            4         16:00     3                   0              8         4              4              
381794426152024078            4         17:00     0                   0              6         2              6              
381794426152024078            4         18:00     0                   0              4         2              8              
381794426152024078            4         19:00     3                   0              7         0              5              
381794426152024078            4         20:00     2                   0              8         1              4              
381794426152024078            4         21:00     5                   0              11        1              1              
381794426152024078            4         22:00     1                   0              7         5              5              
381794426152024078            4         23:00     5                   0              11        1              1              
381794426152024078            5         0:00      4                   0              11        4              1              
381794426152024078            5         1:00      2                   0              9         4              3              
381794426152024078            5         2:00      2                   0              9         2              3              
381794426152024078            5         3:00      1                   0              7         3              5              
381794426152024078            5         4:00      4                   0              10        1              2              
381794426152024078            5         5:00      1                   0              8         3              4              
381794426152024078            5         6:00      1                   0              6         3              6              
381794426152024078            5         7:00      2                   0              8         0              4              
381794426152024078            5         8:00      3                   0              8         3              4              
381794426152024078            5         9:00      1                   0              8         1              4              
381794426152024078            5         10:00     0                   0              6         2              6              
381794426152024078            5         11:00     5                   0              9         2              3              
381794426152024078            5         12:00     0                   0              9         0              3              
381794426152024078            5         13:00     3                   0              8         4              4              
381794426152024078            5         14:00     3                   0              11        0              1              
381794426152024078            5         15:00     4                   0              12        2              0              
381794426152024078            5         16:00     1                   0              10        3              2              
381794426152024078            5         17:00     1                   0              9         2              3              
381794426152024078            5         18:00     1                   0              9         1              3              
381794426152024078            5         19:00     5                   0              12        2              0              
381794426152024078            5         20:00     4                   2              12        2              0              
381794426152024078            5         21:00     0                   0              12        2              0              
381794426152024078            5         22:00     0                   0              9         3              3              
381794426152024078            5         23:00     2                   0              10        1              2              
381794426152024078            6         0:00      3                   1              12        0              0              
381794426152024078            6         1:00      4                   3              12        2              0              
381794426152024078            6         2:00      4                   5              12        2              0              
381794426152024078            6         3:00      3                   7              12        1              0              
381794426152024078            6         4:00      3                   8              12        2              0              
381794426152024078            6         5:00      2                   7              12        2              0              
381794426152024078            6         6:00      2                   8              12        1              0              
381794426152024078            6         7:00      3                   7              12        4              0              
381794426152024078            6         8:00      1                   6              12        2              0              
381794426152024078            6         9:00      2                   4              12        4              0              
381794426152024078            6         10:00     2                   3              12        3              0              
381794426152024078            6         11:00     1                   3              12        1              0              
381794426152024078            6         12:00     5                   4              12        4              0              
381794426152024078            6         13:00     5                   7              12        2              0              
381794426152024078            6         14:00     1                   6              12        2              0              
381794426152024078            6         15:00     5                   8              12        2              0              
381794426152024078            6         16:00     5                   10             12        2              0              
381794426152024078            6         17:00     2                   9              12        3              0              
381794426152024078            6         18:00     4                   10             12        3              0              
381794426152024078            6         19:00     2                   10             12        1              0              
381794426152024078            6         20:00     4                   12             12        2              0              
381794426152024078            6         21:00     2                   12             12        2              0              
381794426152024078            6         22:00     4                   11             12        5              0              
381794426152024078            6         23:00     5                   15             12        1              0              
381794426152024078            7         0:00      0                   15             12        0              0              
381794426152024078            7         1:00      0                   13             12        2              0              
381794426152024078            7         2:00      0                   8              12        5              0              
381794426152024078            7         3:00      4                   11             12        1              0              
381794426152024078            7         4:00      2                   8              12        5              0              
381794426152024078            7         5:00      0                   7              12        1              0              
381794426152024078            7         6:00      5                   9              12        3              0              
381794426152024078            7         7:00      0                   5              12        4              0              
381794426152024078            7         8:00      0                   3              12        2              0              
381794426152024078            7         9:00      1                   1              12        3              0              
381794426152024078            7         10:00     1                   1              12        1              0              
381794426152024078            7         11:00     0                   0              9         4              3              
381794426152024078            7         12:00     0                   0              8         1              4              
381794426152024078            7         13:00     4                   0              11        1              1              
381794426152024078            7         14:00     0                   0              9         2              3              
381794426152024078            7         15:00     4                   0              12        0              0              
381794426152024078            7         16:00     1                   0              9         4              3              
381794426152024078            7         17:00     3                   0              8         4              4              
381794426152024078            7         18:00     5                   0              12        1              0              
381794426152024078            7         19:00     1                   0              11        2              1              
381794426152024078            7         20:00     5                   2              12        2              0              
381794426152024078            7         21:00     5                   4              12        3              0              
381794426152024078            7         22:00     0                   2              12        2              0              
381794426152024078            7         23:00     3                   3              12        2              0              
381794426152024078            8         0:00      0                   0              10        5              2              
381794426152024078            8         1:00      3                   0              7         6              5              
381794426152024078            8         2:00      3                   0              10        0              2              
381794426152024078            8         3:00      0                   0              9         1              3              
381794426152024078            8         4:00      2                   0              9         2              3              
381794426152024078            8         5:00      0                   0              8         1              4              
381794426152024078            8         6:00      1                   0              7         2              5              
381794426152024078            8         7:00      3                   0              7         3              5              
381794426152024078            8         8:00      2                   0              8         1              4              
381794426152024078            8         9:00      5                   0              10        3              2              
381794426152024078            8         10:00     1                   0              10        1              2              
381794426152024078            8         11:00     5                   2              12        1              0              
381794426152024078            8         12:00     1                   0              10        5              2              
381794426152024078            8         13:00     0                   0              6         4              6              
381794426152024078            8         14:00     4                   0              7         2              5              
381794426152024078            8         15:00     4                   0              10        1              2              
381794426152024078            8         16:00     0                   0              8         2              4              
381794426152024078            8         17:00     5                   0              11        2              1              
381794426152024078            8         18:00     3                   1              12        1              0              
381794426152024078            8         19:00     3                   0              11        5              1              
381794426152024078            8         20:00     3                   0              12        2              0              
381794426152024078            8         21:00     3                   0              10        4              2              
381794426152024078            8         22:00     4                   0              11        3              1              
381794426152024078            8         23:00     1                   0              10        2              2              
381794426152024078            9         0:00      0                   0              8         2              4              
381794426152024078            9         1:00      4                   0              10        2              2              
381794426152024078            9         2:00      1                   0              11        0              1              
381794426152024078            9         3:00      4                   1              12        2              0              
381794426152024078            9         4:00      3                   0              11        5              1              
381794426152024078            9         5:00      3                   0              11        3              1              
381794426152024078            9         6:00      1                   0              7         5              5              
381794426152024078            9         7:00      5                   0              10        2              2              
381794426152024078            9         8:00      1                   0              9         2              3              
381794426152024078            9         9:00      1                   0              9         1              3              
381794426152024078            9         10:00     3                   0              11        1              1              
381794426152024078            9         11:00     5                   0              12        4              0              
381794426152024078            9         12:00     2                   0              11        3              1              
381794426152024078            9         13:00     2                   0              12        1              0              
381794426152024078            9         14:00     0                   0              12        0              0              
381794426152024078            9         15:00     1                   1              12        0              0              
381794426152024078            9         16:00     4                   1              12        3              0              
381794426152024078            9         17:00     5                   1              12        4              0              
381794426152024078            9         18:00     2                   0              12        3              0              
381794426152024078            9         19:00     5                   1              12        4              0              
381794426152024078            9         20:00     0                   0              8         5              4              
381794426152024078            9         21:00     5                   0              10        3              2              
381794426152024078            9         22:00     5                   2              12        1              0              
381794426152024078            9         23:00     5                   6              12        0              0              
381794426152024078            10        0:00      3                   5              12        4              0              
381794426152024078            10        1:00      3                   7              12        1              0              
381794426152024078            10        2:00      4                   8              12        3              0              
381794426152024078            10        3:00      4                   9              12        3              0              
381794426152024078            10        4:00      2                   9              12        2              0              
381794426152024078            10        5:00      4                   11             12        2              0              
381794426152024078            10        6:00      3                   9              12        5              0              
381794426152024078            10        7:00      1                   6              12        4              0              
381794426152024078            10        8:00      0                   5              12        1              0              
381794426152024078            10        9:00      5                   4              12        6              0              
381794426152024078            10        10:00     4                   4              12        4              0              
381794426152024078            10        11:00     4                   6              12        1              0              
381794426152024078            10        12:00     3                   8              12        1              0              
381794426152024078            10        13:00     0                   6              12        2              0              
381794426152024078            10        14:00     3                   8              12        1              0              
381794426152024078            10        15:00     1                   8              12        1              0              
381794426152024078            10        16:00     3                   9              12        2              0              
381794426152024078            10        17:00     2                   4              12        6              0              
381794426152024078            10        18:00     4                   4              12        4              0              
381794426152024078            10        19:00     0                   3              12        1              0              
381794426152024078            10        20:00     3                   5              12        1              0              
381794426152024078            10        21:00     3                   7              12        1              0              
381794426152024078            10        22:00     3                   8              12        2              0              
381794426152024078            10        23:00     0                   8              12        0              0              
381794426152024078            11        0:00      5                   11             12        2              0              
381794426152024078            11        1:00      5                   13             12        3              0              
381794426152024078            11        2:00      3                   14             12        1              0              
381794426152024078            11        3:00      5                   15             12        3              0              
381794426152024078            11        4:00      2                   16             12        1              0              
381794426152024078            11        5:00      2                   18             12        0              0              
381794426152024078            11        6:00      4                   18             12        4              0              
381794426152024078            11        7:00      4                   20             12        1              0              
381794426152024078            11        8:00      2                   18             12        4              0              
381794426152024078            11        9:00      3                   18             12        3              0              
381794426152024078            11        10:00     4                   18             12        4              0              
381794426152024078            11        11:00     0                   17             12        1              0              
381794426152024078            11        12:00     5                   19             12        3              0              
381794426152024078            11        13:00     2                   20             12        1              0              
381794426152024078            11        14:00     4                   19             12        3              0              
381794426152024078            11        15:00     3                   20             12        2              0              
381794426152024078            11        16:00     1                   20             12        1              0              
381794426152024078            11        17:00     4                   22             12        1              0              
381794426152024078            11        18:00     5                   24             12        2              0              
381794426152024078            11        19:00     4                   25             12        3              0              
381794426152024078            11        20:00     3                   26             12        2              0              
381794426152024078            11        21:00     2                   24             12        4              0              
381794426152024078            11        22:00     0                   23             12        1              0              
381794426152024078            11        23:00     2                   23             12        2              0              
381794426152024078            12        0:00      4                   24             12        3              0              
381794426152024078            12        1:00      4                   23             12        5              0              
381794426152024078            12        2:00      2                   21             12        4              0              
381794426152024078            12        3:00      4                   18             12        7              0              
381794426152024078            12        4:00      4                   18             12        4              0              
381794426152024078            12        5:00      4                   20             12        1              0              
381794426152024078            12        6:00      2                   20             12        2              0              
381794426152024078            12        7:00      0                   20             12        0              0              
381794426152024078            12        8:00      3                   20             12        3              0              
381794426152024078            12        9:00      0                   16             12        4              0              
381794426152024078            12        10:00     4                   18             12        2              0              
381794426152024078            12        11:00     5                   19             12        4              0              
381794426152024078            12        12:00     3                   21             12        1              0              
381794426152024078            12        13:00     0                   17             12        4              0              
381794426152024078            12        14:00     3                   19             12        1              0              
381794426152024078            12        15:00     1                   17             12        3              0              
381794426152024078            12        16:00     1                   16             12        2              0              
381794426152024078            12        17:00     2                   15             12        3              0              
381794426152024078            12        18:00     3                   16             12        2              0              
381794426152024078            12        19:00     2                   17             12        1              0              
381794426152024078            12        20:00     0                   14             12        3              0              
381794426152024078            12        21:00     5                   18             12        1              0              
381794426152024078            12        22:00     2                   18             12        2              0              
381794426152024078            12        23:00     3                   19             12        1              0              
381794426152024078            13        0:00      5                   22             12        2              0              
381794426152024078            13        1:00      3                   21             12        3              0              
381794426152024078            13        2:00      0                   19             12        2              0              
381794426152024078            13        3:00      5                   21             12        3              0              
381794426152024078            13        4:00      1                   21             12        1              0              
381794426152024078            13        5:00      5                   21             12        5              0              
381794426152024078            13        6:00      1                   20             12        2              0              
381794426152024078            13        7:00      5                   20             12        4              0              
381794426152024078            13        8:00      2                   21             12        1              0              
381794426152024078            13        9:00      2                   22             12        1              0              
381794426152024078            13        10:00     0                   21             12        0              0              
381794426152024078            13        11:00     3                   21             12        1              0              
381794426152024078            13        12:00     1                   20             12        1              0              
381794426152024078            13        13:00     3                   21             12        0              0              
381794426152024078            13        14:00     1                   15             12        6              0              
381794426152024078            13        15:00     0                   15             12        0              0              
381794426152024078            13        16:00     0                   15             12        0              0              
381794426152024078            13        17:00     3                   16             12        2              0              
381794426152024078            13        18:00     2                   14             12        2              0              
381794426152024078            13        19:00     0                   8              12        6              0              
381794426152024078            13        20:00     4                   10             12        1              0              
381794426152024078            13        21:00     4                   9              12        4              0              
381794426152024078            13        22:00     5                   12             12        2              0              
381794426152024078            13        23:00     3                   13             12        2              0              
381794426152024078            14        0:00      4                   14             12        3              0              
381794426152024078            14        1:00      1                   10             12        5              0              
381794426152024078            14        2:00      0                   7              12        3              0              
381794426152024078            14        3:00      4                   8              12        3              0              
381794426152024078            14        4:00      3                   9              12        2              0              
381794426152024078            14        5:00      5                   9              12        5              0              
381794426152024078            14        6:00      4                   12             12        1              0              
381794426152024078            14        7:00      4                   16             12        0              0              
381794426152024078            14        8:00      1                   13             12        4              0              
381794426152024078            14        9:00      2                   13             12        2              0              
381794426152024078            14        10:00     3                   14             12        2              0              
381794426152024078            14        11:00     4                   11             12        7              0              
381794426152024078            14        12:00     5                   11             12        5              0              
381794426152024078            14        13:00     5                   11             12        5              0              
381794426152024078            14        14:00     0                   8              12        3              0              
381794426152024078            14        15:00     3                   9              12        2              0              
381794426152024078            14        16:00     1                   7              12        3              0              
381794426152024078            14        17:00     4                   8              12        3              0              
381794426152024078            14        18:00     5                   7              12        6              0              
381794426152024078            14        19:00     3                   7              12        2              0              
381794426152024078            14        20:00     5                   11             12        0              0              
381794426152024078            14        21:00     0                   10             12        1              0              
381794426152024078            14        22:00     1                   11             12        0              0              
381794426152024078            14        23:00     3                   13             12        0              0              
381794426152024078            15        0:00      0                   13             12        0              0              
381794426152024078            15        1:00      1                   12             12        2              0              
381794426152024078            15        2:00      5                   11             12        6              0              
381794426152024078            15        3:00      3                   9              12        5              0              
381794426152024078            15        4:00      0                   6              12        3              0              
381794426152024078            15        5:00      2                   7              12        1              0              
381794426152024078            15        6:00      1                   6              12        2              0              
381794426152024078            15        7:00      1                   5              12        2              0              
381794426152024078            15        8:00      2                   5              12        2              0              
381794426152024078            15        9:00      4                   6              12        2              0              
381794426152024078            15        10:00     0                   4              12        2              0              
381794426152024078            15        11:00     4                   7              12        1              0              
381794426152024078            15        12:00     4                   7              12        3              0              
381794426152024078            15        13:00     2                   6              12        3              0              
381794426152024078            15        14:00     0                   3              12        3              0              
381794426152024078            15        15:00     1                   3              12        1              0              
381794426152024078            15        16:00     2                   3              12        2              0              
381794426152024078            15        17:00     5                   4              12        4              0              
381794426152024078            15        18:00     5                   7              12        2              0              
381794426152024078            15        19:00     0                   4              12        3              0              
381794426152024078            15        20:00     4                   6              12        1              0              
381794426152024078            15        21:00     5                   10             12        1              0              
381794426152024078            15        22:00     2                   10             12        2              0              
381794426152024078            15        23:00     3                   10             12        3              0              
