Sim_N                         Day       Time      New_Patients        Waiting        Assigned  Discharged     Beds_Avail_EOH 
419557900489555639            1         0:00      4                   0              3         1              9              
419557900489555639            1         1:00      0                   0              2         1              10             
419557900489555639            1         2:00      1                   0              3         0              9              
419557900489555639            1         3:00      4                   0              5         2              7              
419557900489555639            1         4:00      2                   0              6         1              6              
419557900489555639            1         5:00      2                   0              8         0              4              
419557900489555639            1         6:00      2                   0              9         1              3              
419557900489555639            1         7:00      4                   0              12        0              0              
419557900489555639            1         8:00      2                   0              12        2              0              
419557900489555639            1         9:00      0                   0              9         3              3              
419557900489555639            1         10:00     2                   0              9         2              3              
419557900489555639            1         11:00     3                   0              11        1              1              
419557900489555639            1         12:00     2                   0              10        3              2              
419557900489555639            1         13:00     3                   0              11        2              1              
419557900489555639            1         14:00     5                   1              12        3              0              
419557900489555639            1         15:00     4                   4              12        1              0              
419557900489555639            1         16:00     5                   7              12        2              0              
419557900489555639            1         17:00     5                   8              12        4              0              
419557900489555639            1         18:00     5                   7              12        4              0              
419557900489555639            1         19:00     1                   8              12        0              0              
419557900489555639            1         20:00     4                   10             12        2              0              
419557900489555639            1         21:00     1                   6              12        5              0              
419557900489555639            1         22:00     5                   5              12        6              0              
419557900489555639            1         23:00     5                   10             12        0              0              
419557900489555639            2         0:00      1                   9              12        2              0              
419557900489555639            2         1:00      2                   9              12        2              0              
419557900489555639            2         2:00      5                   10             12        4              0              
419557900489555639            2         3:00      5                   14             12        1              0              
419557900489555639            2         4:00      4                   15             12        3              0              
419557900489555639            2         5:00      0                   13             12        2              0              
419557900489555639            2         6:00      5                   13             12        5              0              
419557900489555639            2         7:00      3                   13             12        3              0              
419557900489555639            2         8:00      5                   17             12        1              0              
419557900489555639            2         9:00      5                   22             12        0              0              
419557900489555639            2         10:00     3                   24             12        1              0              
419557900489555639            2         11:00     2                   24             12        2              0              
419557900489555639            2         12:00     2                   24             12        2              0              
419557900489555639            2         13:00     2                   23             12        3              0              
419557900489555639            2         14:00     4                   25             12        2              0              
419557900489555639            2         15:00     2                   24             12        3              0              
419557900489555639            2         16:00     2                   23             12        3              0              
419557900489555639            2         17:00     0                   22             12        1              0              
419557900489555639            2         18:00     1                   22             12        1              0              
419557900489555639            2         19:00     1                   21             12        1              0              
419557900489555639            2         20:00     5                   20             12        4              0              
419557900489555639            2         21:00     0                   16             12        1              0              
419557900489555639            2         22:00     2                   18             12        0              0              
419557900489555639            2         23:00     1                   15             12        3              0              
419557900489555639            3         0:00      1                   11             12        4              0              
419557900489555639            3         1:00      3                   13             12        1              0              
419557900489555639            3         2:00      2                   13             12        1              0              
419557900489555639            3         3:00      1                   10             12        4              0              
419557900489555639            3         4:00      0                   7              12        3              0              
419557900489555639            3         5:00      3                   8              12        2              0              
419557900489555639            3         6:00      4                   10             12        2              0              
419557900489555639            3         7:00      3                   12             12        1              0              
419557900489555639            3         8:00      2                   11             12        3              0              
419557900489555639            3         9:00      2                   12             12        1              0              
419557900489555639            3         10:00     0                   8              12        4              0              
419557900489555639            3         11:00     5                   13             12        0              0              
419557900489555639            3         12:00     1                   12             12        2              0              
419557900489555639            3         13:00     1                   13             12        0              0              
419557900489555639            3         14:00     1                   12             12        2              0              
419557900489555639            3         15:00     2                   11             12        3              0              
419557900489555639            3         16:00     0                   10             12        1              0              
419557900489555639            3         17:00     3                   12             12        1              0              
419557900489555639            3         18:00     3                   14             12        1              0              
419557900489555639            3         19:00     0                   12             12        2              0              
419557900489555639            3         20:00     1                   11             12        2              0              
419557900489555639            3         21:00     4                   13             12        2              0              
419557900489555639            3         22:00     4                   13             12        4              0              
419557900489555639            3         23:00     0                   11             12        2              0              
419557900489555639            4         0:00      5                   15             12        1              0              
419557900489555639            4         1:00      3                   17             12        1              0              
419557900489555639            4         2:00      3                   18             12        2              0              
419557900489555639            4         3:00      3                   19             12        2              0              
419557900489555639            4         4:00      3                   19             12        3              0              
419557900489555639            4         5:00      0                   17             12        2              0              
419557900489555639            4         6:00      1                   13             12        5              0              
419557900489555639            4         7:00      2                   13             12        2              0              
419557900489555639            4         8:00      3                   16             12        0              0              
419557900489555639            4         9:00      2                   13             12        5              0              
419557900489555639            4         10:00     3                   14             12        2              0              
419557900489555639            4         11:00     4                   17             12        1              0              
419557900489555639            4         12:00     0                   15             12        2              0              
419557900489555639            4         13:00     4                   17             12        2              0              
419557900489555639            4         14:00     0                   14             12        3              0              
419557900489555639            4         15:00     5                   16             12        3              0              
419557900489555639            4         16:00     4                   13             12        7              0              
419557900489555639            4         17:00     2                   12             12        3              0              
419557900489555639            4         18:00     0                   10             12        2              0              
419557900489555639            4         19:00     2                   8              12        4              0              
419557900489555639            4         20:00     5                   10             12        2              0              
419557900489555639            4         21:00     3                   12             12        1              0              
419557900489555639            4         22:00     2                   11             12        3              0              
419557900489555639            4         23:00     1                   10             12        2              0              
419557900489555639            5         0:00      3                   11             12        2              0              
419557900489555639            5         1:00      1                   10             12        2              0              
419557900489555639            5         2:00      3                   12             12        1              0              
419557900489555639            5         3:00      1                   12             12        1              0              
419557900489555639            5         4:00      0                   9              12        3              0              
419557900489555639            5         5:00      3                   10             12        2              0              
419557900489555639            5         6:00      1                   8              12        3              0              
419557900489555639            5         7:00      4                   6              12        6              0              
419557900489555639            5         8:00      3                   6              12        3              0              
419557900489555639            5         9:00      3                   7              12        2              0              
419557900489555639            5         10:00     2                   6              12        3              0              
419557900489555639            5         11:00     0                   3              12        3              0              
419557900489555639            5         12:00     4                   2              12        5              0              
419557900489555639            5         13:00     2                   1              12        3              0              
419557900489555639            5         14:00     1                   0              11        3              1              
419557900489555639            5         15:00     4                   0              11        4              1              
419557900489555639            5         16:00     4                   1              12        2              0              
419557900489555639            5         17:00     3                   0              12        4              0              
419557900489555639            5         18:00     1                   0              11        2              1              
419557900489555639            5         19:00     1                   0              11        1              1              
419557900489555639            5         20:00     4                   0              11        4              1              
419557900489555639            5         21:00     5                   1              12        3              0              
419557900489555639            5         22:00     3                   1              12        3              0              
419557900489555639            5         23:00     0                   0              12        1              0              
419557900489555639            6         0:00      2                   0              11        3              1              
419557900489555639            6         1:00      1                   0              11        0              1              
419557900489555639            6         2:00      3                   0              10        4              2              
419557900489555639            6         3:00      4                   1              12        1              0              
419557900489555639            6         4:00      1                   1              12        1              0              
419557900489555639            6         5:00      0                   0              11        2              1              
419557900489555639            6         6:00      0                   0              11        0              1              
419557900489555639            6         7:00      1                   0              10        2              2              
419557900489555639            6         8:00      1                   0              11        0              1              
419557900489555639            6         9:00      1                   0              10        2              2              
419557900489555639            6         10:00     2                   0              11        1              1              
419557900489555639            6         11:00     5                   2              12        1              0              
419557900489555639            6         12:00     0                   0              9         5              3              
419557900489555639            6         13:00     5                   1              12        1              0              
419557900489555639            6         14:00     3                   0              9         5              3              
419557900489555639            6         15:00     2                   0              11        0              1              
419557900489555639            6         16:00     0                   0              8         3              4              
419557900489555639            6         17:00     1                   0              6         3              6              
419557900489555639            6         18:00     5                   0              11        0              1              
419557900489555639            6         19:00     0                   0              8         3              4              
419557900489555639            6         20:00     2                   0              8         2              4              
419557900489555639            6         21:00     3                   0              7         3              5              
419557900489555639            6         22:00     3                   0              6         4              6              
419557900489555639            6         23:00     4                   0              9         1              3              
419557900489555639            7         0:00      4                   0              10        3              2              
419557900489555639            7         1:00      2                   0              11        1              1              
419557900489555639            7         2:00      2                   0              11        2              1              
419557900489555639            7         3:00      3                   0              12        2              0              
419557900489555639            7         4:00      2                   0              11        3              1              
419557900489555639            7         5:00      5                   2              12        2              0              
419557900489555639            7         6:00      1                   2              12        1              0              
419557900489555639            7         7:00      5                   4              12        3              0              
419557900489555639            7         8:00      4                   7              12        1              0              
419557900489555639            7         9:00      3                   8              12        2              0              
419557900489555639            7         10:00     3                   10             12        1              0              
419557900489555639            7         11:00     4                   11             12        3              0              
419557900489555639            7         12:00     4                   12             12        3              0              
419557900489555639            7         13:00     1                   12             12        1              0              
419557900489555639            7         14:00     5                   13             12        3              0              
419557900489555639            7         15:00     3                   11             12        4              0              
419557900489555639            7         16:00     2                   10             12        3              0              
419557900489555639            7         17:00     5                   13             12        2              0              
419557900489555639            7         18:00     2                   14             12        1              0              
419557900489555639            7         19:00     4                   17             12        1              0              
419557900489555639            7         20:00     5                   20             12        2              0              
419557900489555639            7         21:00     2                   17             12        5              0              
419557900489555639            7         22:00     3                   19             12        1              0              
419557900489555639            7         23:00     0                   15             12        4              0              
419557900489555639            8         0:00      2                   11             12        5              0              
419557900489555639            8         1:00      1                   8              12        4              0              
419557900489555639            8         2:00      3                   9              12        2              0              
419557900489555639            8         3:00      3                   12             12        0              0              
419557900489555639            8         4:00      5                   13             12        3              0              
419557900489555639            8         5:00      5                   18             12        0              0              
419557900489555639            8         6:00      3                   18             12        3              0              
419557900489555639            8         7:00      3                   21             12        0              0              
419557900489555639            8         8:00      3                   23             12        1              0              
419557900489555639            8         9:00      5                   23             12        3              0              
419557900489555639            8         10:00     0                   19             12        4              0              
419557900489555639            8         11:00     0                   14             12        5              0              
419557900489555639            8         12:00     5                   16             12        3              0              
419557900489555639            8         13:00     3                   15             12        4              0              
419557900489555639            8         14:00     5                   16             12        4              0              
419557900489555639            8         15:00     0                   15             12        1              0              
419557900489555639            8         16:00     5                   15             12        5              0              
419557900489555639            8         17:00     4                   17             12        2              0              
419557900489555639            8         18:00     5                   20             12        2              0              
419557900489555639            8         19:00     0                   18             12        2              0              
419557900489555639            8         20:00     3                   18             12        3              0              
419557900489555639            8         21:00     5                   22             12        1              0              
419557900489555639            8         22:00     1                   20             12        3              0              
419557900489555639            8         23:00     0                   19             12        1              0              
419557900489555639            9         0:00      2                   18             12        3              0              
419557900489555639            9         1:00      3                   17             12        4              0              
419557900489555639            9         2:00      3                   17             12        3              0              
419557900489555639            9         3:00      5                   21             12        1              0              
419557900489555639            9         4:00      0                   20             12        1              0              
419557900489555639            9         5:00      2                   20             12        2              0              
419557900489555639            9         6:00      2                   19             12        1              0              
419557900489555639            9         7:00      3                   21             12        1              0              
419557900489555639            9         8:00      4                   24             12        1              0              
419557900489555639            9         9:00      5                   28             12        1              0              
419557900489555639            9         10:00     1                   26             12        1              0              
419557900489555639            9         11:00     5                   27             12        4              0              
419557900489555639            9         12:00     5                   31             12        0              0              
419557900489555639            9         13:00     1                   30             12        2              0              
419557900489555639            9         14:00     4                   28             12        5              0              
419557900489555639            9         15:00     2                   30             12        0              0              
419557900489555639            9         16:00     4                   28             12        2              0              
419557900489555639            9         17:00     4                   29             12        2              0              
419557900489555639            9         18:00     2                   30             12        1              0              
419557900489555639            9         19:00     0                   23             12        6              0              
419557900489555639            9         20:00     3                   23             12        3              0              
419557900489555639            9         21:00     1                   19             12        5              0              
419557900489555639            9         22:00     5                   23             12        1              0              
419557900489555639            9         23:00     5                   25             12        1              0              
419557900489555639            10        0:00      2                   23             12        3              0              
419557900489555639            10        1:00      2                   23             12        1              0              
419557900489555639            10        2:00      5                   26             12        1              0              
419557900489555639            10        3:00      4                   26             12        4              0              
419557900489555639            10        4:00      3                   24             12        5              0              
419557900489555639            10        5:00      0                   20             12        4              0              
419557900489555639            10        6:00      1                   18             12        3              0              
419557900489555639            10        7:00      5                   18             12        4              0              
419557900489555639            10        8:00      0                   15             12        3              0              
419557900489555639            10        9:00      1                   14             12        2              0              
419557900489555639            10        10:00     2                   15             12        1              0              
419557900489555639            10        11:00     3                   16             12        0              0              
419557900489555639            10        12:00     0                   16             12        0              0              
419557900489555639            10        13:00     0                   15             12        1              0              
419557900489555639            10        14:00     0                   14             12        0              0              
419557900489555639            10        15:00     4                   12             12        5              0              
419557900489555639            10        16:00     1                   13             12        0              0              
419557900489555639            10        17:00     2                   13             12        2              0              
419557900489555639            10        18:00     5                   16             12        2              0              
419557900489555639            10        19:00     1                   13             12        4              0              
419557900489555639            10        20:00     5                   13             12        5              0              
419557900489555639            10        21:00     3                   14             12        2              0              
419557900489555639            10        22:00     4                   14             12        4              0              
419557900489555639            10        23:00     5                   17             12        1              0              
419557900489555639            11        0:00      4                   19             12        2              0              
419557900489555639            11        1:00      3                   21             12        1              0              
419557900489555639            11        2:00      1                   19             12        3              0              
419557900489555639            11        3:00      3                   22             12        0              0              
419557900489555639            11        4:00      1                   21             12        2              0              
419557900489555639            11        5:00      1                   20             12        2              0              
419557900489555639            11        6:00      1                   18             12        3              0              
419557900489555639            11        7:00      2                   17             12        2              0              
419557900489555639            11        8:00      0                   15             12        2              0              
419557900489555639            11        9:00      2                   14             12        3              0              
419557900489555639            11        10:00     2                   14             12        2              0              
419557900489555639            11        11:00     0                   11             12        2              0              
419557900489555639            11        12:00     4                   12             12        2              0              
419557900489555639            11        13:00     1                   11             12        2              0              
419557900489555639            11        14:00     5                   13             12        3              0              
419557900489555639            11        15:00     0                   12             12        1              0              
419557900489555639            11        16:00     1                   11             12        2              0              
419557900489555639            11        17:00     2                   13             12        0              0              
419557900489555639            11        18:00     0                   10             12        3              0              
419557900489555639            11        19:00     0                   10             12        0              0              
419557900489555639            11        20:00     2                   10             12        2              0              
419557900489555639            11        21:00     0                   9              12        1              0              
419557900489555639            11        22:00     3                   10             12        2              0              
419557900489555639            11        23:00     1                   8              12        3              0              
419557900489555639            12        0:00      4                   10             12        2              0              
419557900489555639            12        1:00      3                   11             12        2              0              
419557900489555639            12        2:00      1                   9              12        3              0              
419557900489555639            12        3:00      1                   4              12        6              0              
419557900489555639            12        4:00      3                   5              12        2              0              
419557900489555639            12        5:00      5                   9              12        1              0              
419557900489555639            12        6:00      1                   7              12        3              0              
419557900489555639            12        7:00      5                   8              12        3              0              
419557900489555639            12        8:00      5                   13             12        0              0              
419557900489555639            12        9:00      1                   13             12        1              0              
419557900489555639            12        10:00     3                   10             12        5              0              
419557900489555639            12        11:00     2                   11             12        1              0              
419557900489555639            12        12:00     5                   11             12        5              0              
419557900489555639            12        13:00     5                   14             12        2              0              
419557900489555639            12        14:00     4                   17             12        1              0              
419557900489555639            12        15:00     2                   17             12        2              0              
419557900489555639            12        16:00     4                   17             12        4              0              
419557900489555639            12        17:00     5                   17             12        5              0              
419557900489555639            12        18:00     2                   17             12        2              0              
419557900489555639            12        19:00     5                   20             12        2              0              
419557900489555639            12        20:00     1                   17             12        4              0              
419557900489555639            12        21:00     1                   17             12        1              0              
419557900489555639            12        22:00     1                   13             12        5              0              
419557900489555639            12        23:00     3                   15             12        1              0              
419557900489555639            13        0:00      2                   15             12        2              0              
419557900489555639            13        1:00      2                   15             12        2              0              
419557900489555639            13        2:00      2                   14             12        3              0              
419557900489555639            13        3:00      2                   13             12        3              0              
419557900489555639            13        4:00      2                   11             12        4              0              
419557900489555639            13        5:00      4                   12             12        3              0              
419557900489555639            13        6:00      2                   13             12        1              0              
419557900489555639            13        7:00      1                   14             12        0              0              
419557900489555639            13        8:00      1                   14             12        1              0              
419557900489555639            13        9:00      0                   12             12        2              0              
419557900489555639            13        10:00     5                   14             12        3              0              
419557900489555639            13        11:00     3                   15             12        2              0              
419557900489555639            13        12:00     4                   17             12        2              0              
419557900489555639            13        13:00     0                   14             12        3              0              
419557900489555639            13        14:00     3                   13             12        4              0              
419557900489555639            13        15:00     4                   12             12        4              0              
419557900489555639            13        16:00     2                   14             12        0              0              
419557900489555639            13        17:00     2                   15             12        1              0              
419557900489555639            13        18:00     4                   17             12        2              0              
419557900489555639            13        19:00     1                   15             12        3              0              
419557900489555639            13        20:00     1                   12             12        4              0              
419557900489555639            13        21:00     0                   12             12        0              0              
419557900489555639            13        22:00     5                   12             12        4              0              
419557900489555639            13        23:00     2                   12             12        2              0              
419557900489555639            14        0:00      4                   16             12        0              0              
419557900489555639            14        1:00      4                   20             12        0              0              
419557900489555639            14        2:00      0                   19             12        1              0              
419557900489555639            14        3:00      5                   24             12        0              0              
419557900489555639            14        4:00      1                   22             12        2              0              
419557900489555639            14        5:00      2                   22             12        1              0              
419557900489555639            14        6:00      0                   22             12        0              0              
419557900489555639            14        7:00      3                   21             12        3              0              
419557900489555639            14        8:00      3                   19             12        5              0              
419557900489555639            14        9:00      0                   18             12        1              0              
419557900489555639            14        10:00     5                   22             12        0              0              
419557900489555639            14        11:00     5                   24             12        2              0              
419557900489555639            14        12:00     4                   22             12        4              0              
419557900489555639            14        13:00     3                   20             12        4              0              
419557900489555639            14        14:00     1                   14             12        7              0              
419557900489555639            14        15:00     0                   12             12        2              0              
419557900489555639            14        16:00     5                   16             12        1              0              
419557900489555639            14        17:00     0                   14             12        2              0              
419557900489555639            14        18:00     3                   12             12        5              0              
419557900489555639            14        19:00     1                   11             12        2              0              
419557900489555639            14        20:00     3                   8              12        6              0              
419557900489555639            14        21:00     4                   6              12        5              0              
419557900489555639            14        22:00     5                   10             12        1              0              
419557900489555639            14        23:00     1                   7              12        4              0              
419557900489555639            15        0:00      1                   5              12        2              0              
419557900489555639            15        1:00      5                   8              12        2              0              
419557900489555639            15        2:00      3                   8              12        3              0              
419557900489555639            15        3:00      4                   9              12        2              0              
419557900489555639            15        4:00      3                   9              12        2              0              
419557900489555639            15        5:00      2                   10             12        1              0              
419557900489555639            15        6:00      5                   13             12        2              0              
419557900489555639            15        7:00      1                   10             12        4              0              
419557900489555639            15        8:00      5                   12             12        3              0              
419557900489555639            15        9:00      0                   8              12        4              0              
419557900489555639            15        10:00     5                   9              12        4              0              
419557900489555639            15        11:00     2                   8              12        3              0              
419557900489555639            15        12:00     1                   7              12        2              0              
419557900489555639            15        13:00     3                   7              12        3              0              
419557900489555639            15        14:00     4                   4              12        7              0              
419557900489555639            15        15:00     0                   2              12        2              0              
419557900489555639            15        16:00     4                   0              12        5              0              
419557900489555639            15        17:00     3                   1              12        2              0              
419557900489555639            15        18:00     5                   3              12        3              0              
419557900489555639            15        19:00     1                   3              12        1              0              
419557900489555639            15        20:00     2                   1              12        3              0              
419557900489555639            15        21:00     0                   0              12        1              0              
419557900489555639            15        22:00     3                   1              12        2              0              
419557900489555639            15        23:00     5                   3              12        1              0              
