Sim_N                         Day       Time      New_Patients        Waiting        Assigned  Discharged     Beds_Avail_EOH 
50095841308533764             1         0:00      5                   0              4         0              6              
50095841308533764             1         1:00      2                   0              5         1              5              
50095841308533764             1         2:00      0                   0              3         2              7              
50095841308533764             1         3:00      1                   0              4         0              6              
50095841308533764             1         4:00      3                   0              7         0              3              
50095841308533764             1         5:00      5                   1              10        0              0              
50095841308533764             1         6:00      2                   0              10        3              0              
50095841308533764             1         7:00      0                   0              8         2              2              
50095841308533764             1         8:00      3                   0              10        1              0              
50095841308533764             1         9:00      2                   1              10        1              0              
50095841308533764             1         10:00     5                   5              10        1              0              
50095841308533764             1         11:00     5                   9              10        1              0              
50095841308533764             1         12:00     2                   10             10        1              0              
50095841308533764             1         13:00     3                   12             10        1              0              
50095841308533764             1         14:00     3                   15             10        0              0              
50095841308533764             1         15:00     4                   16             10        2              0              
50095841308533764             1         16:00     3                   15             10        4              0              
50095841308533764             1         17:00     2                   13             10        4              0              
50095841308533764             1         18:00     3                   13             10        3              0              
50095841308533764             1         19:00     2                   11             10        4              0              
50095841308533764             1         20:00     1                   11             10        1              0              
50095841308533764             1         21:00     0                   7              10        4              0              
50095841308533764             1         22:00     0                   5              10        2              0              
50095841308533764             1         23:00     4                   6              10        3              0              
50095841308533764             2         0:00      1                   6              10        1              0              
50095841308533764             2         1:00      4                   7              10        3              0              
50095841308533764             2         2:00      5                   9              10        3              0              
50095841308533764             2         3:00      4                   12             10        1              0              
50095841308533764             2         4:00      4                   15             10        1              0              
50095841308533764             2         5:00      2                   17             10        0              0              
50095841308533764             2         6:00      0                   15             10        2              0              
50095841308533764             2         7:00      5                   19             10        1              0              
50095841308533764             2         8:00      4                   21             10        2              0              
50095841308533764             2         9:00      3                   21             10        3              0              
50095841308533764             2         10:00     1                   18             10        4              0              
50095841308533764             2         11:00     4                   19             10        3              0              
50095841308533764             2         12:00     5                   20             10        4              0              
50095841308533764             2         13:00     0                   17             10        3              0              
50095841308533764             2         14:00     5                   21             10        1              0              
50095841308533764             2         15:00     4                   21             10        4              0              
50095841308533764             2         16:00     2                   20             10        3              0              
50095841308533764             2         17:00     3                   22             10        1              0              
50095841308533764             2         18:00     3                   25             10        0              0              
50095841308533764             2         19:00     5                   28             10        2              0              
50095841308533764             2         20:00     0                   26             10        2              0              
50095841308533764             2         21:00     2                   28             10        0              0              
50095841308533764             2         22:00     3                   29             10        2              0              
50095841308533764             2         23:00     1                   26             10        4              0              
50095841308533764             3         0:00      4                   28             10        2              0              
50095841308533764             3         1:00      0                   27             10        1              0              
50095841308533764             3         2:00      5                   30             10        2              0              
50095841308533764             3         3:00      5                   33             10        2              0              
50095841308533764             3         4:00      3                   33             10        3              0              
50095841308533764             3         5:00      1                   33             10        1              0              
50095841308533764             3         6:00      3                   32             10        4              0              
50095841308533764             3         7:00      3                   30             10        4              0              
50095841308533764             3         8:00      4                   31             10        3              0              
50095841308533764             3         9:00      0                   30             10        1              0              
50095841308533764             3         10:00     0                   25             10        5              0              
50095841308533764             3         11:00     0                   23             10        2              0              
50095841308533764             3         12:00     5                   25             10        2              0              
50095841308533764             3         13:00     4                   29             10        0              0              
50095841308533764             3         14:00     1                   29             10        1              0              
50095841308533764             3         15:00     2                   27             10        1              0              
50095841308533764             3         16:00     3                   26             10        2              0              
50095841308533764             3         17:00     3                   27             10        2              0              
50095841308533764             3         18:00     1                   27             10        0              0              
50095841308533764             3         19:00     5                   26             10        1              0              
50095841308533764             3         20:00     0                   24             10        1              0              
50095841308533764             3         21:00     1                   22             10        2              0              
50095841308533764             3         22:00     0                   20             10        2              0              
50095841308533764             3         23:00     5                   25             10        0              0              
50095841308533764             4         0:00      3                   25             10        3              0              
50095841308533764             4         1:00      0                   22             10        3              0              
50095841308533764             4         2:00      5                   22             10        5              0              
50095841308533764             4         3:00      5                   19             10        7              0              
50095841308533764             4         4:00      5                   21             10        3              0              
50095841308533764             4         5:00      0                   19             10        2              0              
50095841308533764             4         6:00      1                   20             10        0              0              
50095841308533764             4         7:00      3                   19             10        4              0              
50095841308533764             4         8:00      1                   17             10        3              0              
50095841308533764             4         9:00      1                   14             10        4              0              
50095841308533764             4         10:00     3                   16             10        1              0              
50095841308533764             4         11:00     4                   19             10        1              0              
50095841308533764             4         12:00     1                   14             10        6              0              
50095841308533764             4         13:00     3                   16             10        1              0              
50095841308533764             4         14:00     4                   20             10        0              0              
50095841308533764             4         15:00     2                   20             10        2              0              
50095841308533764             4         16:00     1                   20             10        1              0              
50095841308533764             4         17:00     0                   17             10        3              0              
50095841308533764             4         18:00     5                   22             10        0              0              
50095841308533764             4         19:00     5                   24             10        3              0              
50095841308533764             4         20:00     2                   25             10        1              0              
50095841308533764             4         21:00     4                   27             10        2              0              
50095841308533764             4         22:00     3                   29             10        1              0              
50095841308533764             4         23:00     1                   29             10        1              0              
50095841308533764             5         0:00      1                   26             10        4              0              
50095841308533764             5         1:00      4                   28             10        2              0              
50095841308533764             5         2:00      2                   29             10        1              0              
50095841308533764             5         3:00      1                   28             10        2              0              
50095841308533764             5         4:00      0                   27             10        1              0              
50095841308533764             5         5:00      2                   27             10        2              0              
50095841308533764             5         6:00      2                   26             10        3              0              
50095841308533764             5         7:00      3                   29             10        0              0              
50095841308533764             5         8:00      1                   24             10        1              0              
50095841308533764             5         9:00      2                   23             10        3              0              
50095841308533764             5         10:00     4                   23             10        2              0              
50095841308533764             5         11:00     3                   21             10        4              0              
50095841308533764             5         12:00     4                   21             10        4              0              
50095841308533764             5         13:00     1                   21             10        1              0              
50095841308533764             5         14:00     4                   23             10        1              0              
50095841308533764             5         15:00     3                   20             10        5              0              
50095841308533764             5         16:00     5                   23             10        2              0              
50095841308533764             5         17:00     0                   21             10        2              0              
50095841308533764             5         18:00     1                   15             10        7              0              
50095841308533764             5         19:00     3                   15             10        3              0              
50095841308533764             5         20:00     0                   14             10        1              0              
50095841308533764             5         21:00     3                   15             10        2              0              
50095841308533764             5         22:00     3                   16             10        2              0              
50095841308533764             5         23:00     5                   19             10        2              0              
50095841308533764             6         0:00      3                   21             10        1              0              
50095841308533764             6         1:00      1                   22             10        0              0              
50095841308533764             6         2:00      2                   22             10        2              0              
50095841308533764             6         3:00      3                   20             10        5              0              
50095841308533764             6         4:00      5                   21             10        4              0              
50095841308533764             6         5:00      4                   24             10        1              0              
50095841308533764             6         6:00      5                   25             10        4              0              
50095841308533764             6         7:00      0                   23             10        2              0              
50095841308533764             6         8:00      3                   23             10        3              0              
50095841308533764             6         9:00      2                   24             10        1              0              
50095841308533764             6         10:00     4                   24             10        4              0              
50095841308533764             6         11:00     1                   22             10        3              0              
50095841308533764             6         12:00     0                   21             10        1              0              
50095841308533764             6         13:00     1                   21             10        1              0              
50095841308533764             6         14:00     1                   21             10        1              0              
50095841308533764             6         15:00     2                   17             10        5              0              
50095841308533764             6         16:00     5                   22             10        0              0              
50095841308533764             6         17:00     0                   21             10        1              0              
50095841308533764             6         18:00     0                   19             10        2              0              
50095841308533764             6         19:00     5                   22             10        2              0              
50095841308533764             6         20:00     5                   24             10        2              0              
50095841308533764             6         21:00     5                   27             10        1              0              
50095841308533764             6         22:00     1                   27             10        1              0              
50095841308533764             6         23:00     4                   28             10        1              0              
50095841308533764             7         0:00      4                   25             10        6              0              
50095841308533764             7         1:00      3                   27             10        1              0              
50095841308533764             7         2:00      5                   31             10        1              0              
50095841308533764             7         3:00      3                   31             10        3              0              
50095841308533764             7         4:00      2                   30             10        3              0              
50095841308533764             7         5:00      1                   30             10        1              0              
50095841308533764             7         6:00      1                   29             10        2              0              
50095841308533764             7         7:00      2                   28             10        3              0              
50095841308533764             7         8:00      1                   29             10        0              0              
50095841308533764             7         9:00      3                   28             10        3              0              
50095841308533764             7         10:00     2                   29             10        1              0              
50095841308533764             7         11:00     3                   31             10        1              0              
50095841308533764             7         12:00     2                   28             10        1              0              
50095841308533764             7         13:00     4                   27             10        4              0              
50095841308533764             7         14:00     2                   27             10        1              0              
50095841308533764             7         15:00     3                   21             10        5              0              
50095841308533764             7         16:00     1                   19             10        3              0              
50095841308533764             7         17:00     1                   16             10        4              0              
50095841308533764             7         18:00     3                   16             10        3              0              
50095841308533764             7         19:00     0                   13             10        3              0              
50095841308533764             7         20:00     3                   15             10        1              0              
50095841308533764             7         21:00     5                   18             10        1              0              
50095841308533764             7         22:00     5                   21             10        2              0              
50095841308533764             7         23:00     2                   20             10        3              0              
50095841308533764             8         0:00      4                   21             10        3              0              
50095841308533764             8         1:00      0                   20             10        1              0              
50095841308533764             8         2:00      2                   20             10        1              0              
50095841308533764             8         3:00      2                   18             10        4              0              
50095841308533764             8         4:00      3                   20             10        1              0              
50095841308533764             8         5:00      4                   22             10        2              0              
50095841308533764             8         6:00      1                   21             10        2              0              
50095841308533764             8         7:00      0                   20             10        1              0              
50095841308533764             8         8:00      3                   21             10        2              0              
50095841308533764             8         9:00      2                   21             10        2              0              
50095841308533764             8         10:00     1                   20             10        2              0              
50095841308533764             8         11:00     0                   17             10        3              0              
50095841308533764             8         12:00     0                   17             10        0              0              
50095841308533764             8         13:00     0                   16             10        1              0              
50095841308533764             8         14:00     3                   16             10        3              0              
50095841308533764             8         15:00     4                   15             10        5              0              
50095841308533764             8         16:00     0                   14             10        1              0              
50095841308533764             8         17:00     4                   15             10        2              0              
50095841308533764             8         18:00     1                   16             10        0              0              
50095841308533764             8         19:00     5                   20             10        0              0              
50095841308533764             8         20:00     0                   17             10        3              0              
50095841308533764             8         21:00     3                   18             10        2              0              
50095841308533764             8         22:00     4                   19             10        3              0              
50095841308533764             8         23:00     5                   19             10        4              0              
50095841308533764             9         0:00      5                   21             10        3              0              
50095841308533764             9         1:00      0                   18             10        3              0              
50095841308533764             9         2:00      2                   15             10        5              0              
50095841308533764             9         3:00      3                   17             10        1              0              
50095841308533764             9         4:00      3                   18             10        2              0              
50095841308533764             9         5:00      2                   18             10        1              0              
50095841308533764             9         6:00      0                   16             10        2              0              
50095841308533764             9         7:00      4                   19             10        1              0              
50095841308533764             9         8:00      0                   18             10        1              0              
50095841308533764             9         9:00      1                   17             10        2              0              
50095841308533764             9         10:00     0                   17             10        0              0              
50095841308533764             9         11:00     5                   20             10        2              0              
50095841308533764             9         12:00     0                   19             10        1              0              
50095841308533764             9         13:00     2                   19             10        2              0              
50095841308533764             9         14:00     4                   22             10        1              0              
50095841308533764             9         15:00     3                   24             10        0              0              
50095841308533764             9         16:00     4                   26             10        1              0              
50095841308533764             9         17:00     2                   26             10        0              0              
50095841308533764             9         18:00     1                   26             10        1              0              
50095841308533764             9         19:00     0                   24             10        1              0              
50095841308533764             9         20:00     4                   25             10        2              0              
50095841308533764             9         21:00     3                   28             10        0              0              
50095841308533764             9         22:00     4                   31             10        1              0              
50095841308533764             9         23:00     1                   27             10        5              0              
50095841308533764             10        0:00      4                   31             10        0              0              
50095841308533764             10        1:00      5                   34             10        1              0              
50095841308533764             10        2:00      3                   34             10        3              0              
50095841308533764             10        3:00      4                   37             10        1              0              
50095841308533764             10        4:00      4                   39             10        0              0              
50095841308533764             10        5:00      5                   38             10        0              0              
50095841308533764             10        6:00      1                   36             10        3              0              
50095841308533764             10        7:00      0                   36             10        0              0              
50095841308533764             10        8:00      3                   36             10        2              0              
50095841308533764             10        9:00      5                   39             10        2              0              
50095841308533764             10        10:00     2                   38             10        1              0              
50095841308533764             10        11:00     4                   38             10        1              0              
50095841308533764             10        12:00     5                   41             10        2              0              
50095841308533764             10        13:00     4                   39             10        1              0              
50095841308533764             10        14:00     5                   41             10        1              0              
50095841308533764             10        15:00     0                   36             10        2              0              
50095841308533764             10        16:00     2                   33             10        4              0              
50095841308533764             10        17:00     4                   34             10        3              0              
50095841308533764             10        18:00     1                   33             10        2              0              
50095841308533764             10        19:00     0                   29             10        4              0              
50095841308533764             10        20:00     3                   26             10        6              0              
50095841308533764             10        21:00     3                   26             10        3              0              
50095841308533764             10        22:00     5                   29             10        2              0              
50095841308533764             10        23:00     4                   27             10        5              0              
50095841308533764             11        0:00      3                   27             10        2              0              
50095841308533764             11        1:00      4                   25             10        6              0              
50095841308533764             11        2:00      0                   22             10        3              0              
50095841308533764             11        3:00      3                   23             10        2              0              
50095841308533764             11        4:00      0                   21             10        2              0              
50095841308533764             11        5:00      4                   22             10        3              0              
50095841308533764             11        6:00      3                   22             10        2              0              
50095841308533764             11        7:00      5                   26             10        1              0              
50095841308533764             11        8:00      5                   30             10        1              0              
50095841308533764             11        9:00      3                   32             10        1              0              
50095841308533764             11        10:00     2                   30             10        4              0              
50095841308533764             11        11:00     4                   32             10        2              0              
50095841308533764             11        12:00     2                   30             10        4              0              
50095841308533764             11        13:00     5                   33             10        2              0              
50095841308533764             11        14:00     2                   35             10        0              0              
50095841308533764             11        15:00     5                   36             10        3              0              
50095841308533764             11        16:00     5                   38             10        3              0              
50095841308533764             11        17:00     3                   38             10        3              0              
50095841308533764             11        18:00     3                   40             10        1              0              
50095841308533764             11        19:00     4                   42             10        2              0              
50095841308533764             11        20:00     5                   43             10        3              0              
50095841308533764             11        21:00     2                   42             10        1              0              
50095841308533764             11        22:00     0                   37             10        2              0              
50095841308533764             11        23:00     3                   38             10        2              0              
50095841308533764             12        0:00      4                   39             10        2              0              
50095841308533764             12        1:00      3                   38             10        1              0              
50095841308533764             12        2:00      2                   38             10        2              0              
50095841308533764             12        3:00      0                   31             10        6              0              
50095841308533764             12        4:00      1                   30             10        2              0              
50095841308533764             12        5:00      3                   30             10        3              0              
50095841308533764             12        6:00      1                   28             10        1              0              
50095841308533764             12        7:00      2                   28             10        0              0              
50095841308533764             12        8:00      3                   25             10        2              0              
50095841308533764             12        9:00      4                   27             10        2              0              
50095841308533764             12        10:00     3                   28             10        1              0              
50095841308533764             12        11:00     1                   28             10        1              0              
50095841308533764             12        12:00     0                   23             10        5              0              
50095841308533764             12        13:00     4                   26             10        0              0              
50095841308533764             12        14:00     2                   24             10        2              0              
50095841308533764             12        15:00     3                   26             10        1              0              
50095841308533764             12        16:00     0                   25             10        1              0              
50095841308533764             12        17:00     3                   26             10        2              0              
50095841308533764             12        18:00     3                   24             10        5              0              
50095841308533764             12        19:00     1                   22             10        3              0              
50095841308533764             12        20:00     1                   23             10        0              0              
50095841308533764             12        21:00     0                   22             10        0              0              
50095841308533764             12        22:00     0                   18             10        3              0              
50095841308533764             12        23:00     0                   14             10        4              0              
50095841308533764             13        0:00      1                   14             10        1              0              
50095841308533764             13        1:00      1                   14             10        1              0              
50095841308533764             13        2:00      5                   17             10        1              0              
50095841308533764             13        3:00      2                   16             10        0              0              
50095841308533764             13        4:00      1                   16             10        1              0              
50095841308533764             13        5:00      0                   15             10        0              0              
50095841308533764             13        6:00      2                   13             10        4              0              
50095841308533764             13        7:00      1                   11             10        3              0              
50095841308533764             13        8:00      4                   13             10        2              0              
50095841308533764             13        9:00      3                   14             10        2              0              
50095841308533764             13        10:00     1                   14             10        1              0              
50095841308533764             13        11:00     3                   15             10        2              0              
50095841308533764             13        12:00     2                   16             10        1              0              
50095841308533764             13        13:00     1                   14             10        3              0              
50095841308533764             13        14:00     5                   19             10        0              0              
50095841308533764             13        15:00     4                   22             10        1              0              
50095841308533764             13        16:00     5                   23             10        3              0              
50095841308533764             13        17:00     3                   21             10        5              0              
50095841308533764             13        18:00     4                   24             10        0              0              
50095841308533764             13        19:00     2                   22             10        4              0              
50095841308533764             13        20:00     4                   25             10        1              0              
50095841308533764             13        21:00     2                   25             10        1              0              
50095841308533764             13        22:00     5                   29             10        1              0              
50095841308533764             13        23:00     4                   30             10        3              0              
50095841308533764             14        0:00      1                   29             10        2              0              
50095841308533764             14        1:00      4                   30             10        3              0              
50095841308533764             14        2:00      4                   31             10        3              0              
50095841308533764             14        3:00      3                   33             10        1              0              
50095841308533764             14        4:00      5                   37             10        1              0              
50095841308533764             14        5:00      0                   36             10        1              0              
50095841308533764             14        6:00      5                   40             10        1              0              
50095841308533764             14        7:00      4                   40             10        2              0              
50095841308533764             14        8:00      2                   41             10        0              0              
50095841308533764             14        9:00      5                   40             10        3              0              
50095841308533764             14        10:00     2                   41             10        1              0              
50095841308533764             14        11:00     1                   38             10        2              0              
50095841308533764             14        12:00     5                   41             10        0              0              
50095841308533764             14        13:00     1                   37             10        5              0              
50095841308533764             14        14:00     0                   34             10        1              0              
50095841308533764             14        15:00     0                   31             10        2              0              
50095841308533764             14        16:00     2                   30             10        1              0              
50095841308533764             14        17:00     4                   29             10        2              0              
50095841308533764             14        18:00     1                   28             10        2              0              
50095841308533764             14        19:00     4                   27             10        1              0              
50095841308533764             14        20:00     5                   29             10        3              0              
50095841308533764             14        21:00     0                   27             10        1              0              
50095841308533764             14        22:00     0                   23             10        1              0              
50095841308533764             14        23:00     2                   22             10        3              0              
50095841308533764             15        0:00      5                   24             10        0              0              
50095841308533764             15        1:00      5                   27             10        2              0              
50095841308533764             15        2:00      2                   26             10        3              0              
50095841308533764             15        3:00      0                   24             10        2              0              
50095841308533764             15        4:00      3                   27             10        0              0              
50095841308533764             15        5:00      2                   27             10        2              0              
50095841308533764             15        6:00      1                   27             10        1              0              
50095841308533764             15        7:00      1                   26             10        1              0              
50095841308533764             15        8:00      1                   24             10        1              0              
50095841308533764             15        9:00      2                   23             10        1              0              
50095841308533764             15        10:00     0                   22             10        1              0              
50095841308533764             15        11:00     4                   24             10        2              0              
50095841308533764             15        12:00     3                   23             10        3              0              
50095841308533764             15        13:00     1                   21             10        0              0              
50095841308533764             15        14:00     1                   17             10        3              0              
50095841308533764             15        15:00     2                   19             10        0              0              
50095841308533764             15        16:00     5                   21             10        3              0              
50095841308533764             15        17:00     4                   25             10        0              0              
50095841308533764             15        18:00     2                   25             10        2              0              
50095841308533764             15        19:00     4                   24             10        5              0              
50095841308533764             15        20:00     2                   25             10        1              0              
50095841308533764             15        21:00     2                   22             10        5              0              
50095841308533764             15        22:00     1                   22             10        1              0              
50095841308533764             15        23:00     4                   25             10        1              0              
