Sim_N                         Day       Time      New_Patients        Waiting        Assigned  Discharged     Beds_Avail_EOH 
7956156091769361453           1         0:00      2                   0              2         0              8              
7956156091769361453           1         1:00      4                   0              4         2              6              
7956156091769361453           1         2:00      0                   0              4         0              6              
7956156091769361453           1         3:00      0                   0              4         0              6              
7956156091769361453           1         4:00      4                   0              7         1              3              
7956156091769361453           1         5:00      5                   2              10        0              0              
7956156091769361453           1         6:00      4                   2              10        3              0              
7956156091769361453           1         7:00      1                   0              10        3              0              
7956156091769361453           1         8:00      0                   0              8         2              2              
7956156091769361453           1         9:00      1                   0              8         1              2              
7956156091769361453           1         10:00     5                   0              10        1              0              
7956156091769361453           1         11:00     2                   1              10        1              0              
7956156091769361453           1         12:00     2                   2              10        1              0              
7956156091769361453           1         13:00     0                   1              10        1              0              
7956156091769361453           1         14:00     5                   3              10        3              0              
7956156091769361453           1         15:00     1                   1              10        3              0              
7956156091769361453           1         16:00     4                   4              10        1              0              
7956156091769361453           1         17:00     0                   3              10        1              0              
7956156091769361453           1         18:00     3                   4              10        1              0              
7956156091769361453           1         19:00     2                   3              10        3              0              
7956156091769361453           1         20:00     0                   0              9         4              1              
7956156091769361453           1         21:00     3                   2              10        0              0              
7956156091769361453           1         22:00     2                   2              10        2              0              
7956156091769361453           1         23:00     0                   0              10        2              0              
7956156091769361453           2         0:00      5                   0              9         6              1              
7956156091769361453           2         1:00      2                   0              9         2              1              
7956156091769361453           2         2:00      5                   1              10        3              0              
7956156091769361453           2         3:00      0                   0              9         2              1              
7956156091769361453           2         4:00      4                   0              9         3              1              
7956156091769361453           2         5:00      1                   0              7         3              3              
7956156091769361453           2         6:00      2                   0              8         1              2              
7956156091769361453           2         7:00      2                   0              9         1              1              
7956156091769361453           2         8:00      1                   0              9         1              1              
7956156091769361453           2         9:00      0                   0              8         1              2              
7956156091769361453           2         10:00     5                   0              9         3              1              
7956156091769361453           2         11:00     2                   0              7         4              3              
7956156091769361453           2         12:00     5                   0              10        2              0              
7956156091769361453           2         13:00     1                   0              9         2              1              
7956156091769361453           2         14:00     1                   0              9         1              1              
7956156091769361453           2         15:00     0                   0              7         2              3              
7956156091769361453           2         16:00     1                   0              7         1              3              
7956156091769361453           2         17:00     5                   2              10        0              0              
7956156091769361453           2         18:00     1                   0              9         4              1              
7956156091769361453           2         19:00     5                   0              10        4              0              
7956156091769361453           2         20:00     2                   0              7         5              3              
7956156091769361453           2         21:00     3                   0              7         3              3              
7956156091769361453           2         22:00     0                   0              5         2              5              
7956156091769361453           2         23:00     5                   0              8         1              2              
7956156091769361453           3         0:00      1                   0              7         2              3              
7956156091769361453           3         1:00      0                   0              6         1              4              
7956156091769361453           3         2:00      4                   0              10        0              0              
7956156091769361453           3         3:00      0                   0              8         2              2              
7956156091769361453           3         4:00      1                   0              8         1              2              
7956156091769361453           3         5:00      3                   1              10        0              0              
7956156091769361453           3         6:00      0                   0              10        1              0              
7956156091769361453           3         7:00      1                   0              9         2              1              
7956156091769361453           3         8:00      2                   0              9         2              1              
7956156091769361453           3         9:00      5                   2              10        1              0              
7956156091769361453           3         10:00     2                   0              8         6              2              
7956156091769361453           3         11:00     0                   0              7         1              3              
7956156091769361453           3         12:00     3                   0              8         2              2              
7956156091769361453           3         13:00     1                   0              9         0              1              
7956156091769361453           3         14:00     2                   0              8         3              2              
7956156091769361453           3         15:00     0                   0              7         1              3              
7956156091769361453           3         16:00     2                   0              5         4              5              
7956156091769361453           3         17:00     5                   0              6         3              4              
7956156091769361453           3         18:00     1                   0              4         3              6              
7956156091769361453           3         19:00     2                   0              4         2              6              
7956156091769361453           3         20:00     1                   0              3         2              7              
7956156091769361453           3         21:00     0                   0              3         0              7              
7956156091769361453           3         22:00     0                   0              2         1              8              
7956156091769361453           3         23:00     4                   0              5         1              5              
7956156091769361453           4         0:00      4                   0              8         1              2              
7956156091769361453           4         1:00      4                   0              9         3              1              
7956156091769361453           4         2:00      1                   0              8         2              2              
7956156091769361453           4         3:00      5                   0              8         5              2              
7956156091769361453           4         4:00      0                   0              6         2              4              
7956156091769361453           4         5:00      1                   0              7         0              3              
7956156091769361453           4         6:00      4                   0              7         3              3              
7956156091769361453           4         7:00      2                   0              9         0              1              
7956156091769361453           4         8:00      0                   0              9         0              1              
7956156091769361453           4         9:00      3                   0              9         3              1              
7956156091769361453           4         10:00     1                   0              8         2              2              
7956156091769361453           4         11:00     5                   2              10        1              0              
7956156091769361453           4         12:00     3                   4              10        1              0              
7956156091769361453           4         13:00     3                   4              10        3              0              
7956156091769361453           4         14:00     2                   3              10        3              0              
7956156091769361453           4         15:00     3                   6              10        0              0              
7956156091769361453           4         16:00     3                   8              10        1              0              
7956156091769361453           4         17:00     0                   5              10        3              0              
7956156091769361453           4         18:00     0                   5              10        0              0              
7956156091769361453           4         19:00     5                   9              10        1              0              
7956156091769361453           4         20:00     2                   9              10        2              0              
7956156091769361453           4         21:00     0                   8              10        1              0              
7956156091769361453           4         22:00     0                   4              10        4              0              
7956156091769361453           4         23:00     3                   7              10        0              0              
7956156091769361453           5         0:00      4                   10             10        1              0              
7956156091769361453           5         1:00      1                   5              10        6              0              
7956156091769361453           5         2:00      5                   8              10        2              0              
7956156091769361453           5         3:00      4                   9              10        3              0              
7956156091769361453           5         4:00      0                   7              10        2              0              
7956156091769361453           5         5:00      4                   10             10        1              0              
7956156091769361453           5         6:00      1                   8              10        3              0              
7956156091769361453           5         7:00      0                   3              10        5              0              
7956156091769361453           5         8:00      4                   3              10        4              0              
7956156091769361453           5         9:00      0                   0              10        3              0              
7956156091769361453           5         10:00     2                   1              10        1              0              
7956156091769361453           5         11:00     5                   3              10        3              0              
7956156091769361453           5         12:00     3                   6              10        0              0              
7956156091769361453           5         13:00     2                   7              10        0              0              
7956156091769361453           5         14:00     4                   8              10        2              0              
7956156091769361453           5         15:00     0                   8              10        0              0              
7956156091769361453           5         16:00     3                   8              10        2              0              
7956156091769361453           5         17:00     2                   8              10        2              0              
7956156091769361453           5         18:00     5                   13             10        0              0              
7956156091769361453           5         19:00     3                   15             10        1              0              
7956156091769361453           5         20:00     5                   19             10        1              0              
7956156091769361453           5         21:00     5                   20             10        4              0              
7956156091769361453           5         22:00     0                   18             10        2              0              
7956156091769361453           5         23:00     1                   19             10        0              0              
7956156091769361453           6         0:00      5                   23             10        1              0              
7956156091769361453           6         1:00      1                   23             10        1              0              
7956156091769361453           6         2:00      1                   22             10        2              0              
7956156091769361453           6         3:00      4                   22             10        4              0              
7956156091769361453           6         4:00      2                   21             10        3              0              
7956156091769361453           6         5:00      1                   20             10        2              0              
7956156091769361453           6         6:00      5                   23             10        2              0              
7956156091769361453           6         7:00      4                   26             10        1              0              
7956156091769361453           6         8:00      1                   25             10        2              0              
7956156091769361453           6         9:00      4                   27             10        2              0              
7956156091769361453           6         10:00     5                   29             10        3              0              
7956156091769361453           6         11:00     3                   32             10        0              0              
7956156091769361453           6         12:00     2                   33             10        1              0              
7956156091769361453           6         13:00     5                   37             10        1              0              
7956156091769361453           6         14:00     4                   40             10        1              0              
7956156091769361453           6         15:00     4                   42             10        2              0              
7956156091769361453           6         16:00     2                   40             10        2              0              
7956156091769361453           6         17:00     0                   35             10        5              0              
7956156091769361453           6         18:00     3                   35             10        2              0              
7956156091769361453           6         19:00     0                   33             10        2              0              
7956156091769361453           6         20:00     1                   31             10        2              0              
7956156091769361453           6         21:00     1                   30             10        2              0              
7956156091769361453           6         22:00     5                   30             10        4              0              
7956156091769361453           6         23:00     1                   27             10        1              0              
7956156091769361453           7         0:00      2                   28             10        1              0              
7956156091769361453           7         1:00      5                   29             10        2              0              
7956156091769361453           7         2:00      3                   28             10        3              0              
7956156091769361453           7         3:00      4                   29             10        0              0              
7956156091769361453           7         4:00      1                   25             10        5              0              
7956156091769361453           7         5:00      0                   24             10        1              0              
7956156091769361453           7         6:00      5                   29             10        0              0              
7956156091769361453           7         7:00      3                   29             10        1              0              
7956156091769361453           7         8:00      1                   27             10        3              0              
7956156091769361453           7         9:00      2                   27             10        2              0              
7956156091769361453           7         10:00     2                   26             10        3              0              
7956156091769361453           7         11:00     3                   28             10        1              0              
7956156091769361453           7         12:00     3                   27             10        4              0              
7956156091769361453           7         13:00     3                   29             10        1              0              
7956156091769361453           7         14:00     5                   32             10        1              0              
7956156091769361453           7         15:00     1                   29             10        1              0              
7956156091769361453           7         16:00     2                   29             10        2              0              
7956156091769361453           7         17:00     5                   32             10        1              0              
7956156091769361453           7         18:00     5                   32             10        2              0              
7956156091769361453           7         19:00     0                   30             10        1              0              
7956156091769361453           7         20:00     3                   30             10        3              0              
7956156091769361453           7         21:00     5                   32             10        3              0              
7956156091769361453           7         22:00     4                   33             10        2              0              
7956156091769361453           7         23:00     5                   35             10        3              0              
7956156091769361453           8         0:00      4                   36             10        3              0              
7956156091769361453           8         1:00      2                   35             10        3              0              
7956156091769361453           8         2:00      0                   32             10        3              0              
7956156091769361453           8         3:00      3                   30             10        5              0              
7956156091769361453           8         4:00      5                   34             10        0              0              
7956156091769361453           8         5:00      0                   32             10        2              0              
7956156091769361453           8         6:00      2                   32             10        1              0              
7956156091769361453           8         7:00      5                   35             10        2              0              
7956156091769361453           8         8:00      3                   36             10        2              0              
7956156091769361453           8         9:00      5                   36             10        2              0              
7956156091769361453           8         10:00     3                   35             10        3              0              
7956156091769361453           8         11:00     5                   37             10        2              0              
7956156091769361453           8         12:00     0                   33             10        1              0              
7956156091769361453           8         13:00     4                   33             10        3              0              
7956156091769361453           8         14:00     3                   35             10        1              0              
7956156091769361453           8         15:00     5                   38             10        0              0              
7956156091769361453           8         16:00     5                   39             10        0              0              
7956156091769361453           8         17:00     5                   40             10        4              0              
7956156091769361453           8         18:00     1                   38             10        3              0              
7956156091769361453           8         19:00     3                   40             10        1              0              
7956156091769361453           8         20:00     3                   34             10        9              0              
7956156091769361453           8         21:00     1                   34             10        1              0              
7956156091769361453           8         22:00     0                   32             10        2              0              
7956156091769361453           8         23:00     0                   30             10        2              0              
7956156091769361453           9         0:00      0                   28             10        1              0              
7956156091769361453           9         1:00      5                   32             10        1              0              
7956156091769361453           9         2:00      5                   31             10        1              0              
7956156091769361453           9         3:00      1                   30             10        2              0              
7956156091769361453           9         4:00      0                   24             10        0              0              
7956156091769361453           9         5:00      2                   20             10        2              0              
7956156091769361453           9         6:00      1                   19             10        1              0              
7956156091769361453           9         7:00      4                   22             10        1              0              
7956156091769361453           9         8:00      1                   19             10        2              0              
7956156091769361453           9         9:00      2                   20             10        1              0              
7956156091769361453           9         10:00     4                   21             10        3              0              
7956156091769361453           9         11:00     1                   22             10        0              0              
7956156091769361453           9         12:00     1                   21             10        2              0              
7956156091769361453           9         13:00     5                   25             10        1              0              
7956156091769361453           9         14:00     5                   29             10        1              0              
7956156091769361453           9         15:00     5                   29             10        2              0              
7956156091769361453           9         16:00     3                   31             10        1              0              
7956156091769361453           9         17:00     0                   30             10        1              0              
7956156091769361453           9         18:00     0                   30             10        0              0              
7956156091769361453           9         19:00     0                   29             10        1              0              
7956156091769361453           9         20:00     2                   25             10        4              0              
7956156091769361453           9         21:00     5                   29             10        1              0              
7956156091769361453           9         22:00     4                   29             10        4              0              
7956156091769361453           9         23:00     4                   29             10        4              0              
7956156091769361453           10        0:00      2                   27             10        3              0              
7956156091769361453           10        1:00      3                   27             10        3              0              
7956156091769361453           10        2:00      1                   28             10        0              0              
7956156091769361453           10        3:00      3                   26             10        5              0              
7956156091769361453           10        4:00      4                   27             10        1              0              
7956156091769361453           10        5:00      2                   26             10        3              0              
7956156091769361453           10        6:00      3                   27             10        2              0              
7956156091769361453           10        7:00      5                   31             10        1              0              
7956156091769361453           10        8:00      3                   33             10        1              0              
7956156091769361453           10        9:00      4                   34             10        3              0              
7956156091769361453           10        10:00     4                   38             10        0              0              
7956156091769361453           10        11:00     1                   35             10        3              0              
7956156091769361453           10        12:00     1                   31             10        3              0              
7956156091769361453           10        13:00     2                   28             10        5              0              
7956156091769361453           10        14:00     2                   28             10        2              0              
7956156091769361453           10        15:00     4                   30             10        2              0              
7956156091769361453           10        16:00     3                   30             10        3              0              
7956156091769361453           10        17:00     3                   30             10        3              0              
7956156091769361453           10        18:00     0                   29             10        1              0              
7956156091769361453           10        19:00     1                   27             10        3              0              
7956156091769361453           10        20:00     2                   27             10        1              0              
7956156091769361453           10        21:00     5                   28             10        0              0              
7956156091769361453           10        22:00     2                   24             10        4              0              
7956156091769361453           10        23:00     2                   24             10        1              0              
7956156091769361453           11        0:00      2                   26             10        0              0              
7956156091769361453           11        1:00      4                   26             10        4              0              
7956156091769361453           11        2:00      0                   23             10        3              0              
7956156091769361453           11        3:00      2                   21             10        3              0              
7956156091769361453           11        4:00      4                   24             10        1              0              
7956156091769361453           11        5:00      4                   27             10        1              0              
7956156091769361453           11        6:00      0                   23             10        4              0              
7956156091769361453           11        7:00      4                   24             10        3              0              
7956156091769361453           11        8:00      3                   24             10        3              0              
7956156091769361453           11        9:00      5                   26             10        3              0              
7956156091769361453           11        10:00     3                   27             10        2              0              
7956156091769361453           11        11:00     2                   26             10        3              0              
7956156091769361453           11        12:00     4                   27             10        3              0              
7956156091769361453           11        13:00     4                   30             10        1              0              
7956156091769361453           11        14:00     0                   29             10        1              0              
7956156091769361453           11        15:00     2                   29             10        2              0              
7956156091769361453           11        16:00     1                   26             10        4              0              
7956156091769361453           11        17:00     3                   26             10        3              0              
7956156091769361453           11        18:00     1                   24             10        3              0              
7956156091769361453           11        19:00     5                   27             10        2              0              
7956156091769361453           11        20:00     0                   24             10        3              0              
7956156091769361453           11        21:00     5                   26             10        3              0              
7956156091769361453           11        22:00     0                   25             10        1              0              
7956156091769361453           11        23:00     1                   21             10        5              0              
7956156091769361453           12        0:00      0                   20             10        1              0              
7956156091769361453           12        1:00      2                   21             10        1              0              
7956156091769361453           12        2:00      0                   18             10        2              0              
7956156091769361453           12        3:00      3                   16             10        5              0              
7956156091769361453           12        4:00      1                   13             10        4              0              
7956156091769361453           12        5:00      3                   16             10        0              0              
7956156091769361453           12        6:00      4                   18             10        2              0              
7956156091769361453           12        7:00      5                   20             10        3              0              
7956156091769361453           12        8:00      1                   20             10        1              0              
7956156091769361453           12        9:00      3                   22             10        1              0              
7956156091769361453           12        10:00     0                   17             10        5              0              
7956156091769361453           12        11:00     4                   21             10        0              0              
7956156091769361453           12        12:00     4                   25             10        0              0              
7956156091769361453           12        13:00     4                   28             10        1              0              
7956156091769361453           12        14:00     3                   29             10        2              0              
7956156091769361453           12        15:00     0                   27             10        2              0              
7956156091769361453           12        16:00     3                   30             10        0              0              
7956156091769361453           12        17:00     5                   33             10        2              0              
7956156091769361453           12        18:00     4                   32             10        5              0              
7956156091769361453           12        19:00     0                   31             10        1              0              
7956156091769361453           12        20:00     3                   33             10        0              0              
7956156091769361453           12        21:00     1                   31             10        3              0              
7956156091769361453           12        22:00     4                   34             10        1              0              
7956156091769361453           12        23:00     2                   33             10        3              0              
7956156091769361453           13        0:00      3                   33             10        0              0              
7956156091769361453           13        1:00      3                   34             10        0              0              
7956156091769361453           13        2:00      2                   30             10        3              0              
7956156091769361453           13        3:00      5                   34             10        1              0              
7956156091769361453           13        4:00      4                   37             10        1              0              
7956156091769361453           13        5:00      2                   35             10        2              0              
7956156091769361453           13        6:00      2                   33             10        2              0              
7956156091769361453           13        7:00      2                   33             10        1              0              
7956156091769361453           13        8:00      1                   32             10        2              0              
7956156091769361453           13        9:00      0                   29             10        2              0              
7956156091769361453           13        10:00     4                   29             10        4              0              
7956156091769361453           13        11:00     2                   28             10        3              0              
7956156091769361453           13        12:00     0                   28             10        0              0              
7956156091769361453           13        13:00     0                   27             10        0              0              
7956156091769361453           13        14:00     0                   22             10        0              0              
7956156091769361453           13        15:00     2                   20             10        4              0              
7956156091769361453           13        16:00     5                   22             10        1              0              
7956156091769361453           13        17:00     3                   22             10        2              0              
7956156091769361453           13        18:00     1                   20             10        1              0              
7956156091769361453           13        19:00     3                   19             10        4              0              
7956156091769361453           13        20:00     2                   19             10        2              0              
7956156091769361453           13        21:00     3                   21             10        1              0              
7956156091769361453           13        22:00     1                   21             10        1              0              
7956156091769361453           13        23:00     5                   22             10        4              0              
7956156091769361453           14        0:00      2                   22             10        2              0              
7956156091769361453           14        1:00      0                   19             10        3              0              
7956156091769361453           14        2:00      3                   19             10        3              0              
7956156091769361453           14        3:00      2                   18             10        3              0              
7956156091769361453           14        4:00      5                   22             10        1              0              
7956156091769361453           14        5:00      5                   23             10        3              0              
7956156091769361453           14        6:00      2                   23             10        2              0              
7956156091769361453           14        7:00      3                   25             10        1              0              
7956156091769361453           14        8:00      5                   27             10        3              0              
7956156091769361453           14        9:00      0                   27             10        0              0              
7956156091769361453           14        10:00     0                   26             10        1              0              
7956156091769361453           14        11:00     3                   26             10        3              0              
7956156091769361453           14        12:00     2                   24             10        4              0              
7956156091769361453           14        13:00     4                   26             10        2              0              
7956156091769361453           14        14:00     0                   22             10        4              0              
7956156091769361453           14        15:00     4                   23             10        3              0              
7956156091769361453           14        16:00     0                   23             10        0              0              
7956156091769361453           14        17:00     1                   21             10        3              0              
7956156091769361453           14        18:00     5                   23             10        2              0              
7956156091769361453           14        19:00     4                   25             10        1              0              
7956156091769361453           14        20:00     2                   26             10        0              0              
7956156091769361453           14        21:00     5                   28             10        0              0              
7956156091769361453           14        22:00     2                   27             10        2              0              
7956156091769361453           14        23:00     5                   31             10        1              0              
7956156091769361453           15        0:00      5                   33             10        3              0              
7956156091769361453           15        1:00      0                   31             10        2              0              
7956156091769361453           15        2:00      1                   30             10        2              0              
7956156091769361453           15        3:00      1                   26             10        5              0              
7956156091769361453           15        4:00      2                   25             10        3              0              
7956156091769361453           15        5:00      4                   28             10        1              0              
7956156091769361453           15        6:00      3                   28             10        3              0              
7956156091769361453           15        7:00      2                   30             10        0              0              
7956156091769361453           15        8:00      5                   32             10        3              0              
7956156091769361453           15        9:00      2                   33             10        0              0              
7956156091769361453           15        10:00     2                   33             10        1              0              
7956156091769361453           15        11:00     1                   29             10        2              0              
7956156091769361453           15        12:00     3                   28             10        3              0              
7956156091769361453           15        13:00     1                   26             10        1              0              
7956156091769361453           15        14:00     5                   30             10        1              0              
7956156091769361453           15        15:00     5                   32             10        3              0              
7956156091769361453           15        16:00     5                   34             10        3              0              
7956156091769361453           15        17:00     3                   36             10        1              0              
7956156091769361453           15        18:00     2                   37             10        1              0              
7956156091769361453           15        19:00     2                   36             10        3              0              
7956156091769361453           15        20:00     3                   36             10        3              0              
7956156091769361453           15        21:00     4                   38             10        0              0              
7956156091769361453           15        22:00     1                   36             10        1              0              
7956156091769361453           15        23:00     1                   35             10        1              0              
