Sim_N                         Day       Time      New_Patients        Waiting        Assigned  Discharged     Beds_Avail_EOH 
875553717805499414            1         0:00      0                   0              0         0              10             
875553717805499414            1         1:00      1                   0              1         0              9              
875553717805499414            1         2:00      0                   0              0         1              10             
875553717805499414            1         3:00      1                   0              1         0              9              
875553717805499414            1         4:00      3                   0              4         0              6              
875553717805499414            1         5:00      5                   0              6         2              4              
875553717805499414            1         6:00      0                   0              6         0              4              
875553717805499414            1         7:00      5                   0              9         2              1              
875553717805499414            1         8:00      1                   0              7         3              3              
875553717805499414            1         9:00      0                   0              5         2              5              
875553717805499414            1         10:00     1                   0              6         0              4              
875553717805499414            1         11:00     1                   0              7         0              3              
875553717805499414            1         12:00     4                   0              10        1              0              
875553717805499414            1         13:00     4                   3              10        1              0              
875553717805499414            1         14:00     0                   3              10        0              0              
875553717805499414            1         15:00     4                   6              10        1              0              
875553717805499414            1         16:00     1                   5              10        2              0              
875553717805499414            1         17:00     5                   8              10        2              0              
875553717805499414            1         18:00     5                   12             10        1              0              
875553717805499414            1         19:00     3                   14             10        1              0              
875553717805499414            1         20:00     2                   16             10        0              0              
875553717805499414            1         21:00     0                   15             10        1              0              
875553717805499414            1         22:00     0                   13             10        2              0              
875553717805499414            1         23:00     1                   12             10        2              0              
875553717805499414            2         0:00      1                   11             10        2              0              
875553717805499414            2         1:00      1                   9              10        3              0              
875553717805499414            2         2:00      1                   10             10        0              0              
875553717805499414            2         3:00      3                   11             10        1              0              
875553717805499414            2         4:00      2                   11             10        2              0              
875553717805499414            2         5:00      3                   13             10        1              0              
875553717805499414            2         6:00      5                   16             10        2              0              
875553717805499414            2         7:00      0                   14             10        2              0              
875553717805499414            2         8:00      5                   15             10        4              0              
875553717805499414            2         9:00      4                   13             10        6              0              
875553717805499414            2         10:00     3                   16             10        0              0              
875553717805499414            2         11:00     1                   15             10        2              0              
875553717805499414            2         12:00     4                   16             10        3              0              
875553717805499414            2         13:00     0                   14             10        2              0              
875553717805499414            2         14:00     0                   13             10        1              0              
875553717805499414            2         15:00     1                   11             10        3              0              
875553717805499414            2         16:00     3                   12             10        2              0              
875553717805499414            2         17:00     1                   11             10        2              0              
875553717805499414            2         18:00     5                   15             10        1              0              
875553717805499414            2         19:00     5                   17             10        3              0              
875553717805499414            2         20:00     5                   19             10        2              0              
875553717805499414            2         21:00     3                   19             10        3              0              
875553717805499414            2         22:00     5                   22             10        1              0              
875553717805499414            2         23:00     5                   24             10        3              0              
875553717805499414            3         0:00      3                   26             10        1              0              
875553717805499414            3         1:00      3                   27             10        1              0              
875553717805499414            3         2:00      0                   26             10        1              0              
875553717805499414            3         3:00      0                   24             10        2              0              
875553717805499414            3         4:00      2                   26             10        0              0              
875553717805499414            3         5:00      3                   27             10        2              0              
875553717805499414            3         6:00      5                   31             10        1              0              
875553717805499414            3         7:00      1                   29             10        3              0              
875553717805499414            3         8:00      1                   26             10        4              0              
875553717805499414            3         9:00      4                   28             10        2              0              
875553717805499414            3         10:00     1                   28             10        1              0              
875553717805499414            3         11:00     3                   27             10        1              0              
875553717805499414            3         12:00     2                   23             10        2              0              
875553717805499414            3         13:00     4                   25             10        2              0              
875553717805499414            3         14:00     3                   26             10        2              0              
875553717805499414            3         15:00     4                   29             10        1              0              
875553717805499414            3         16:00     3                   31             10        1              0              
875553717805499414            3         17:00     4                   34             10        1              0              
875553717805499414            3         18:00     0                   31             10        0              0              
875553717805499414            3         19:00     5                   31             10        3              0              
875553717805499414            3         20:00     4                   33             10        2              0              
875553717805499414            3         21:00     3                   35             10        1              0              
875553717805499414            3         22:00     5                   39             10        1              0              
875553717805499414            3         23:00     5                   41             10        1              0              
875553717805499414            4         0:00      2                   41             10        1              0              
875553717805499414            4         1:00      4                   41             10        3              0              
875553717805499414            4         2:00      2                   40             10        0              0              
875553717805499414            4         3:00      4                   41             10        1              0              
875553717805499414            4         4:00      3                   41             10        0              0              
875553717805499414            4         5:00      2                   36             10        2              0              
875553717805499414            4         6:00      5                   37             10        3              0              
875553717805499414            4         7:00      4                   39             10        1              0              
875553717805499414            4         8:00      5                   42             10        2              0              
875553717805499414            4         9:00      4                   43             10        3              0              
875553717805499414            4         10:00     4                   43             10        3              0              
875553717805499414            4         11:00     2                   39             10        1              0              
875553717805499414            4         12:00     3                   39             10        2              0              
875553717805499414            4         13:00     5                   42             10        1              0              
875553717805499414            4         14:00     1                   39             10        0              0              
875553717805499414            4         15:00     5                   41             10        2              0              
875553717805499414            4         16:00     0                   37             10        1              0              
875553717805499414            4         17:00     5                   41             10        0              0              
875553717805499414            4         18:00     3                   42             10        0              0              
875553717805499414            4         19:00     3                   39             10        2              0              
875553717805499414            4         20:00     2                   38             10        0              0              
875553717805499414            4         21:00     5                   38             10        3              0              
875553717805499414            4         22:00     0                   36             10        2              0              
875553717805499414            4         23:00     0                   32             10        2              0              
875553717805499414            5         0:00      5                   35             10        0              0              
875553717805499414            5         1:00      0                   29             10        6              0              
875553717805499414            5         2:00      3                   31             10        0              0              
875553717805499414            5         3:00      5                   33             10        1              0              
875553717805499414            5         4:00      5                   35             10        2              0              
875553717805499414            5         5:00      2                   36             10        1              0              
875553717805499414            5         6:00      1                   33             10        1              0              
875553717805499414            5         7:00      0                   30             10        2              0              
875553717805499414            5         8:00      4                   31             10        0              0              
875553717805499414            5         9:00      4                   33             10        2              0              
875553717805499414            5         10:00     0                   28             10        2              0              
875553717805499414            5         11:00     5                   31             10        2              0              
875553717805499414            5         12:00     4                   33             10        2              0              
875553717805499414            5         13:00     1                   33             10        1              0              
875553717805499414            5         14:00     2                   32             10        1              0              
875553717805499414            5         15:00     1                   31             10        0              0              
875553717805499414            5         16:00     4                   30             10        2              0              
875553717805499414            5         17:00     5                   31             10        0              0              
875553717805499414            5         18:00     2                   32             10        1              0              
875553717805499414            5         19:00     4                   36             10        0              0              
875553717805499414            5         20:00     0                   34             10        1              0              
875553717805499414            5         21:00     3                   34             10        1              0              
875553717805499414            5         22:00     1                   30             10        2              0              
875553717805499414            5         23:00     2                   31             10        1              0              
875553717805499414            6         0:00      3                   28             10        4              0              
875553717805499414            6         1:00      0                   27             10        1              0              
875553717805499414            6         2:00      1                   26             10        2              0              
875553717805499414            6         3:00      1                   20             10        7              0              
875553717805499414            6         4:00      2                   20             10        2              0              
875553717805499414            6         5:00      5                   23             10        2              0              
875553717805499414            6         6:00      1                   22             10        2              0              
875553717805499414            6         7:00      5                   24             10        2              0              
875553717805499414            6         8:00      3                   21             10        6              0              
875553717805499414            6         9:00      3                   23             10        1              0              
875553717805499414            6         10:00     1                   20             10        4              0              
875553717805499414            6         11:00     0                   19             10        1              0              
875553717805499414            6         12:00     4                   21             10        2              0              
875553717805499414            6         13:00     1                   19             10        3              0              
875553717805499414            6         14:00     2                   20             10        1              0              
875553717805499414            6         15:00     2                   22             10        0              0              
875553717805499414            6         16:00     5                   24             10        3              0              
875553717805499414            6         17:00     5                   25             10        3              0              
875553717805499414            6         18:00     1                   23             10        2              0              
875553717805499414            6         19:00     0                   21             10        2              0              
875553717805499414            6         20:00     2                   20             10        3              0              
875553717805499414            6         21:00     1                   19             10        2              0              
875553717805499414            6         22:00     1                   19             10        1              0              
875553717805499414            6         23:00     0                   17             10        2              0              
875553717805499414            7         0:00      1                   17             10        1              0              
875553717805499414            7         1:00      2                   15             10        4              0              
875553717805499414            7         2:00      3                   16             10        1              0              
875553717805499414            7         3:00      3                   17             10        2              0              
875553717805499414            7         4:00      3                   16             10        3              0              
875553717805499414            7         5:00      2                   13             10        5              0              
875553717805499414            7         6:00      5                   16             10        2              0              
875553717805499414            7         7:00      3                   16             10        3              0              
875553717805499414            7         8:00      4                   19             10        1              0              
875553717805499414            7         9:00      1                   17             10        3              0              
875553717805499414            7         10:00     4                   19             10        1              0              
875553717805499414            7         11:00     4                   21             10        2              0              
875553717805499414            7         12:00     1                   20             10        2              0              
875553717805499414            7         13:00     4                   23             10        0              0              
875553717805499414            7         14:00     2                   22             10        3              0              
875553717805499414            7         15:00     2                   21             10        3              0              
875553717805499414            7         16:00     4                   25             10        0              0              
875553717805499414            7         17:00     1                   25             10        1              0              
875553717805499414            7         18:00     2                   25             10        2              0              
875553717805499414            7         19:00     4                   26             10        3              0              
875553717805499414            7         20:00     5                   29             10        1              0              
875553717805499414            7         21:00     4                   32             10        1              0              
875553717805499414            7         22:00     1                   31             10        2              0              
875553717805499414            7         23:00     3                   31             10        1              0              
875553717805499414            8         0:00      4                   33             10        1              0              
875553717805499414            8         1:00      5                   35             10        3              0              
875553717805499414            8         2:00      3                   35             10        3              0              
875553717805499414            8         3:00      0                   31             10        4              0              
875553717805499414            8         4:00      1                   27             10        5              0              
875553717805499414            8         5:00      3                   27             10        3              0              
875553717805499414            8         6:00      1                   28             10        0              0              
875553717805499414            8         7:00      4                   30             10        2              0              
875553717805499414            8         8:00      4                   33             10        1              0              
875553717805499414            8         9:00      0                   28             10        5              0              
875553717805499414            8         10:00     2                   28             10        2              0              
875553717805499414            8         11:00     5                   28             10        5              0              
875553717805499414            8         12:00     3                   26             10        5              0              
875553717805499414            8         13:00     5                   28             10        3              0              
875553717805499414            8         14:00     1                   27             10        2              0              
875553717805499414            8         15:00     4                   30             10        1              0              
875553717805499414            8         16:00     2                   31             10        1              0              
875553717805499414            8         17:00     5                   35             10        1              0              
875553717805499414            8         18:00     2                   35             10        2              0              
875553717805499414            8         19:00     2                   36             10        1              0              
875553717805499414            8         20:00     1                   34             10        0              0              
875553717805499414            8         21:00     2                   33             10        1              0              
875553717805499414            8         22:00     5                   35             10        3              0              
875553717805499414            8         23:00     3                   38             10        0              0              
875553717805499414            9         0:00      0                   34             10        1              0              
875553717805499414            9         1:00      0                   30             10        1              0              
875553717805499414            9         2:00      1                   28             10        1              0              
875553717805499414            9         3:00      3                   28             10        2              0              
875553717805499414            9         4:00      4                   29             10        1              0              
875553717805499414            9         5:00      5                   29             10        4              0              
875553717805499414            9         6:00      0                   26             10        2              0              
875553717805499414            9         7:00      0                   23             10        3              0              
875553717805499414            9         8:00      3                   24             10        2              0              
875553717805499414            9         9:00      2                   21             10        5              0              
875553717805499414            9         10:00     3                   21             10        3              0              
875553717805499414            9         11:00     3                   23             10        1              0              
875553717805499414            9         12:00     0                   20             10        3              0              
875553717805499414            9         13:00     0                   20             10        0              0              
875553717805499414            9         14:00     0                   18             10        2              0              
875553717805499414            9         15:00     3                   21             10        0              0              
875553717805499414            9         16:00     2                   22             10        0              0              
875553717805499414            9         17:00     0                   17             10        2              0              
875553717805499414            9         18:00     4                   19             10        2              0              
875553717805499414            9         19:00     0                   19             10        0              0              
875553717805499414            9         20:00     2                   17             10        4              0              
875553717805499414            9         21:00     4                   20             10        1              0              
875553717805499414            9         22:00     3                   22             10        1              0              
875553717805499414            9         23:00     5                   23             10        1              0              
875553717805499414            10        0:00      5                   22             10        4              0              
875553717805499414            10        1:00      1                   21             10        2              0              
875553717805499414            10        2:00      0                   19             10        2              0              
875553717805499414            10        3:00      2                   17             10        4              0              
875553717805499414            10        4:00      5                   22             10        0              0              
875553717805499414            10        5:00      0                   18             10        4              0              
875553717805499414            10        6:00      4                   19             10        3              0              
875553717805499414            10        7:00      1                   17             10        3              0              
875553717805499414            10        8:00      1                   17             10        1              0              
875553717805499414            10        9:00      2                   19             10        0              0              
875553717805499414            10        10:00     2                   20             10        1              0              
875553717805499414            10        11:00     3                   22             10        1              0              
875553717805499414            10        12:00     4                   26             10        0              0              
875553717805499414            10        13:00     1                   25             10        1              0              
875553717805499414            10        14:00     2                   26             10        1              0              
875553717805499414            10        15:00     0                   25             10        1              0              
875553717805499414            10        16:00     0                   22             10        3              0              
875553717805499414            10        17:00     2                   20             10        1              0              
875553717805499414            10        18:00     4                   20             10        2              0              
875553717805499414            10        19:00     2                   18             10        3              0              
875553717805499414            10        20:00     4                   19             10        3              0              
875553717805499414            10        21:00     1                   16             10        4              0              
875553717805499414            10        22:00     1                   15             10        2              0              
875553717805499414            10        23:00     4                   15             10        4              0              
875553717805499414            11        0:00      3                   14             10        4              0              
875553717805499414            11        1:00      4                   15             10        3              0              
875553717805499414            11        2:00      3                   16             10        2              0              
875553717805499414            11        3:00      2                   14             10        4              0              
875553717805499414            11        4:00      5                   17             10        2              0              
875553717805499414            11        5:00      5                   21             10        1              0              
875553717805499414            11        6:00      3                   23             10        1              0              
875553717805499414            11        7:00      5                   25             10        3              0              
875553717805499414            11        8:00      3                   24             10        4              0              
875553717805499414            11        9:00      2                   23             10        3              0              
875553717805499414            11        10:00     5                   26             10        2              0              
875553717805499414            11        11:00     2                   26             10        2              0              
875553717805499414            11        12:00     3                   28             10        0              0              
875553717805499414            11        13:00     4                   31             10        0              0              
875553717805499414            11        14:00     5                   31             10        4              0              
875553717805499414            11        15:00     2                   31             10        2              0              
875553717805499414            11        16:00     2                   31             10        2              0              
875553717805499414            11        17:00     4                   32             10        2              0              
875553717805499414            11        18:00     0                   31             10        1              0              
875553717805499414            11        19:00     0                   30             10        1              0              
875553717805499414            11        20:00     4                   30             10        2              0              
875553717805499414            11        21:00     4                   31             10        2              0              
875553717805499414            11        22:00     0                   28             10        2              0              
875553717805499414            11        23:00     5                   29             10        2              0              
875553717805499414            12        0:00      0                   28             10        0              0              
875553717805499414            12        1:00      3                   29             10        2              0              
875553717805499414            12        2:00      1                   26             10        1              0              
875553717805499414            12        3:00      2                   24             10        2              0              
875553717805499414            12        4:00      2                   25             10        0              0              
875553717805499414            12        5:00      5                   26             10        1              0              
875553717805499414            12        6:00      2                   25             10        3              0              
875553717805499414            12        7:00      5                   30             10        0              0              
875553717805499414            12        8:00      2                   31             10        1              0              
875553717805499414            12        9:00      4                   29             10        2              0              
875553717805499414            12        10:00     2                   29             10        2              0              
875553717805499414            12        11:00     4                   30             10        3              0              
875553717805499414            12        12:00     1                   30             10        1              0              
875553717805499414            12        13:00     1                   30             10        1              0              
875553717805499414            12        14:00     3                   31             10        2              0              
875553717805499414            12        15:00     5                   35             10        1              0              
875553717805499414            12        16:00     3                   35             10        3              0              
875553717805499414            12        17:00     5                   35             10        2              0              
875553717805499414            12        18:00     4                   38             10        1              0              
875553717805499414            12        19:00     2                   36             10        1              0              
875553717805499414            12        20:00     0                   31             10        3              0              
875553717805499414            12        21:00     3                   32             10        1              0              
875553717805499414            12        22:00     4                   32             10        4              0              
875553717805499414            12        23:00     1                   31             10        2              0              
875553717805499414            13        0:00      2                   31             10        2              0              
875553717805499414            13        1:00      0                   29             10        2              0              
875553717805499414            13        2:00      0                   24             10        5              0              
875553717805499414            13        3:00      5                   27             10        2              0              
875553717805499414            13        4:00      4                   29             10        2              0              
875553717805499414            13        5:00      2                   27             10        2              0              
875553717805499414            13        6:00      4                   28             10        2              0              
875553717805499414            13        7:00      5                   28             10        0              0              
875553717805499414            13        8:00      5                   29             10        4              0              
875553717805499414            13        9:00      4                   33             10        0              0              
875553717805499414            13        10:00     3                   35             10        0              0              
875553717805499414            13        11:00     2                   34             10        2              0              
875553717805499414            13        12:00     4                   38             10        0              0              
875553717805499414            13        13:00     0                   35             10        1              0              
875553717805499414            13        14:00     5                   39             10        1              0              
875553717805499414            13        15:00     2                   40             10        0              0              
875553717805499414            13        16:00     0                   36             10        3              0              
875553717805499414            13        17:00     5                   37             10        2              0              
875553717805499414            13        18:00     4                   39             10        1              0              
875553717805499414            13        19:00     5                   39             10        1              0              
875553717805499414            13        20:00     1                   36             10        3              0              
875553717805499414            13        21:00     5                   38             10        0              0              
875553717805499414            13        22:00     4                   38             10        0              0              
875553717805499414            13        23:00     4                   40             10        0              0              
875553717805499414            14        0:00      1                   35             10        2              0              
875553717805499414            14        1:00      5                   37             10        3              0              
875553717805499414            14        2:00      0                   35             10        2              0              
875553717805499414            14        3:00      2                   35             10        2              0              
875553717805499414            14        4:00      1                   35             10        1              0              
875553717805499414            14        5:00      4                   37             10        1              0              
875553717805499414            14        6:00      5                   38             10        2              0              
875553717805499414            14        7:00      4                   40             10        1              0              
875553717805499414            14        8:00      3                   38             10        2              0              
875553717805499414            14        9:00      1                   36             10        2              0              
875553717805499414            14        10:00     2                   32             10        4              0              
875553717805499414            14        11:00     0                   28             10        4              0              
875553717805499414            14        12:00     2                   27             10        3              0              
875553717805499414            14        13:00     1                   27             10        1              0              
875553717805499414            14        14:00     1                   26             10        1              0              
875553717805499414            14        15:00     1                   26             10        0              0              
875553717805499414            14        16:00     5                   28             10        1              0              
875553717805499414            14        17:00     0                   25             10        3              0              
875553717805499414            14        18:00     5                   29             10        1              0              
875553717805499414            14        19:00     1                   24             10        0              0              
875553717805499414            14        20:00     0                   19             10        2              0              
875553717805499414            14        21:00     1                   19             10        0              0              
875553717805499414            14        22:00     1                   18             10        0              0              
875553717805499414            14        23:00     4                   21             10        1              0              
875553717805499414            15        0:00      4                   22             10        2              0              
875553717805499414            15        1:00      3                   21             10        4              0              
875553717805499414            15        2:00      5                   24             10        2              0              
875553717805499414            15        3:00      4                   27             10        1              0              
875553717805499414            15        4:00      2                   27             10        2              0              
875553717805499414            15        5:00      3                   29             10        1              0              
875553717805499414            15        6:00      2                   29             10        2              0              
875553717805499414            15        7:00      0                   28             10        0              0              
875553717805499414            15        8:00      0                   24             10        4              0              
875553717805499414            15        9:00      0                   23             10        1              0              
875553717805499414            15        10:00     3                   26             10        0              0              
875553717805499414            15        11:00     4                   30             10        0              0              
875553717805499414            15        12:00     5                   30             10        3              0              
875553717805499414            15        13:00     0                   27             10        1              0              
875553717805499414            15        14:00     4                   27             10        0              0              
875553717805499414            15        15:00     0                   23             10        0              0              
875553717805499414            15        16:00     2                   21             10        2              0              
875553717805499414            15        17:00     2                   21             10        1              0              
875553717805499414            15        18:00     5                   23             10        0              0              
875553717805499414            15        19:00     2                   24             10        0              0              
875553717805499414            15        20:00     3                   23             10        4              0              
875553717805499414            15        21:00     4                   24             10        3              0              
875553717805499414            15        22:00     0                   21             10        3              0              
875553717805499414            15        23:00     3                   21             10        3              0              
