Sim_N                         Day       Time      New_Patients        Waiting        Assigned  Discharged     Beds_Avail_EOH 
1300887804573623344           1         0:00      2                   0              2         0              8              
1300887804573623344           1         1:00      0                   0              0         2              10             
1300887804573623344           1         2:00      1                   0              1         0              9              
1300887804573623344           1         3:00      4                   0              5         0              5              
1300887804573623344           1         4:00      0                   0              4         1              6              
1300887804573623344           1         5:00      1                   0              5         0              5              
1300887804573623344           1         6:00      3                   0              8         0              2              
1300887804573623344           1         7:00      4                   2              10        0              0              
1300887804573623344           1         8:00      4                   4              10        2              0              
1300887804573623344           1         9:00      3                   2              10        4              0              
1300887804573623344           1         10:00     5                   7              10        0              0              
1300887804573623344           1         11:00     3                   7              10        3              0              
1300887804573623344           1         12:00     4                   8              10        3              0              
1300887804573623344           1         13:00     5                   9              10        4              0              
1300887804573623344           1         14:00     0                   6              10        3              0              
1300887804573623344           1         15:00     4                   8              10        2              0              
1300887804573623344           1         16:00     3                   10             10        1              0              
1300887804573623344           1         17:00     4                   13             10        1              0              
1300887804573623344           1         18:00     2                   12             10        3              0              
1300887804573623344           1         19:00     1                   11             10        2              0              
1300887804573623344           1         20:00     4                   13             10        2              0              
1300887804573623344           1         21:00     4                   12             10        5              0              
1300887804573623344           1         22:00     5                   16             10        1              0              
1300887804573623344           1         23:00     4                   15             10        4              0              
1300887804573623344           2         0:00      4                   17             10        2              0              
1300887804573623344           2         1:00      2                   19             10        0              0              
1300887804573623344           2         2:00      4                   20             10        3              0              
1300887804573623344           2         3:00      0                   19             10        1              0              
1300887804573623344           2         4:00      1                   17             10        3              0              
1300887804573623344           2         5:00      1                   18             10        0              0              
1300887804573623344           2         6:00      0                   18             10        0              0              
1300887804573623344           2         7:00      0                   14             10        4              0              
1300887804573623344           2         8:00      0                   10             10        4              0              
1300887804573623344           2         9:00      4                   12             10        2              0              
1300887804573623344           2         10:00     2                   14             10        0              0              
1300887804573623344           2         11:00     0                   10             10        4              0              
1300887804573623344           2         12:00     5                   13             10        2              0              
1300887804573623344           2         13:00     4                   10             10        7              0              
1300887804573623344           2         14:00     5                   15             10        0              0              
1300887804573623344           2         15:00     2                   17             10        0              0              
1300887804573623344           2         16:00     5                   18             10        4              0              
1300887804573623344           2         17:00     2                   19             10        1              0              
1300887804573623344           2         18:00     5                   22             10        2              0              
1300887804573623344           2         19:00     4                   24             10        2              0              
1300887804573623344           2         20:00     4                   26             10        1              0              
1300887804573623344           2         21:00     5                   29             10        1              0              
1300887804573623344           2         22:00     4                   31             10        2              0              
1300887804573623344           2         23:00     5                   30             10        4              0              
1300887804573623344           3         0:00      1                   27             10        4              0              
1300887804573623344           3         1:00      3                   30             10        0              0              
1300887804573623344           3         2:00      3                   30             10        3              0              
1300887804573623344           3         3:00      2                   31             10        1              0              
1300887804573623344           3         4:00      0                   30             10        1              0              
1300887804573623344           3         5:00      3                   31             10        2              0              
1300887804573623344           3         6:00      4                   34             10        0              0              
1300887804573623344           3         7:00      4                   34             10        2              0              
1300887804573623344           3         8:00      0                   30             10        4              0              
1300887804573623344           3         9:00      2                   29             10        3              0              
1300887804573623344           3         10:00     5                   29             10        2              0              
1300887804573623344           3         11:00     3                   28             10        3              0              
1300887804573623344           3         12:00     1                   25             10        4              0              
1300887804573623344           3         13:00     2                   27             10        0              0              
1300887804573623344           3         14:00     5                   29             10        2              0              
1300887804573623344           3         15:00     4                   31             10        0              0              
1300887804573623344           3         16:00     0                   27             10        4              0              
1300887804573623344           3         17:00     0                   27             10        0              0              
1300887804573623344           3         18:00     3                   29             10        1              0              
1300887804573623344           3         19:00     2                   26             10        2              0              
1300887804573623344           3         20:00     1                   24             10        2              0              
1300887804573623344           3         21:00     1                   25             10        0              0              
1300887804573623344           3         22:00     2                   24             10        3              0              
1300887804573623344           3         23:00     5                   26             10        1              0              
1300887804573623344           4         0:00      2                   25             10        3              0              
1300887804573623344           4         1:00      3                   28             10        0              0              
1300887804573623344           4         2:00      3                   26             10        2              0              
1300887804573623344           4         3:00      2                   24             10        4              0              
1300887804573623344           4         4:00      5                   24             10        4              0              
1300887804573623344           4         5:00      3                   26             10        1              0              
1300887804573623344           4         6:00      5                   30             10        0              0              
1300887804573623344           4         7:00      0                   30             10        0              0              
1300887804573623344           4         8:00      3                   31             10        2              0              
1300887804573623344           4         9:00      5                   35             10        1              0              
1300887804573623344           4         10:00     1                   34             10        2              0              
1300887804573623344           4         11:00     3                   33             10        4              0              
1300887804573623344           4         12:00     1                   33             10        1              0              
1300887804573623344           4         13:00     5                   33             10        5              0              
1300887804573623344           4         14:00     0                   31             10        2              0              
1300887804573623344           4         15:00     4                   31             10        4              0              
1300887804573623344           4         16:00     3                   29             10        5              0              
1300887804573623344           4         17:00     0                   29             10        0              0              
1300887804573623344           4         18:00     2                   27             10        3              0              
1300887804573623344           4         19:00     5                   30             10        2              0              
1300887804573623344           4         20:00     5                   31             10        4              0              
1300887804573623344           4         21:00     1                   29             10        3              0              
1300887804573623344           4         22:00     4                   32             10        1              0              
1300887804573623344           4         23:00     2                   30             10        4              0              
1300887804573623344           5         0:00      4                   33             10        1              0              
1300887804573623344           5         1:00      0                   32             10        1              0              
1300887804573623344           5         2:00      3                   32             10        2              0              
1300887804573623344           5         3:00      4                   34             10        2              0              
1300887804573623344           5         4:00      2                   33             10        1              0              
1300887804573623344           5         5:00      1                   28             10        6              0              
1300887804573623344           5         6:00      5                   29             10        4              0              
1300887804573623344           5         7:00      2                   29             10        2              0              
1300887804573623344           5         8:00      3                   31             10        1              0              
1300887804573623344           5         9:00      1                   28             10        4              0              
1300887804573623344           5         10:00     2                   28             10        2              0              
1300887804573623344           5         11:00     5                   30             10        3              0              
1300887804573623344           5         12:00     3                   30             10        3              0              
1300887804573623344           5         13:00     5                   31             10        4              0              
1300887804573623344           5         14:00     1                   29             10        3              0              
1300887804573623344           5         15:00     3                   31             10        1              0              
1300887804573623344           5         16:00     5                   36             10        0              0              
1300887804573623344           5         17:00     2                   37             10        0              0              
1300887804573623344           5         18:00     3                   35             10        4              0              
1300887804573623344           5         19:00     0                   35             10        0              0              
1300887804573623344           5         20:00     5                   36             10        0              0              
1300887804573623344           5         21:00     1                   33             10        3              0              
1300887804573623344           5         22:00     4                   36             10        0              0              
1300887804573623344           5         23:00     2                   36             10        2              0              
1300887804573623344           6         0:00      5                   36             10        1              0              
1300887804573623344           6         1:00      3                   34             10        3              0              
1300887804573623344           6         2:00      1                   30             10        4              0              
1300887804573623344           6         3:00      2                   29             10        3              0              
1300887804573623344           6         4:00      5                   32             10        0              0              
1300887804573623344           6         5:00      4                   35             10        1              0              
1300887804573623344           6         6:00      5                   36             10        2              0              
1300887804573623344           6         7:00      5                   39             10        1              0              
1300887804573623344           6         8:00      5                   41             10        2              0              
1300887804573623344           6         9:00      3                   40             10        2              0              
1300887804573623344           6         10:00     2                   40             10        2              0              
1300887804573623344           6         11:00     2                   39             10        3              0              
1300887804573623344           6         12:00     4                   42             10        1              0              
1300887804573623344           6         13:00     5                   44             10        2              0              
1300887804573623344           6         14:00     0                   40             10        4              0              
1300887804573623344           6         15:00     3                   40             10        3              0              
1300887804573623344           6         16:00     2                   40             10        2              0              
1300887804573623344           6         17:00     5                   42             10        3              0              
1300887804573623344           6         18:00     2                   41             10        2              0              
1300887804573623344           6         19:00     4                   38             10        1              0              
1300887804573623344           6         20:00     2                   36             10        0              0              
1300887804573623344           6         21:00     4                   35             10        1              0              
1300887804573623344           6         22:00     3                   36             10        2              0              
1300887804573623344           6         23:00     4                   38             10        1              0              
1300887804573623344           7         0:00      1                   37             10        2              0              
1300887804573623344           7         1:00      4                   34             10        3              0              
1300887804573623344           7         2:00      1                   31             10        3              0              
1300887804573623344           7         3:00      1                   29             10        3              0              
1300887804573623344           7         4:00      4                   27             10        6              0              
1300887804573623344           7         5:00      2                   28             10        1              0              
1300887804573623344           7         6:00      3                   26             10        5              0              
1300887804573623344           7         7:00      4                   28             10        2              0              
1300887804573623344           7         8:00      1                   28             10        1              0              
1300887804573623344           7         9:00      1                   28             10        1              0              
1300887804573623344           7         10:00     4                   30             10        2              0              
1300887804573623344           7         11:00     4                   29             10        1              0              
1300887804573623344           7         12:00     1                   27             10        2              0              
1300887804573623344           7         13:00     1                   27             10        1              0              
1300887804573623344           7         14:00     5                   27             10        3              0              
1300887804573623344           7         15:00     4                   31             10        0              0              
1300887804573623344           7         16:00     0                   29             10        2              0              
1300887804573623344           7         17:00     3                   29             10        1              0              
1300887804573623344           7         18:00     3                   27             10        5              0              
1300887804573623344           7         19:00     0                   25             10        2              0              
1300887804573623344           7         20:00     1                   23             10        3              0              
1300887804573623344           7         21:00     0                   23             10        0              0              
1300887804573623344           7         22:00     4                   23             10        4              0              
1300887804573623344           7         23:00     1                   23             10        1              0              
1300887804573623344           8         0:00      0                   17             10        5              0              
1300887804573623344           8         1:00      2                   17             10        1              0              
1300887804573623344           8         2:00      4                   15             10        5              0              
1300887804573623344           8         3:00      0                   12             10        3              0              
1300887804573623344           8         4:00      4                   14             10        2              0              
1300887804573623344           8         5:00      1                   12             10        3              0              
1300887804573623344           8         6:00      1                   12             10        1              0              
1300887804573623344           8         7:00      5                   16             10        1              0              
1300887804573623344           8         8:00      3                   19             10        0              0              
1300887804573623344           8         9:00      3                   19             10        3              0              
1300887804573623344           8         10:00     2                   17             10        4              0              
1300887804573623344           8         11:00     2                   18             10        1              0              
1300887804573623344           8         12:00     4                   22             10        0              0              
1300887804573623344           8         13:00     5                   24             10        3              0              
1300887804573623344           8         14:00     0                   20             10        4              0              
1300887804573623344           8         15:00     1                   20             10        1              0              
1300887804573623344           8         16:00     4                   17             10        6              0              
1300887804573623344           8         17:00     3                   15             10        5              0              
1300887804573623344           8         18:00     5                   18             10        2              0              
1300887804573623344           8         19:00     4                   18             10        3              0              
1300887804573623344           8         20:00     5                   22             10        1              0              
1300887804573623344           8         21:00     3                   22             10        2              0              
1300887804573623344           8         22:00     4                   24             10        2              0              
1300887804573623344           8         23:00     0                   22             10        2              0              
1300887804573623344           9         0:00      5                   22             10        5              0              
1300887804573623344           9         1:00      2                   23             10        1              0              
1300887804573623344           9         2:00      2                   23             10        2              0              
1300887804573623344           9         3:00      2                   21             10        4              0              
1300887804573623344           9         4:00      4                   22             10        3              0              
1300887804573623344           9         5:00      3                   24             10        1              0              
1300887804573623344           9         6:00      3                   25             10        2              0              
1300887804573623344           9         7:00      4                   26             10        3              0              
1300887804573623344           9         8:00      2                   27             10        1              0              
1300887804573623344           9         9:00      3                   29             10        1              0              
1300887804573623344           9         10:00     3                   28             10        3              0              
1300887804573623344           9         11:00     2                   29             10        1              0              
1300887804573623344           9         12:00     4                   30             10        3              0              
1300887804573623344           9         13:00     0                   30             10        0              0              
1300887804573623344           9         14:00     4                   33             10        1              0              
1300887804573623344           9         15:00     3                   34             10        0              0              
1300887804573623344           9         16:00     4                   35             10        3              0              
1300887804573623344           9         17:00     3                   36             10        2              0              
1300887804573623344           9         18:00     5                   36             10        4              0              
1300887804573623344           9         19:00     3                   37             10        1              0              
1300887804573623344           9         20:00     5                   39             10        1              0              
1300887804573623344           9         21:00     3                   38             10        3              0              
1300887804573623344           9         22:00     1                   37             10        1              0              
1300887804573623344           9         23:00     4                   36             10        5              0              
1300887804573623344           10        0:00      5                   38             10        3              0              
1300887804573623344           10        1:00      0                   36             10        2              0              
1300887804573623344           10        2:00      3                   38             10        1              0              
1300887804573623344           10        3:00      5                   40             10        3              0              
1300887804573623344           10        4:00      3                   40             10        1              0              
1300887804573623344           10        5:00      4                   40             10        4              0              
1300887804573623344           10        6:00      2                   39             10        2              0              
1300887804573623344           10        7:00      5                   41             10        2              0              
1300887804573623344           10        8:00      0                   39             10        1              0              
1300887804573623344           10        9:00      3                   37             10        0              0              
1300887804573623344           10        10:00     0                   33             10        3              0              
1300887804573623344           10        11:00     1                   34             10        0              0              
1300887804573623344           10        12:00     4                   32             10        0              0              
1300887804573623344           10        13:00     4                   32             10        2              0              
1300887804573623344           10        14:00     2                   34             10        0              0              
1300887804573623344           10        15:00     2                   33             10        1              0              
1300887804573623344           10        16:00     4                   33             10        1              0              
1300887804573623344           10        17:00     4                   34             10        2              0              
1300887804573623344           10        18:00     1                   31             10        0              0              
1300887804573623344           10        19:00     2                   27             10        1              0              
1300887804573623344           10        20:00     4                   31             10        0              0              
1300887804573623344           10        21:00     5                   32             10        2              0              
1300887804573623344           10        22:00     2                   30             10        4              0              
1300887804573623344           10        23:00     4                   32             10        2              0              
1300887804573623344           11        0:00      3                   34             10        1              0              
1300887804573623344           11        1:00      0                   32             10        2              0              
1300887804573623344           11        2:00      1                   32             10        1              0              
1300887804573623344           11        3:00      2                   31             10        1              0              
1300887804573623344           11        4:00      3                   30             10        3              0              
1300887804573623344           11        5:00      0                   25             10        4              0              
1300887804573623344           11        6:00      3                   27             10        1              0              
1300887804573623344           11        7:00      4                   30             10        1              0              
1300887804573623344           11        8:00      5                   31             10        1              0              
1300887804573623344           11        9:00      0                   29             10        1              0              
1300887804573623344           11        10:00     1                   24             10        1              0              
1300887804573623344           11        11:00     3                   24             10        3              0              
1300887804573623344           11        12:00     5                   25             10        3              0              
1300887804573623344           11        13:00     4                   27             10        2              0              
1300887804573623344           11        14:00     5                   29             10        3              0              
1300887804573623344           11        15:00     3                   29             10        3              0              
1300887804573623344           11        16:00     2                   30             10        1              0              
1300887804573623344           11        17:00     5                   33             10        2              0              
1300887804573623344           11        18:00     0                   31             10        2              0              
1300887804573623344           11        19:00     3                   32             10        2              0              
1300887804573623344           11        20:00     1                   31             10        2              0              
1300887804573623344           11        21:00     3                   31             10        3              0              
1300887804573623344           11        22:00     1                   31             10        1              0              
1300887804573623344           11        23:00     3                   33             10        1              0              
1300887804573623344           12        0:00      5                   36             10        2              0              
1300887804573623344           12        1:00      1                   34             10        1              0              
1300887804573623344           12        2:00      1                   31             10        2              0              
1300887804573623344           12        3:00      3                   29             10        1              0              
1300887804573623344           12        4:00      4                   30             10        2              0              
1300887804573623344           12        5:00      4                   29             10        5              0              
1300887804573623344           12        6:00      3                   31             10        1              0              
1300887804573623344           12        7:00      0                   30             10        1              0              
1300887804573623344           12        8:00      0                   27             10        3              0              
1300887804573623344           12        9:00      2                   27             10        2              0              
1300887804573623344           12        10:00     1                   25             10        3              0              
1300887804573623344           12        11:00     0                   25             10        0              0              
1300887804573623344           12        12:00     4                   26             10        3              0              
1300887804573623344           12        13:00     5                   25             10        3              0              
1300887804573623344           12        14:00     2                   22             10        5              0              
1300887804573623344           12        15:00     4                   23             10        3              0              
1300887804573623344           12        16:00     1                   22             10        2              0              
1300887804573623344           12        17:00     0                   20             10        2              0              
1300887804573623344           12        18:00     5                   22             10        3              0              
1300887804573623344           12        19:00     1                   20             10        3              0              
1300887804573623344           12        20:00     0                   18             10        2              0              
1300887804573623344           12        21:00     5                   22             10        1              0              
1300887804573623344           12        22:00     5                   26             10        0              0              
1300887804573623344           12        23:00     0                   24             10        2              0              
1300887804573623344           13        0:00      3                   26             10        1              0              
1300887804573623344           13        1:00      5                   30             10        1              0              
1300887804573623344           13        2:00      4                   28             10        6              0              
1300887804573623344           13        3:00      2                   29             10        1              0              
1300887804573623344           13        4:00      5                   33             10        1              0              
1300887804573623344           13        5:00      5                   36             10        2              0              
1300887804573623344           13        6:00      0                   33             10        3              0              
1300887804573623344           13        7:00      3                   35             10        1              0              
1300887804573623344           13        8:00      0                   33             10        2              0              
1300887804573623344           13        9:00      2                   31             10        3              0              
1300887804573623344           13        10:00     5                   34             10        2              0              
1300887804573623344           13        11:00     4                   36             10        2              0              
1300887804573623344           13        12:00     0                   33             10        3              0              
1300887804573623344           13        13:00     2                   33             10        2              0              
1300887804573623344           13        14:00     5                   35             10        2              0              
1300887804573623344           13        15:00     1                   30             10        2              0              
1300887804573623344           13        16:00     5                   32             10        1              0              
1300887804573623344           13        17:00     4                   30             10        2              0              
1300887804573623344           13        18:00     5                   32             10        3              0              
1300887804573623344           13        19:00     2                   34             10        0              0              
1300887804573623344           13        20:00     4                   36             10        2              0              
1300887804573623344           13        21:00     1                   36             10        1              0              
1300887804573623344           13        22:00     1                   35             10        1              0              
1300887804573623344           13        23:00     1                   31             10        3              0              
1300887804573623344           14        0:00      4                   33             10        1              0              
1300887804573623344           14        1:00      1                   33             10        1              0              
1300887804573623344           14        2:00      5                   35             10        1              0              
1300887804573623344           14        3:00      3                   33             10        4              0              
1300887804573623344           14        4:00      5                   35             10        3              0              
1300887804573623344           14        5:00      1                   33             10        3              0              
1300887804573623344           14        6:00      0                   29             10        3              0              
1300887804573623344           14        7:00      5                   31             10        3              0              
1300887804573623344           14        8:00      4                   32             10        3              0              
1300887804573623344           14        9:00      3                   33             10        0              0              
1300887804573623344           14        10:00     3                   34             10        1              0              
1300887804573623344           14        11:00     0                   33             10        1              0              
1300887804573623344           14        12:00     2                   30             10        4              0              
1300887804573623344           14        13:00     0                   26             10        4              0              
1300887804573623344           14        14:00     1                   25             10        2              0              
1300887804573623344           14        15:00     5                   27             10        2              0              
1300887804573623344           14        16:00     4                   28             10        1              0              
1300887804573623344           14        17:00     1                   26             10        1              0              
1300887804573623344           14        18:00     3                   28             10        1              0              
1300887804573623344           14        19:00     1                   27             10        2              0              
1300887804573623344           14        20:00     0                   22             10        1              0              
1300887804573623344           14        21:00     3                   24             10        0              0              
1300887804573623344           14        22:00     0                   20             10        1              0              
1300887804573623344           14        23:00     4                   21             10        2              0              
1300887804573623344           15        0:00      4                   23             10        1              0              
1300887804573623344           15        1:00      5                   21             10        7              0              
1300887804573623344           15        2:00      1                   19             10        3              0              
1300887804573623344           15        3:00      0                   18             10        1              0              
1300887804573623344           15        4:00      1                   14             10        5              0              
1300887804573623344           15        5:00      1                   13             10        2              0              
1300887804573623344           15        6:00      1                   13             10        1              0              
1300887804573623344           15        7:00      3                   16             10        0              0              
1300887804573623344           15        8:00      4                   19             10        1              0              
1300887804573623344           15        9:00      1                   15             10        5              0              
1300887804573623344           15        10:00     4                   18             10        1              0              
1300887804573623344           15        11:00     1                   18             10        1              0              
1300887804573623344           15        12:00     2                   18             10        2              0              
1300887804573623344           15        13:00     5                   18             10        4              0              
1300887804573623344           15        14:00     3                   19             10        2              0              
1300887804573623344           15        15:00     4                   22             10        1              0              
1300887804573623344           15        16:00     1                   22             10        1              0              
1300887804573623344           15        17:00     5                   25             10        1              0              
1300887804573623344           15        18:00     0                   21             10        4              0              
1300887804573623344           15        19:00     3                   23             10        1              0              
1300887804573623344           15        20:00     4                   24             10        3              0              
1300887804573623344           15        21:00     3                   26             10        1              0              
1300887804573623344           15        22:00     5                   31             10        0              0              
1300887804573623344           15        23:00     1                   31             10        1              0              
