Sim_N                         Day       AVG_SF_per_Day      
7438716667388115660           1         4.14                
7438716667388115660           2         1.00                
7438716667388115660           3         1.33                
7438716667388115660           4         1.26                
7438716667388115660           5         1.38                
7438716667388115660           6         1.58                
7438716667388115660           7         1.24                
7438716667388115660           8         1.75                
7438716667388115660           9         1.86                
7438716667388115660           10        2.76                
7438716667388115660           11        2.72                
7438716667388115660           12        2.65                
7438716667388115660           13        1.62                
7438716667388115660           14        0.89                
7438716667388115660           15        3.67                
