Sim_N                         Day       AVG_SF_per_Day      
8757166180445999078           1         4.62                
8757166180445999078           2         3.33                
8757166180445999078           3         4.85                
8757166180445999078           4         4.34                
8757166180445999078           5         1.93                
8757166180445999078           6         4.46                
8757166180445999078           7         2.28                
8757166180445999078           8         2.21                
8757166180445999078           9         2.69                
8757166180445999078           10        1.85                
8757166180445999078           11        1.84                
8757166180445999078           12        1.52                
8757166180445999078           13        1.96                
8757166180445999078           14        1.17                
8757166180445999078           15        2.86                
