Sim_N                         Day       AVG_SF_per_Day      
4567919093796467501           1         4.23                
4567919093796467501           2         3.17                
4567919093796467501           3         1.16                
4567919093796467501           4         0.96                
4567919093796467501           5         1.04                
4567919093796467501           6         3.95                
4567919093796467501           7         4.80                
4567919093796467501           8         3.41                
4567919093796467501           9         2.70                
4567919093796467501           10        1.15                
4567919093796467501           11        1.46                
4567919093796467501           12        1.09                
4567919093796467501           13        1.68                
4567919093796467501           14        1.19                
4567919093796467501           15        3.25                
