Sim_N                         Day       AVG_SF_per_Day      
1263775757574265521           1         4.73                
1263775757574265521           2         2.19                
1263775757574265521           3         1.65                
1263775757574265521           4         1.61                
1263775757574265521           5         1.47                
1263775757574265521           6         2.31                
1263775757574265521           7         2.83                
1263775757574265521           8         1.67                
1263775757574265521           9         3.45                
1263775757574265521           10        3.08                
1263775757574265521           11        1.51                
1263775757574265521           12        1.42                
1263775757574265521           13        1.24                
1263775757574265521           14        1.93                
1263775757574265521           15        2.85                
