Sim_N                         Day       AVG_SF_per_Day      
50095841308533764             1         4.25                
50095841308533764             2         2.54                
50095841308533764             3         1.64                
50095841308533764             4         2.00                
50095841308533764             5         2.43                
50095841308533764             6         1.79                
50095841308533764             7         2.02                
50095841308533764             8         2.45                
50095841308533764             9         0.98                
50095841308533764             10        1.50                
50095841308533764             11        1.12                
50095841308533764             12        1.22                
50095841308533764             13        1.99                
50095841308533764             14        0.91                
50095841308533764             15        3.07                
