Sim_N                         Day       AVG_SF_per_Day      
5501135180847022112           1         3.93                
5501135180847022112           2         1.96                
5501135180847022112           3         2.08                
5501135180847022112           4         2.41                
5501135180847022112           5         3.43                
5501135180847022112           6         2.95                
5501135180847022112           7         1.92                
5501135180847022112           8         1.87                
5501135180847022112           9         0.98                
5501135180847022112           10        1.16                
5501135180847022112           11        3.26                
5501135180847022112           12        3.29                
5501135180847022112           13        2.65                
5501135180847022112           14        2.62                
5501135180847022112           15        3.52                
