Sim_N                         Day       AVG_SF_per_Day      
4798720296067554382           1         4.23                
4798720296067554382           2         4.54                
4798720296067554382           3         4.26                
4798720296067554382           4         3.76                
4798720296067554382           5         3.44                
4798720296067554382           6         3.89                
4798720296067554382           7         3.90                
4798720296067554382           8         1.17                
4798720296067554382           9         1.80                
4798720296067554382           10        1.49                
4798720296067554382           11        1.04                
4798720296067554382           12        2.14                
4798720296067554382           13        1.21                
4798720296067554382           14        1.16                
4798720296067554382           15        3.39                
