Sim_N                         Day       AVG_SF_per_Day      
2851197118041378060           1         4.49                
2851197118041378060           2         1.50                
2851197118041378060           3         1.22                
2851197118041378060           4         1.30                
2851197118041378060           5         1.46                
2851197118041378060           6         1.33                
2851197118041378060           7         1.75                
2851197118041378060           8         1.91                
2851197118041378060           9         2.02                
2851197118041378060           10        2.11                
2851197118041378060           11        1.15                
2851197118041378060           12        1.29                
2851197118041378060           13        3.70                
2851197118041378060           14        2.66                
2851197118041378060           15        2.95                
