Sim_N                         Day       AVG_SF_per_Day      
7034299096492126873           1         4.96                
7034299096492126873           2         4.36                
7034299096492126873           3         2.96                
7034299096492126873           4         1.82                
7034299096492126873           5         0.85                
7034299096492126873           6         2.04                
7034299096492126873           7         1.63                
7034299096492126873           8         1.31                
7034299096492126873           9         0.93                
7034299096492126873           10        0.71                
7034299096492126873           11        2.05                
7034299096492126873           12        0.89                
7034299096492126873           13        1.17                
7034299096492126873           14        1.57                
7034299096492126873           15        3.58                
