Sim_N                         Day       AVG_SF_per_Day      
6306979581958892106           1         4.96                
6306979581958892106           2         4.46                
6306979581958892106           3         4.77                
6306979581958892106           4         4.88                
6306979581958892106           5         4.94                
6306979581958892106           6         4.10                
6306979581958892106           7         1.21                
6306979581958892106           8         1.37                
6306979581958892106           9         0.92                
6306979581958892106           10        1.00                
6306979581958892106           11        1.46                
6306979581958892106           12        1.15                
6306979581958892106           13        2.50                
6306979581958892106           14        1.34                
6306979581958892106           15        3.13                
