Sim_N                         Day       AVG_SF_per_Day      
8339377106025299152           1         4.71                
8339377106025299152           2         4.82                
8339377106025299152           3         4.37                
8339377106025299152           4         3.98                
8339377106025299152           5         2.22                
8339377106025299152           6         1.67                
8339377106025299152           7         0.80                
8339377106025299152           8         2.56                
8339377106025299152           9         1.19                
8339377106025299152           10        0.65                
8339377106025299152           11        1.11                
8339377106025299152           12        1.89                
8339377106025299152           13        1.61                
8339377106025299152           14        1.58                
8339377106025299152           15        2.92                
