Sim_N                         Day       AVG_SF_per_Day      
443650281438481127            1         4.67                
443650281438481127            2         4.99                
443650281438481127            3         5.00                
443650281438481127            4         4.98                
443650281438481127            5         4.98                
443650281438481127            6         4.96                
443650281438481127            7         4.98                
443650281438481127            8         4.99                
443650281438481127            9         4.42                
443650281438481127            10        4.44                
443650281438481127            11        4.86                
443650281438481127            12        5.00                
443650281438481127            13        4.13                
443650281438481127            14        4.94                
443650281438481127            15        4.84                
