Sim_N                         Day       AVG_SF_per_Day      
4166591932102307070           1         4.90                
4166591932102307070           2         4.27                
4166591932102307070           3         4.91                
4166591932102307070           4         4.99                
4166591932102307070           5         5.00                
4166591932102307070           6         4.36                
4166591932102307070           7         4.97                
4166591932102307070           8         5.00                
4166591932102307070           9         4.70                
4166591932102307070           10        4.82                
4166591932102307070           11        4.83                
4166591932102307070           12        4.98                
4166591932102307070           13        5.00                
4166591932102307070           14        4.54                
4166591932102307070           15        4.80                
