Sim_N                         Day       AVG_SF_per_Day      
8418559708329560843           1         5.00                
8418559708329560843           2         4.82                
8418559708329560843           3         5.00                
8418559708329560843           4         4.47                
8418559708329560843           5         3.87                
8418559708329560843           6         4.96                
8418559708329560843           7         4.99                
8418559708329560843           8         5.00                
8418559708329560843           9         5.00                
8418559708329560843           10        4.99                
8418559708329560843           11        4.98                
8418559708329560843           12        5.00                
8418559708329560843           13        5.00                
8418559708329560843           14        4.97                
8418559708329560843           15        5.00                
