Sim_N                         Day       AVG_SF_per_Day      
2830812698734466394           1         5.00                
2830812698734466394           2         4.99                
2830812698734466394           3         4.62                
2830812698734466394           4         4.60                
2830812698734466394           5         4.99                
2830812698734466394           6         5.00                
2830812698734466394           7         5.00                
2830812698734466394           8         4.91                
2830812698734466394           9         4.16                
2830812698734466394           10        4.31                
2830812698734466394           11        4.99                
2830812698734466394           12        4.52                
2830812698734466394           13        4.91                
2830812698734466394           14        4.47                
2830812698734466394           15        4.98                
