Sim_N                         Day       AVG_SF_per_Day      
2175809480805179159           1         5.00                
2175809480805179159           2         5.00                
2175809480805179159           3         5.00                
2175809480805179159           4         5.00                
2175809480805179159           5         5.00                
2175809480805179159           6         5.00                
2175809480805179159           7         4.92                
2175809480805179159           8         4.97                
2175809480805179159           9         4.91                
2175809480805179159           10        5.00                
2175809480805179159           11        5.00                
2175809480805179159           12        5.00                
2175809480805179159           13        4.83                
2175809480805179159           14        4.98                
2175809480805179159           15        4.88                
