Sim_N                         Day       AVG_SF_per_Day      
1168997540044892058           1         5.00                
1168997540044892058           2         5.00                
1168997540044892058           3         4.87                
1168997540044892058           4         4.46                
1168997540044892058           5         4.86                
1168997540044892058           6         4.99                
1168997540044892058           7         4.96                
1168997540044892058           8         4.98                
1168997540044892058           9         5.00                
1168997540044892058           10        5.00                
1168997540044892058           11        5.00                
1168997540044892058           12        4.67                
1168997540044892058           13        4.61                
1168997540044892058           14        4.72                
1168997540044892058           15        4.88                
