Sim_N                         Day       AVG_SF_per_Day      
4058150556056546764           1         4.97                
4058150556056546764           2         4.10                
4058150556056546764           3         4.86                
4058150556056546764           4         5.00                
4058150556056546764           5         4.26                
4058150556056546764           6         4.25                
4058150556056546764           7         4.76                
4058150556056546764           8         4.93                
4058150556056546764           9         4.96                
4058150556056546764           10        4.96                
4058150556056546764           11        4.87                
4058150556056546764           12        4.62                
4058150556056546764           13        4.97                
4058150556056546764           14        4.93                
4058150556056546764           15        4.92                
