Sim_N                         Day       AVG_SF_per_Day      
1534335034483272987           1         5.00                
1534335034483272987           2         4.99                
1534335034483272987           3         4.39                
1534335034483272987           4         4.99                
1534335034483272987           5         4.99                
1534335034483272987           6         4.94                
1534335034483272987           7         4.75                
1534335034483272987           8         4.99                
1534335034483272987           9         4.92                
1534335034483272987           10        4.70                
1534335034483272987           11        5.00                
1534335034483272987           12        5.00                
1534335034483272987           13        4.92                
1534335034483272987           14        5.00                
1534335034483272987           15        4.99                
