Sim_N                         Day       AVG_SF_per_Day      
4331749826476696676           1         5.00                
4331749826476696676           2         4.97                
4331749826476696676           3         5.00                
4331749826476696676           4         4.51                
4331749826476696676           5         4.94                
4331749826476696676           6         5.00                
4331749826476696676           7         4.99                
4331749826476696676           8         4.91                
4331749826476696676           9         4.99                
4331749826476696676           10        4.77                
4331749826476696676           11        4.51                
4331749826476696676           12        4.86                
4331749826476696676           13        4.42                
4331749826476696676           14        4.60                
4331749826476696676           15        4.94                
