Sim_N                         Day       AVG_SF_per_Day      
1401780175525971021           1         4.95                
1401780175525971021           2         4.98                
1401780175525971021           3         4.98                
1401780175525971021           4         5.00                
1401780175525971021           5         4.68                
1401780175525971021           6         4.97                
1401780175525971021           7         5.00                
1401780175525971021           8         5.00                
1401780175525971021           9         4.74                
1401780175525971021           10        4.95                
1401780175525971021           11        4.98                
1401780175525971021           12        4.96                
1401780175525971021           13        4.72                
1401780175525971021           14        4.98                
1401780175525971021           15        5.00                
