Sim_N                         Day       AVG_SF_per_Day      
8869216537952440196           1         5.00                
8869216537952440196           2         4.97                
8869216537952440196           3         4.52                
8869216537952440196           4         5.00                
8869216537952440196           5         5.00                
8869216537952440196           6         4.97                
8869216537952440196           7         4.75                
8869216537952440196           8         4.38                
8869216537952440196           9         4.37                
8869216537952440196           10        3.79                
8869216537952440196           11        4.57                
8869216537952440196           12        4.55                
8869216537952440196           13        5.00                
8869216537952440196           14        4.99                
8869216537952440196           15        5.00                
