Sim_N                         Day       AVG_SF_per_Day      
853881747795299042            1         4.98                
853881747795299042            2         5.00                
853881747795299042            3         4.83                
853881747795299042            4         5.00                
853881747795299042            5         4.99                
853881747795299042            6         4.88                
853881747795299042            7         4.60                
853881747795299042            8         4.94                
853881747795299042            9         5.00                
853881747795299042            10        4.97                
853881747795299042            11        4.91                
853881747795299042            12        5.00                
853881747795299042            13        5.00                
853881747795299042            14        4.87                
853881747795299042            15        4.98                
