Sim_N                         Day       AVG_SF_per_Day      
4483483552205775129           1         4.97                
4483483552205775129           2         3.78                
4483483552205775129           3         4.82                
4483483552205775129           4         4.87                
4483483552205775129           5         4.93                
4483483552205775129           6         4.97                
4483483552205775129           7         4.84                
4483483552205775129           8         5.00                
4483483552205775129           9         5.00                
4483483552205775129           10        5.00                
4483483552205775129           11        4.96                
4483483552205775129           12        5.00                
4483483552205775129           13        5.00                
4483483552205775129           14        5.00                
4483483552205775129           15        5.00                
