Sim_N                         Day       AVG_SF_per_Day      
2466851993179556091           1         4.99                
2466851993179556091           2         4.57                
2466851993179556091           3         4.97                
2466851993179556091           4         5.00                
2466851993179556091           5         5.00                
2466851993179556091           6         4.53                
2466851993179556091           7         4.94                
2466851993179556091           8         4.84                
2466851993179556091           9         5.00                
2466851993179556091           10        5.00                
2466851993179556091           11        4.91                
2466851993179556091           12        4.92                
2466851993179556091           13        5.00                
2466851993179556091           14        4.98                
2466851993179556091           15        4.63                
