Sim_N                         Day       AVG_SF_per_Day      
288688214326601070            1         4.96                
288688214326601070            2         4.99                
288688214326601070            3         4.98                
288688214326601070            4         4.83                
288688214326601070            5         4.69                
288688214326601070            6         4.90                
288688214326601070            7         4.98                
288688214326601070            8         4.97                
288688214326601070            9         4.98                
288688214326601070            10        5.00                
288688214326601070            11        4.40                
288688214326601070            12        4.79                
288688214326601070            13        5.00                
288688214326601070            14        4.81                
288688214326601070            15        4.96                
