Sim_N                         Day       AVG_SF_per_Day      
5897200454792280572           1         5.00                
5897200454792280572           2         4.50                
5897200454792280572           3         4.75                
5897200454792280572           4         4.89                
5897200454792280572           5         4.74                
5897200454792280572           6         5.00                
5897200454792280572           7         5.00                
5897200454792280572           8         5.00                
5897200454792280572           9         4.69                
5897200454792280572           10        4.99                
5897200454792280572           11        4.94                
5897200454792280572           12        4.53                
5897200454792280572           13        5.00                
5897200454792280572           14        4.34                
5897200454792280572           15        4.93                
