Sim_N                         Day       AVG_SF_per_Day      
8992841132286680660           1         4.99                
8992841132286680660           2         3.73                
8992841132286680660           3         3.41                
8992841132286680660           4         2.30                
8992841132286680660           5         3.61                
8992841132286680660           6         4.00                
8992841132286680660           7         4.69                
8992841132286680660           8         3.45                
8992841132286680660           9         3.21                
8992841132286680660           10        2.93                
8992841132286680660           11        2.89                
8992841132286680660           12        2.94                
8992841132286680660           13        4.78                
8992841132286680660           14        4.99                
8992841132286680660           15        4.87                
