Sim_N                         Day       AVG_SF_per_Day      
8489614956093560489           1         4.37                
8489614956093560489           2         3.19                
8489614956093560489           3         2.97                
8489614956093560489           4         2.69                
8489614956093560489           5         3.10                
8489614956093560489           6         2.82                
8489614956093560489           7         3.25                
8489614956093560489           8         3.51                
8489614956093560489           9         3.35                
8489614956093560489           10        3.29                
8489614956093560489           11        3.03                
8489614956093560489           12        3.19                
8489614956093560489           13        2.15                
8489614956093560489           14        2.17                
8489614956093560489           15        3.43                
