Sim_N                         Day       AVG_SF_per_Day      
3007947361211124153           1         4.14                
3007947361211124153           2         3.56                
3007947361211124153           3         2.96                
3007947361211124153           4         2.92                
3007947361211124153           5         3.49                
3007947361211124153           6         3.55                
3007947361211124153           7         3.18                
3007947361211124153           8         4.23                
3007947361211124153           9         4.22                
3007947361211124153           10        4.23                
3007947361211124153           11        3.04                
3007947361211124153           12        3.05                
3007947361211124153           13        4.84                
3007947361211124153           14        4.33                
3007947361211124153           15        4.28                
