Sim_N                         Day       AVG_SF_per_Day      
1869094356968278597           1         3.46                
1869094356968278597           2         3.19                
1869094356968278597           3         3.20                
1869094356968278597           4         2.82                
1869094356968278597           5         2.39                
1869094356968278597           6         2.87                
1869094356968278597           7         3.30                
1869094356968278597           8         2.76                
1869094356968278597           9         3.38                
1869094356968278597           10        3.17                
1869094356968278597           11        2.95                
1869094356968278597           12        3.22                
1869094356968278597           13        4.67                
1869094356968278597           14        3.57                
1869094356968278597           15        3.74                
