Sim_N                         Day       AVG_SF_per_Day      
5620088155516714074           1         4.45                
5620088155516714074           2         2.84                
5620088155516714074           3         3.17                
5620088155516714074           4         2.96                
5620088155516714074           5         3.20                
5620088155516714074           6         3.23                
5620088155516714074           7         2.89                
5620088155516714074           8         2.73                
5620088155516714074           9         4.29                
5620088155516714074           10        4.77                
5620088155516714074           11        3.57                
5620088155516714074           12        3.29                
5620088155516714074           13        3.84                
5620088155516714074           14        3.24                
5620088155516714074           15        4.20                
