Sim_N                         Day       AVG_SF_per_Day      
7920943976727835270           1         4.03                
7920943976727835270           2         3.81                
7920943976727835270           3         3.59                
7920943976727835270           4         3.42                
7920943976727835270           5         3.99                
7920943976727835270           6         4.01                
7920943976727835270           7         3.03                
7920943976727835270           8         2.83                
7920943976727835270           9         3.46                
7920943976727835270           10        3.35                
7920943976727835270           11        2.93                
7920943976727835270           12        2.91                
7920943976727835270           13        3.00                
7920943976727835270           14        3.63                
7920943976727835270           15        4.19                
