Sim_N                         Day       AVG_SF_per_Day      
6218321280539959127           1         4.97                
6218321280539959127           2         3.05                
6218321280539959127           3         3.04                
6218321280539959127           4         3.46                
6218321280539959127           5         2.95                
6218321280539959127           6         3.91                
6218321280539959127           7         4.46                
6218321280539959127           8         2.51                
6218321280539959127           9         2.89                
6218321280539959127           10        3.03                
6218321280539959127           11        3.41                
6218321280539959127           12        3.84                
6218321280539959127           13        3.37                
6218321280539959127           14        3.07                
6218321280539959127           15        4.09                
