Sim_N                         Day       AVG_SF_per_Day      
2449004234636188823           1         4.66                
2449004234636188823           2         2.66                
2449004234636188823           3         3.21                
2449004234636188823           4         2.99                
2449004234636188823           5         3.28                
2449004234636188823           6         3.09                
2449004234636188823           7         3.37                
2449004234636188823           8         3.36                
2449004234636188823           9         3.54                
2449004234636188823           10        3.38                
2449004234636188823           11        2.83                
2449004234636188823           12        3.58                
2449004234636188823           13        2.72                
2449004234636188823           14        2.32                
2449004234636188823           15        3.93                
