Sim_N                         Day       AVG_SF_per_Day      
8919410298721606113           1         3.34                
8919410298721606113           2         2.83                
8919410298721606113           3         3.73                
8919410298721606113           4         3.60                
8919410298721606113           5         3.45                
8919410298721606113           6         2.95                
8919410298721606113           7         2.94                
8919410298721606113           8         3.77                
8919410298721606113           9         2.54                
8919410298721606113           10        2.83                
8919410298721606113           11        3.78                
8919410298721606113           12        3.54                
8919410298721606113           13        3.29                
8919410298721606113           14        3.92                
8919410298721606113           15        4.15                
