Sim_N                         Day       AVG_SF_per_Day      
5348096982344933108           1         4.92                
5348096982344933108           2         3.38                
5348096982344933108           3         3.91                
5348096982344933108           4         3.85                
5348096982344933108           5         4.03                
5348096982344933108           6         2.71                
5348096982344933108           7         3.71                
5348096982344933108           8         3.86                
5348096982344933108           9         3.10                
5348096982344933108           10        3.63                
5348096982344933108           11        3.19                
5348096982344933108           12        3.42                
5348096982344933108           13        3.46                
5348096982344933108           14        3.65                
5348096982344933108           15        4.21                
