Sim_N                         Day       AVG_SF_per_Day      
245367673409519949            1         4.19                
245367673409519949            2         3.23                
245367673409519949            3         4.28                
245367673409519949            4         4.34                
245367673409519949            5         3.72                
245367673409519949            6         2.78                
245367673409519949            7         4.38                
245367673409519949            8         2.99                
245367673409519949            9         2.34                
245367673409519949            10        2.89                
245367673409519949            11        3.44                
245367673409519949            12        3.31                
245367673409519949            13        2.92                
245367673409519949            14        3.25                
245367673409519949            15        4.10                
