Sim_N                         Day       AVG_SF_per_Day      
2915504226468698543           1         4.96                
2915504226468698543           2         3.78                
2915504226468698543           3         2.66                
2915504226468698543           4         3.61                
2915504226468698543           5         4.25                
2915504226468698543           6         4.68                
2915504226468698543           7         2.86                
2915504226468698543           8         3.68                
2915504226468698543           9         4.45                
2915504226468698543           10        3.56                
2915504226468698543           11        2.90                
2915504226468698543           12        3.48                
2915504226468698543           13        3.91                
2915504226468698543           14        3.97                
2915504226468698543           15        3.75                
