Sim_N                         Day       AVG_SF_per_Day      
4852624027596618371           1         4.37                
4852624027596618371           2         3.54                
4852624027596618371           3         3.33                
4852624027596618371           4         3.19                
4852624027596618371           5         4.10                
4852624027596618371           6         3.60                
4852624027596618371           7         3.24                
4852624027596618371           8         3.30                
4852624027596618371           9         4.04                
4852624027596618371           10        4.82                
4852624027596618371           11        4.60                
4852624027596618371           12        3.70                
4852624027596618371           13        4.03                
4852624027596618371           14        3.13                
4852624027596618371           15        3.90                
