Sim_N                         Day       AVG_SF_per_Day      
2336832732435020885           1         3.65                
2336832732435020885           2         3.06                
2336832732435020885           3         3.86                
2336832732435020885           4         4.24                
2336832732435020885           5         4.44                
2336832732435020885           6         3.64                
2336832732435020885           7         4.79                
2336832732435020885           8         4.99                
2336832732435020885           9         3.94                
2336832732435020885           10        3.84                
2336832732435020885           11        3.75                
2336832732435020885           12        4.15                
2336832732435020885           13        3.47                
2336832732435020885           14        2.87                
2336832732435020885           15        4.49                
