Sim_N                         Day       AVG_SF_per_Day      
7478370611891183424           1         4.59                
7478370611891183424           2         4.69                
7478370611891183424           3         4.73                
7478370611891183424           4         3.89                
7478370611891183424           5         3.17                
7478370611891183424           6         2.85                
7478370611891183424           7         2.97                
7478370611891183424           8         3.26                
7478370611891183424           9         3.75                
7478370611891183424           10        3.12                
7478370611891183424           11        4.62                
7478370611891183424           12        3.19                
7478370611891183424           13        3.11                
7478370611891183424           14        3.72                
7478370611891183424           15        3.95                
