Sim_N                         Day       Time      New_Patients        Waiting        Assigned  Discharged     Beds_Avail_EOH 
7025269595769077929           1         0:00      5                   0              5         0              10             
7025269595769077929           1         1:00      5                   0              10        0              5              
7025269595769077929           1         2:00      2                   0              10        2              5              
7025269595769077929           1         3:00      1                   0              9         2              6              
7025269595769077929           1         4:00      3                   0              8         4              7              
7025269595769077929           1         5:00      2                   0              9         1              6              
7025269595769077929           1         6:00      5                   0              12        2              3              
7025269595769077929           1         7:00      2                   0              14        0              1              
7025269595769077929           1         8:00      4                   1              15        2              0              
7025269595769077929           1         9:00      1                   0              14        3              1              
7025269595769077929           1         10:00     5                   3              15        1              0              
7025269595769077929           1         11:00     5                   8              15        0              0              
7025269595769077929           1         12:00     3                   10             15        1              0              
7025269595769077929           1         13:00     2                   10             15        2              0              
7025269595769077929           1         14:00     1                   8              15        3              0              
7025269595769077929           1         15:00     1                   5              15        4              0              
7025269595769077929           1         16:00     1                   4              15        2              0              
7025269595769077929           1         17:00     0                   3              15        1              0              
7025269595769077929           1         18:00     0                   0              11        7              4              
7025269595769077929           1         19:00     0                   0              8         3              7              
7025269595769077929           1         20:00     2                   0              10        0              5              
7025269595769077929           1         21:00     3                   0              10        3              5              
7025269595769077929           1         22:00     4                   0              12        2              3              
7025269595769077929           1         23:00     4                   0              11        5              4              
7025269595769077929           2         0:00      3                   0              8         6              7              
7025269595769077929           2         1:00      0                   0              7         1              8              
7025269595769077929           2         2:00      2                   0              9         0              6              
7025269595769077929           2         3:00      3                   0              10        2              5              
7025269595769077929           2         4:00      4                   0              11        3              4              
7025269595769077929           2         5:00      1                   0              8         4              7              
7025269595769077929           2         6:00      4                   0              12        0              3              
7025269595769077929           2         7:00      3                   0              12        3              3              
7025269595769077929           2         8:00      3                   0              13        2              2              
7025269595769077929           2         9:00      2                   0              13        2              2              
7025269595769077929           2         10:00     1                   0              13        1              2              
7025269595769077929           2         11:00     4                   1              15        1              0              
7025269595769077929           2         12:00     2                   0              14        4              1              
7025269595769077929           2         13:00     1                   0              13        2              2              
7025269595769077929           2         14:00     2                   0              11        4              4              
7025269595769077929           2         15:00     4                   0              12        3              3              
7025269595769077929           2         16:00     3                   0              12        3              3              
7025269595769077929           2         17:00     4                   0              14        2              1              
7025269595769077929           2         18:00     0                   0              12        2              3              
7025269595769077929           2         19:00     1                   0              11        2              4              
7025269595769077929           2         20:00     2                   0              10        3              5              
7025269595769077929           2         21:00     5                   0              13        1              2              
7025269595769077929           2         22:00     4                   0              15        2              0              
7025269595769077929           2         23:00     3                   2              15        1              0              
7025269595769077929           3         0:00      1                   0              12        6              3              
7025269595769077929           3         1:00      1                   0              13        0              2              
7025269595769077929           3         2:00      1                   0              13        1              2              
7025269595769077929           3         3:00      3                   0              13        3              2              
7025269595769077929           3         4:00      5                   2              15        1              0              
7025269595769077929           3         5:00      0                   0              15        2              0              
7025269595769077929           3         6:00      5                   1              15        4              0              
7025269595769077929           3         7:00      0                   0              11        5              4              
7025269595769077929           3         8:00      2                   0              10        3              5              
7025269595769077929           3         9:00      1                   0              10        1              5              
7025269595769077929           3         10:00     1                   0              9         2              6              
7025269595769077929           3         11:00     3                   0              10        2              5              
7025269595769077929           3         12:00     0                   0              3         7              12             
7025269595769077929           3         13:00     4                   0              6         1              9              
7025269595769077929           3         14:00     2                   0              7         1              8              
7025269595769077929           3         15:00     0                   0              5         2              10             
7025269595769077929           3         16:00     1                   0              4         2              11             
7025269595769077929           3         17:00     2                   0              5         1              10             
7025269595769077929           3         18:00     4                   0              7         2              8              
7025269595769077929           3         19:00     3                   0              7         3              8              
7025269595769077929           3         20:00     1                   0              8         0              7              
7025269595769077929           3         21:00     1                   0              7         2              8              
7025269595769077929           3         22:00     3                   0              6         4              9              
7025269595769077929           3         23:00     4                   0              8         1              7              
7025269595769077929           4         0:00      5                   0              11        2              4              
7025269595769077929           4         1:00      5                   0              13        3              2              
7025269595769077929           4         2:00      2                   0              14        1              1              
7025269595769077929           4         3:00      0                   0              10        4              5              
7025269595769077929           4         4:00      2                   0              11        1              4              
7025269595769077929           4         5:00      2                   0              12        1              3              
7025269595769077929           4         6:00      2                   0              14        0              1              
7025269595769077929           4         7:00      1                   0              13        2              2              
7025269595769077929           4         8:00      5                   1              15        2              0              
7025269595769077929           4         9:00      4                   0              15        4              0              
7025269595769077929           4         10:00     2                   0              13        4              2              
7025269595769077929           4         11:00     3                   0              14        2              1              
7025269595769077929           4         12:00     2                   0              13        3              2              
7025269595769077929           4         13:00     4                   0              14        2              1              
7025269595769077929           4         14:00     2                   0              14        2              1              
7025269595769077929           4         15:00     3                   0              10        7              5              
7025269595769077929           4         16:00     5                   0              13        2              2              
7025269595769077929           4         17:00     0                   0              10        3              5              
7025269595769077929           4         18:00     1                   0              9         2              6              
7025269595769077929           4         19:00     3                   0              10        2              5              
7025269595769077929           4         20:00     4                   0              9         5              6              
7025269595769077929           4         21:00     0                   0              6         3              9              
7025269595769077929           4         22:00     1                   0              6         1              9              
7025269595769077929           4         23:00     0                   0              4         2              11             
7025269595769077929           5         0:00      0                   0              4         0              11             
7025269595769077929           5         1:00      1                   0              4         1              11             
7025269595769077929           5         2:00      4                   0              8         0              7              
7025269595769077929           5         3:00      0                   0              5         3              10             
7025269595769077929           5         4:00      4                   0              6         3              9              
7025269595769077929           5         5:00      2                   0              7         1              8              
7025269595769077929           5         6:00      1                   0              5         3              10             
7025269595769077929           5         7:00      1                   0              4         2              11             
7025269595769077929           5         8:00      0                   0              4         0              11             
7025269595769077929           5         9:00      0                   0              4         0              11             
7025269595769077929           5         10:00     0                   0              3         1              12             
7025269595769077929           5         11:00     2                   0              5         0              10             
7025269595769077929           5         12:00     1                   0              5         1              10             
7025269595769077929           5         13:00     1                   0              4         2              11             
7025269595769077929           5         14:00     5                   0              7         2              8              
7025269595769077929           5         15:00     1                   0              6         2              9              
7025269595769077929           5         16:00     5                   0              7         4              8              
7025269595769077929           5         17:00     1                   0              7         1              8              
7025269595769077929           5         18:00     5                   0              11        1              4              
7025269595769077929           5         19:00     5                   0              14        1              1              
7025269595769077929           5         20:00     4                   0              11        7              4              
7025269595769077929           5         21:00     5                   0              14        2              1              
7025269595769077929           5         22:00     4                   0              12        6              3              
7025269595769077929           5         23:00     4                   1              15        0              0              
7025269595769077929           6         0:00      4                   2              15        3              0              
7025269595769077929           6         1:00      1                   1              15        2              0              
7025269595769077929           6         2:00      5                   6              15        0              0              
7025269595769077929           6         3:00      4                   7              15        3              0              
7025269595769077929           6         4:00      2                   4              15        5              0              
7025269595769077929           6         5:00      1                   4              15        1              0              
7025269595769077929           6         6:00      2                   3              15        3              0              
7025269595769077929           6         7:00      0                   0              13        5              2              
7025269595769077929           6         8:00      1                   0              9         5              6              
7025269595769077929           6         9:00      3                   0              9         3              6              
7025269595769077929           6         10:00     2                   0              6         5              9              
7025269595769077929           6         11:00     0                   0              4         2              11             
7025269595769077929           6         12:00     1                   0              5         0              10             
7025269595769077929           6         13:00     4                   0              7         2              8              
7025269595769077929           6         14:00     2                   0              9         0              6              
7025269595769077929           6         15:00     0                   0              5         4              10             
7025269595769077929           6         16:00     0                   0              3         2              12             
7025269595769077929           6         17:00     1                   0              4         0              11             
7025269595769077929           6         18:00     1                   0              3         2              12             
7025269595769077929           6         19:00     0                   0              3         0              12             
7025269595769077929           6         20:00     3                   0              4         2              11             
7025269595769077929           6         21:00     2                   0              5         1              10             
7025269595769077929           6         22:00     4                   0              7         1              8              
7025269595769077929           6         23:00     1                   0              8         0              7              
7025269595769077929           7         0:00      0                   0              7         1              8              
7025269595769077929           7         1:00      1                   0              4         4              11             
7025269595769077929           7         2:00      0                   0              4         0              11             
7025269595769077929           7         3:00      4                   0              7         1              8              
7025269595769077929           7         4:00      4                   0              9         2              6              
7025269595769077929           7         5:00      1                   0              10        0              5              
7025269595769077929           7         6:00      2                   0              9         3              6              
7025269595769077929           7         7:00      2                   0              8         3              7              
7025269595769077929           7         8:00      3                   0              9         2              6              
7025269595769077929           7         9:00      5                   0              13        1              2              
7025269595769077929           7         10:00     4                   1              15        1              0              
7025269595769077929           7         11:00     5                   4              15        2              0              
7025269595769077929           7         12:00     4                   4              15        3              0              
7025269595769077929           7         13:00     3                   6              15        1              0              
7025269595769077929           7         14:00     4                   10             15        0              0              
7025269595769077929           7         15:00     2                   7              15        5              0              
7025269595769077929           7         16:00     3                   9              15        1              0              
7025269595769077929           7         17:00     1                   7              15        3              0              
7025269595769077929           7         18:00     5                   8              15        4              0              
7025269595769077929           7         19:00     1                   8              15        1              0              
7025269595769077929           7         20:00     2                   7              15        3              0              
7025269595769077929           7         21:00     2                   5              15        4              0              
7025269595769077929           7         22:00     4                   4              15        5              0              
7025269595769077929           7         23:00     2                   5              15        1              0              
7025269595769077929           8         0:00      0                   3              15        2              0              
7025269595769077929           8         1:00      1                   2              15        2              0              
7025269595769077929           8         2:00      2                   0              15        4              0              
7025269595769077929           8         3:00      5                   0              15        5              0              
7025269595769077929           8         4:00      2                   0              15        2              0              
7025269595769077929           8         5:00      2                   0              14        2              1              
7025269595769077929           8         6:00      5                   0              15        4              0              
7025269595769077929           8         7:00      5                   2              15        3              0              
7025269595769077929           8         8:00      3                   3              15        2              0              
7025269595769077929           8         9:00      0                   0              11        7              4              
7025269595769077929           8         10:00     3                   0              12        2              3              
7025269595769077929           8         11:00     4                   0              13        3              2              
7025269595769077929           8         12:00     2                   0              13        2              2              
7025269595769077929           8         13:00     3                   0              15        1              0              
7025269595769077929           8         14:00     1                   0              14        2              1              
7025269595769077929           8         15:00     5                   1              15        3              0              
7025269595769077929           8         16:00     1                   0              15        2              0              
7025269595769077929           8         17:00     4                   1              15        2              0              
7025269595769077929           8         18:00     1                   0              14        3              1              
7025269595769077929           8         19:00     5                   1              15        2              0              
7025269595769077929           8         20:00     4                   2              15        2              0              
7025269595769077929           8         21:00     1                   0              12        6              3              
7025269595769077929           8         22:00     3                   0              13        2              2              
7025269595769077929           8         23:00     5                   0              13        5              2              
7025269595769077929           9         0:00      5                   1              15        2              0              
7025269595769077929           9         1:00      4                   0              13        6              2              
7025269595769077929           9         2:00      0                   0              10        3              5              
7025269595769077929           9         3:00      5                   0              14        1              1              
7025269595769077929           9         4:00      4                   0              14        4              1              
7025269595769077929           9         5:00      1                   0              11        4              4              
7025269595769077929           9         6:00      3                   0              11        2              4              
7025269595769077929           9         7:00      1                   0              11        1              4              
7025269595769077929           9         8:00      4                   0              11        3              4              
7025269595769077929           9         9:00      2                   0              10        3              5              
7025269595769077929           9         10:00     5                   0              12        2              3              
7025269595769077929           9         11:00     2                   0              9         5              6              
7025269595769077929           9         12:00     2                   0              10        1              5              
7025269595769077929           9         13:00     4                   0              11        2              4              
7025269595769077929           9         14:00     1                   0              10        2              5              
7025269595769077929           9         15:00     2                   0              8         4              7              
7025269595769077929           9         16:00     4                   0              10        2              5              
7025269595769077929           9         17:00     4                   0              10        3              5              
7025269595769077929           9         18:00     3                   0              11        2              4              
7025269595769077929           9         19:00     5                   0              12        3              3              
7025269595769077929           9         20:00     4                   0              14        2              1              
7025269595769077929           9         21:00     2                   0              11        5              4              
7025269595769077929           9         22:00     4                   0              12        3              3              
7025269595769077929           9         23:00     4                   0              12        4              3              
7025269595769077929           10        0:00      4                   0              14        2              1              
7025269595769077929           10        1:00      2                   0              10        6              5              
7025269595769077929           10        2:00      4                   0              11        3              4              
7025269595769077929           10        3:00      2                   0              12        1              3              
7025269595769077929           10        4:00      4                   0              13        3              2              
7025269595769077929           10        5:00      3                   0              14        2              1              
7025269595769077929           10        6:00      1                   0              12        3              3              
7025269595769077929           10        7:00      3                   0              12        3              3              
7025269595769077929           10        8:00      4                   0              15        0              0              
7025269595769077929           10        9:00      4                   0              14        5              1              
7025269595769077929           10        10:00     3                   1              15        1              0              
7025269595769077929           10        11:00     3                   2              15        2              0              
7025269595769077929           10        12:00     5                   4              15        2              0              
7025269595769077929           10        13:00     2                   4              15        2              0              
7025269595769077929           10        14:00     2                   5              15        1              0              
7025269595769077929           10        15:00     4                   7              15        2              0              
7025269595769077929           10        16:00     1                   8              15        0              0              
7025269595769077929           10        17:00     0                   6              15        2              0              
7025269595769077929           10        18:00     5                   10             15        1              0              
7025269595769077929           10        19:00     5                   12             15        3              0              
7025269595769077929           10        20:00     5                   13             15        2              0              
7025269595769077929           10        21:00     2                   13             15        2              0              
7025269595769077929           10        22:00     1                   11             15        3              0              
7025269595769077929           10        23:00     3                   10             15        4              0              
7025269595769077929           11        0:00      0                   6              15        4              0              
7025269595769077929           11        1:00      2                   5              15        3              0              
7025269595769077929           11        2:00      3                   7              15        1              0              
7025269595769077929           11        3:00      3                   9              15        1              0              
7025269595769077929           11        4:00      2                   10             15        1              0              
7025269595769077929           11        5:00      3                   11             15        2              0              
7025269595769077929           11        6:00      5                   11             15        5              0              
7025269595769077929           11        7:00      1                   11             15        1              0              
7025269595769077929           11        8:00      5                   14             15        2              0              
7025269595769077929           11        9:00      0                   13             15        1              0              
7025269595769077929           11        10:00     1                   8              15        6              0              
7025269595769077929           11        11:00     0                   6              15        2              0              
7025269595769077929           11        12:00     2                   4              15        4              0              
7025269595769077929           11        13:00     4                   2              15        6              0              
7025269595769077929           11        14:00     0                   0              15        2              0              
7025269595769077929           11        15:00     5                   2              15        3              0              
7025269595769077929           11        16:00     2                   1              15        3              0              
7025269595769077929           11        17:00     2                   0              14        4              1              
7025269595769077929           11        18:00     2                   0              13        3              2              
7025269595769077929           11        19:00     3                   0              12        4              3              
7025269595769077929           11        20:00     0                   0              8         4              7              
7025269595769077929           11        21:00     0                   0              7         1              8              
7025269595769077929           11        22:00     1                   0              7         1              8              
7025269595769077929           11        23:00     0                   0              5         2              10             
7025269595769077929           12        0:00      1                   0              4         2              11             
7025269595769077929           12        1:00      3                   0              7         0              8              
7025269595769077929           12        2:00      3                   0              10        0              5              
7025269595769077929           12        3:00      5                   0              12        3              3              
7025269595769077929           12        4:00      4                   0              11        5              4              
7025269595769077929           12        5:00      2                   0              10        2              5              
7025269595769077929           12        6:00      3                   0              11        2              4              
7025269595769077929           12        7:00      3                   0              12        2              3              
7025269595769077929           12        8:00      1                   0              10        3              5              
7025269595769077929           12        9:00      0                   0              9         1              6              
7025269595769077929           12        10:00     0                   0              7         2              8              
7025269595769077929           12        11:00     4                   0              10        1              5              
7025269595769077929           12        12:00     4                   0              11        3              4              
7025269595769077929           12        13:00     2                   0              13        0              2              
7025269595769077929           12        14:00     1                   0              13        1              2              
7025269595769077929           12        15:00     0                   0              13        0              2              
7025269595769077929           12        16:00     5                   0              15        3              0              
7025269595769077929           12        17:00     3                   1              15        2              0              
7025269595769077929           12        18:00     5                   6              15        0              0              
7025269595769077929           12        19:00     1                   6              15        1              0              
7025269595769077929           12        20:00     3                   7              15        2              0              
7025269595769077929           12        21:00     1                   1              15        7              0              
7025269595769077929           12        22:00     5                   5              15        1              0              
7025269595769077929           12        23:00     3                   4              15        4              0              
7025269595769077929           13        0:00      4                   6              15        1              0              
7025269595769077929           13        1:00      1                   6              15        1              0              
7025269595769077929           13        2:00      3                   6              15        3              0              
7025269595769077929           13        3:00      3                   5              15        4              0              
7025269595769077929           13        4:00      0                   0              14        6              1              
7025269595769077929           13        5:00      1                   0              9         6              6              
7025269595769077929           13        6:00      0                   0              5         4              10             
7025269595769077929           13        7:00      5                   0              10        0              5              
7025269595769077929           13        8:00      5                   0              12        3              3              
7025269595769077929           13        9:00      2                   0              13        1              2              
7025269595769077929           13        10:00     1                   0              12        2              3              
7025269595769077929           13        11:00     2                   0              9         5              6              
7025269595769077929           13        12:00     1                   0              7         3              8              
7025269595769077929           13        13:00     0                   0              5         2              10             
7025269595769077929           13        14:00     4                   0              9         0              6              
7025269595769077929           13        15:00     1                   0              8         2              7              
7025269595769077929           13        16:00     0                   0              6         2              9              
7025269595769077929           13        17:00     2                   0              7         1              8              
7025269595769077929           13        18:00     5                   0              10        1              5              
7025269595769077929           13        19:00     3                   0              10        2              5              
7025269595769077929           13        20:00     3                   0              12        1              3              
7025269595769077929           13        21:00     5                   0              15        1              0              
7025269595769077929           13        22:00     2                   0              15        2              0              
7025269595769077929           13        23:00     4                   0              15        4              0              
7025269595769077929           14        0:00      1                   0              14        2              1              
7025269595769077929           14        1:00      5                   0              15        4              0              
7025269595769077929           14        2:00      3                   2              15        1              0              
7025269595769077929           14        3:00      2                   2              15        2              0              
7025269595769077929           14        4:00      5                   6              15        1              0              
7025269595769077929           14        5:00      4                   4              15        6              0              
7025269595769077929           14        6:00      4                   7              15        1              0              
7025269595769077929           14        7:00      0                   7              15        0              0              
7025269595769077929           14        8:00      5                   9              15        2              0              
7025269595769077929           14        9:00      5                   10             15        4              0              
7025269595769077929           14        10:00     5                   12             15        3              0              
7025269595769077929           14        11:00     1                   13             15        0              0              
7025269595769077929           14        12:00     4                   14             15        3              0              
7025269595769077929           14        13:00     2                   11             15        4              0              
7025269595769077929           14        14:00     5                   13             15        3              0              
7025269595769077929           14        15:00     1                   9              15        5              0              
7025269595769077929           14        16:00     2                   8              15        3              0              
7025269595769077929           14        17:00     4                   7              15        5              0              
7025269595769077929           14        18:00     2                   5              15        4              0              
7025269595769077929           14        19:00     2                   3              15        3              0              
7025269595769077929           14        20:00     1                   0              13        6              2              
7025269595769077929           14        21:00     5                   2              15        1              0              
7025269595769077929           14        22:00     3                   4              15        1              0              
7025269595769077929           14        23:00     2                   3              15        3              0              
7025269595769077929           15        0:00      3                   5              15        1              0              
7025269595769077929           15        1:00      4                   7              15        2              0              
7025269595769077929           15        2:00      3                   8              15        2              0              
7025269595769077929           15        3:00      1                   4              15        5              0              
7025269595769077929           15        4:00      0                   3              15        1              0              
7025269595769077929           15        5:00      0                   1              15        2              0              
7025269595769077929           15        6:00      0                   0              12        4              3              
7025269595769077929           15        7:00      0                   0              11        1              4              
7025269595769077929           15        8:00      1                   0              9         3              6              
7025269595769077929           15        9:00      1                   0              10        0              5              
7025269595769077929           15        10:00     0                   0              6         4              9              
7025269595769077929           15        11:00     5                   0              10        0              5              
7025269595769077929           15        12:00     3                   0              11        2              4              
7025269595769077929           15        13:00     2                   0              10        3              5              
7025269595769077929           15        14:00     4                   0              11        3              4              
7025269595769077929           15        15:00     4                   0              15        0              0              
7025269595769077929           15        16:00     0                   0              14        1              1              
7025269595769077929           15        17:00     3                   0              15        2              0              
7025269595769077929           15        18:00     1                   0              15        1              0              
7025269595769077929           15        19:00     4                   1              15        3              0              
7025269595769077929           15        20:00     5                   4              15        2              0              
7025269595769077929           15        21:00     0                   1              15        3              0              
7025269595769077929           15        22:00     3                   0              14        5              1              
7025269595769077929           15        23:00     5                   2              15        1              0              
