Sim_N                         Day       AVG_SF_per_Day      
7869455592730545016           1         3.62                
7869455592730545016           2         2.68                
7869455592730545016           3         2.22                
7869455592730545016           4         2.43                
7869455592730545016           5         2.27                
7869455592730545016           6         2.75                
7869455592730545016           7         3.10                
7869455592730545016           8         1.82                
7869455592730545016           9         1.42                
7869455592730545016           10        2.33                
7869455592730545016           11        2.69                
7869455592730545016           12        2.54                
7869455592730545016           13        2.59                
7869455592730545016           14        2.74                
7869455592730545016           15        3.43                
