Sim_N                         Day       AVG_SF_per_Day      
5979977333044906644           1         4.62                
5979977333044906644           2         3.56                
5979977333044906644           3         4.73                
5979977333044906644           4         3.82                
5979977333044906644           5         2.58                
5979977333044906644           6         3.43                
5979977333044906644           7         3.32                
5979977333044906644           8         2.06                
5979977333044906644           9         3.39                
5979977333044906644           10        3.56                
5979977333044906644           11        3.43                
5979977333044906644           12        3.03                
5979977333044906644           13        2.29                
5979977333044906644           14        4.15                
5979977333044906644           15        4.40                
