Sim_N                         Day       AVG_SF_per_Day      
5707408552495431515           1         4.30                
5707408552495431515           2         3.45                
5707408552495431515           3         2.06                
5707408552495431515           4         1.96                
5707408552495431515           5         2.42                
5707408552495431515           6         3.94                
5707408552495431515           7         4.19                
5707408552495431515           8         3.39                
5707408552495431515           9         2.97                
5707408552495431515           10        2.19                
5707408552495431515           11        2.29                
5707408552495431515           12        3.11                
5707408552495431515           13        4.13                
5707408552495431515           14        3.16                
5707408552495431515           15        2.81                
