Sim_N                         Day       AVG_SF_per_Day      
4962235271557519667           1         4.18                
4962235271557519667           2         3.43                
4962235271557519667           3         2.85                
4962235271557519667           4         3.82                
4962235271557519667           5         3.05                
4962235271557519667           6         2.18                
4962235271557519667           7         2.27                
4962235271557519667           8         2.55                
4962235271557519667           9         3.36                
4962235271557519667           10        2.36                
4962235271557519667           11        3.47                
4962235271557519667           12        2.79                
4962235271557519667           13        3.06                
4962235271557519667           14        2.79                
4962235271557519667           15        3.93                
