Sim_N                         Day       AVG_SF_per_Day      
5432081943424634367           1         3.92                
5432081943424634367           2         2.31                
5432081943424634367           3         2.33                
5432081943424634367           4         2.38                
5432081943424634367           5         3.13                
5432081943424634367           6         2.67                
5432081943424634367           7         3.31                
5432081943424634367           8         2.18                
5432081943424634367           9         2.80                
5432081943424634367           10        3.26                
5432081943424634367           11        2.55                
5432081943424634367           12        4.20                
5432081943424634367           13        2.42                
5432081943424634367           14        2.44                
5432081943424634367           15        3.16                
