Sim_N                         Day       AVG_SF_per_Day      
8239022382190613658           1         4.67                
8239022382190613658           2         3.75                
8239022382190613658           3         3.96                
8239022382190613658           4         2.73                
8239022382190613658           5         2.50                
8239022382190613658           6         3.15                
8239022382190613658           7         2.62                
8239022382190613658           8         2.12                
8239022382190613658           9         1.75                
8239022382190613658           10        3.37                
8239022382190613658           11        2.86                
8239022382190613658           12        1.85                
8239022382190613658           13        2.63                
8239022382190613658           14        3.02                
8239022382190613658           15        3.51                
