Sim_N                         Day       AVG_SF_per_Day      
7893866818602148680           1         4.70                
7893866818602148680           2         3.68                
7893866818602148680           3         2.72                
7893866818602148680           4         2.59                
7893866818602148680           5         2.24                
7893866818602148680           6         3.17                
7893866818602148680           7         2.35                
7893866818602148680           8         2.69                
7893866818602148680           9         2.25                
7893866818602148680           10        2.37                
7893866818602148680           11        2.63                
7893866818602148680           12        3.10                
7893866818602148680           13        1.87                
7893866818602148680           14        2.99                
7893866818602148680           15        3.10                
