Sim_N                         Day       AVG_SF_per_Day      
974967079844930562            1         4.53                
974967079844930562            2         2.50                
974967079844930562            3         2.05                
974967079844930562            4         1.99                
974967079844930562            5         2.28                
974967079844930562            6         2.75                
974967079844930562            7         3.32                
974967079844930562            8         3.37                
974967079844930562            9         3.18                
974967079844930562            10        2.01                
974967079844930562            11        2.64                
974967079844930562            12        2.65                
974967079844930562            13        1.87                
974967079844930562            14        2.37                
974967079844930562            15        3.47                
