Sim_N                         Day       AVG_SF_per_Day      
8106337526192383543           1         5.00                
8106337526192383543           2         4.94                
8106337526192383543           3         4.97                
8106337526192383543           4         4.00                
8106337526192383543           5         2.70                
8106337526192383543           6         2.77                
8106337526192383543           7         2.05                
8106337526192383543           8         2.99                
8106337526192383543           9         3.22                
8106337526192383543           10        3.46                
8106337526192383543           11        2.54                
8106337526192383543           12        3.01                
8106337526192383543           13        3.74                
8106337526192383543           14        4.99                
8106337526192383543           15        5.00                
