Sim_N                         Day       AVG_SF_per_Day      
4200610285441882463           1         4.90                
4200610285441882463           2         4.94                
4200610285441882463           3         2.37                
4200610285441882463           4         2.52                
4200610285441882463           5         3.10                
4200610285441882463           6         2.95                
4200610285441882463           7         2.60                
4200610285441882463           8         3.76                
4200610285441882463           9         3.85                
4200610285441882463           10        2.32                
4200610285441882463           11        3.33                
4200610285441882463           12        2.66                
4200610285441882463           13        3.40                
4200610285441882463           14        4.94                
4200610285441882463           15        4.98                
