Sim_N                         Day       AVG_SF_per_Day      
6314583593028730774           1         4.73                
6314583593028730774           2         4.19                
6314583593028730774           3         3.58                
6314583593028730774           4         3.67                
6314583593028730774           5         3.32                
6314583593028730774           6         2.73                
6314583593028730774           7         3.76                
6314583593028730774           8         4.86                
6314583593028730774           9         4.91                
6314583593028730774           10        3.28                
6314583593028730774           11        4.36                
6314583593028730774           12        4.03                
6314583593028730774           13        3.84                
6314583593028730774           14        4.26                
6314583593028730774           15        4.91                
