Sim_N                         Day       AVG_SF_per_Day      
6368766355542703816           1         5.00                
6368766355542703816           2         4.78                
6368766355542703816           3         4.52                
6368766355542703816           4         4.91                
6368766355542703816           5         4.89                
6368766355542703816           6         3.91                
6368766355542703816           7         2.44                
6368766355542703816           8         2.51                
6368766355542703816           9         3.52                
6368766355542703816           10        4.69                
6368766355542703816           11        3.62                
6368766355542703816           12        3.10                
6368766355542703816           13        4.11                
6368766355542703816           14        2.19                
6368766355542703816           15        2.85                
