Sim_N                         Day       AVG_SF_per_Day      
8128384701611390677           1         5.00                
8128384701611390677           2         4.54                
8128384701611390677           3         3.06                
8128384701611390677           4         2.46                
8128384701611390677           5         2.29                
8128384701611390677           6         2.27                
8128384701611390677           7         2.73                
8128384701611390677           8         2.53                
8128384701611390677           9         3.40                
8128384701611390677           10        4.99                
8128384701611390677           11        3.93                
8128384701611390677           12        2.21                
8128384701611390677           13        1.94                
8128384701611390677           14        2.17                
8128384701611390677           15        3.09                
