Sim_N                         Day       AVG_SF_per_Day      
5424824101154751640           1         4.82                
5424824101154751640           2         3.76                
5424824101154751640           3         3.94                
5424824101154751640           4         3.96                
5424824101154751640           5         3.77                
5424824101154751640           6         2.38                
5424824101154751640           7         2.74                
5424824101154751640           8         2.83                
5424824101154751640           9         4.25                
5424824101154751640           10        4.35                
5424824101154751640           11        4.47                
5424824101154751640           12        4.61                
5424824101154751640           13        4.93                
5424824101154751640           14        4.74                
5424824101154751640           15        4.82                
