Sim_N                         Day       AVG_SF_per_Day      
127532670151286681            1         4.98                
127532670151286681            2         3.94                
127532670151286681            3         3.03                
127532670151286681            4         4.27                
127532670151286681            5         4.79                
127532670151286681            6         4.81                
127532670151286681            7         4.82                
127532670151286681            8         4.68                
127532670151286681            9         4.33                
127532670151286681            10        4.37                
127532670151286681            11        3.95                
127532670151286681            12        4.02                
127532670151286681            13        3.69                
127532670151286681            14        2.31                
127532670151286681            15        3.74                
