Sim_N                         Day       AVG_SF_per_Day      
9155322109566754037           1         4.76                
9155322109566754037           2         2.32                
9155322109566754037           3         2.13                
9155322109566754037           4         2.64                
9155322109566754037           5         3.00                
9155322109566754037           6         3.58                
9155322109566754037           7         2.26                
9155322109566754037           8         4.19                
9155322109566754037           9         4.02                
9155322109566754037           10        4.96                
9155322109566754037           11        5.00                
9155322109566754037           12        4.94                
9155322109566754037           13        4.28                
9155322109566754037           14        4.94                
9155322109566754037           15        4.99                
