Sim_N                         Day       AVG_SF_per_Day      
620981831308545909            1         4.25                
620981831308545909            2         3.51                
620981831308545909            3         2.82                
620981831308545909            4         2.13                
620981831308545909            5         2.24                
620981831308545909            6         3.85                
620981831308545909            7         4.26                
620981831308545909            8         5.00                
620981831308545909            9         3.65                
620981831308545909            10        2.77                
620981831308545909            11        2.47                
620981831308545909            12        3.07                
620981831308545909            13        3.66                
620981831308545909            14        2.00                
620981831308545909            15        3.68                
