Sim_N                         Day       AVG_SF_per_Day      
1965835849421568180           1         5.00                
1965835849421568180           2         4.70                
1965835849421568180           3         3.83                
1965835849421568180           4         3.71                
1965835849421568180           5         4.33                
1965835849421568180           6         4.23                
1965835849421568180           7         3.09                
1965835849421568180           8         3.84                
1965835849421568180           9         4.12                
1965835849421568180           10        2.72                
1965835849421568180           11        2.21                
1965835849421568180           12        3.86                
1965835849421568180           13        3.62                
1965835849421568180           14        2.50                
1965835849421568180           15        3.66                
