Sim_N                         Day       AVG_SF_per_Day      
8509870805300805832           1         4.84                
8509870805300805832           2         4.32                
8509870805300805832           3         4.35                
8509870805300805832           4         4.75                
8509870805300805832           5         2.76                
8509870805300805832           6         3.10                
8509870805300805832           7         2.94                
8509870805300805832           8         4.40                
8509870805300805832           9         4.33                
8509870805300805832           10        4.90                
8509870805300805832           11        4.84                
8509870805300805832           12        3.39                
8509870805300805832           13        2.53                
8509870805300805832           14        2.73                
8509870805300805832           15        3.67                
