Sim_N                         Day       AVG_SF_per_Day      
8973565027689791135           1         5.00                
8973565027689791135           2         4.85                
8973565027689791135           3         3.78                
8973565027689791135           4         2.52                
8973565027689791135           5         2.78                
8973565027689791135           6         3.15                
8973565027689791135           7         3.47                
8973565027689791135           8         4.48                
8973565027689791135           9         4.82                
8973565027689791135           10        4.97                
8973565027689791135           11        3.67                
8973565027689791135           12        4.63                
8973565027689791135           13        4.32                
8973565027689791135           14        4.21                
8973565027689791135           15        4.76                
