Sim_N                         Day       AVG_SF_per_Day      
3337767732111718389           1         4.90                
3337767732111718389           2         4.64                
3337767732111718389           3         3.28                
3337767732111718389           4         3.94                
3337767732111718389           5         4.28                
3337767732111718389           6         4.37                
3337767732111718389           7         1.98                
3337767732111718389           8         3.21                
3337767732111718389           9         3.31                
3337767732111718389           10        4.19                
3337767732111718389           11        3.19                
3337767732111718389           12        4.19                
3337767732111718389           13        3.48                
3337767732111718389           14        1.56                
3337767732111718389           15        3.26                
