Sim_N                         Day       AVG_SF_per_Day      
1320283860479989485           1         4.41                
1320283860479989485           2         3.36                
1320283860479989485           3         4.20                
1320283860479989485           4         3.15                
1320283860479989485           5         3.02                
1320283860479989485           6         4.43                
1320283860479989485           7         4.95                
1320283860479989485           8         4.53                
1320283860479989485           9         4.34                
1320283860479989485           10        4.97                
1320283860479989485           11        4.40                
1320283860479989485           12        4.99                
1320283860479989485           13        4.65                
1320283860479989485           14        4.21                
1320283860479989485           15        4.79                
