Sim_N                         Day       AVG_SF_per_Day      
7267609313968652594           1         5.00                
7267609313968652594           2         4.41                
7267609313968652594           3         4.81                
7267609313968652594           4         4.96                
7267609313968652594           5         4.07                
7267609313968652594           6         3.03                
7267609313968652594           7         2.94                
7267609313968652594           8         2.95                
7267609313968652594           9         3.39                
7267609313968652594           10        3.74                
7267609313968652594           11        4.72                
7267609313968652594           12        3.60                
7267609313968652594           13        3.38                
7267609313968652594           14        2.57                
7267609313968652594           15        4.75                
