Sim_N                         Day       AVG_SF_per_Day      
4908141884552541629           1         4.82                
4908141884552541629           2         4.59                
4908141884552541629           3         2.61                
4908141884552541629           4         2.65                
4908141884552541629           5         4.58                
4908141884552541629           6         4.96                
4908141884552541629           7         3.17                
4908141884552541629           8         3.13                
4908141884552541629           9         2.83                
4908141884552541629           10        3.18                
4908141884552541629           11        4.92                
4908141884552541629           12        4.19                
4908141884552541629           13        3.75                
4908141884552541629           14        3.43                
4908141884552541629           15        4.12                
