Sim_N                         Day       AVG_SF_per_Day      
6128650604665111309           1         4.59                
6128650604665111309           2         3.93                
6128650604665111309           3         3.38                
6128650604665111309           4         2.51                
6128650604665111309           5         2.45                
6128650604665111309           6         3.97                
6128650604665111309           7         4.71                
6128650604665111309           8         5.00                
6128650604665111309           9         4.64                
6128650604665111309           10        3.47                
6128650604665111309           11        4.68                
6128650604665111309           12        4.83                
6128650604665111309           13        4.56                
6128650604665111309           14        3.72                
6128650604665111309           15        3.40                
