Sim_N                         Day       AVG_SF_per_Day      
5008831502747190989           1         4.99                
5008831502747190989           2         4.83                
5008831502747190989           3         3.41                
5008831502747190989           4         4.11                
5008831502747190989           5         4.26                
5008831502747190989           6         3.49                
5008831502747190989           7         4.05                
5008831502747190989           8         4.99                
5008831502747190989           9         4.97                
5008831502747190989           10        4.30                
5008831502747190989           11        4.06                
5008831502747190989           12        4.86                
5008831502747190989           13        3.61                
5008831502747190989           14        3.39                
5008831502747190989           15        3.55                
