Sim_N                         Day       AVG_SF_per_Day      
1513251850685437965           1         4.90                
1513251850685437965           2         5.00                
1513251850685437965           3         4.84                
1513251850685437965           4         3.77                
1513251850685437965           5         2.62                
1513251850685437965           6         2.10                
1513251850685437965           7         3.36                
1513251850685437965           8         3.63                
1513251850685437965           9         4.91                
1513251850685437965           10        4.12                
1513251850685437965           11        4.09                
1513251850685437965           12        4.76                
1513251850685437965           13        3.35                
1513251850685437965           14        4.59                
1513251850685437965           15        4.99                
