Sim_N                         Day       AVG_SF_per_Day      
1856849560503727128           1         4.13                
1856849560503727128           2         3.25                
1856849560503727128           3         3.72                
1856849560503727128           4         4.02                
1856849560503727128           5         4.59                
1856849560503727128           6         4.85                
1856849560503727128           7         4.30                
1856849560503727128           8         5.00                
1856849560503727128           9         3.21                
1856849560503727128           10        3.08                
1856849560503727128           11        2.87                
1856849560503727128           12        4.27                
1856849560503727128           13        4.94                
1856849560503727128           14        4.70                
1856849560503727128           15        4.13                
