Sim_N                         Day       AVG_SF_per_Day      
8001932618543609065           1         4.88                
8001932618543609065           2         4.21                
8001932618543609065           3         4.20                
8001932618543609065           4         3.76                
8001932618543609065           5         2.84                
8001932618543609065           6         2.40                
8001932618543609065           7         2.37                
8001932618543609065           8         3.98                
8001932618543609065           9         3.10                
8001932618543609065           10        4.25                
8001932618543609065           11        3.84                
8001932618543609065           12        2.67                
8001932618543609065           13        3.72                
8001932618543609065           14        4.71                
8001932618543609065           15        4.49                
