Sim_N                         Day       AVG_SF_per_Day      
2919121439992509964           1         3.61                
2919121439992509964           2         3.12                
2919121439992509964           3         2.13                
2919121439992509964           4         3.31                
2919121439992509964           5         2.50                
2919121439992509964           6         3.14                
2919121439992509964           7         2.78                
2919121439992509964           8         3.24                
2919121439992509964           9         3.23                
2919121439992509964           10        3.28                
2919121439992509964           11        2.47                
2919121439992509964           12        1.96                
2919121439992509964           13        2.89                
2919121439992509964           14        4.33                
2919121439992509964           15        3.33                
