Sim_N                         Day       AVG_SF_per_Day      
6249341114351378365           1         4.14                
6249341114351378365           2         2.43                
6249341114351378365           3         3.47                
6249341114351378365           4         3.64                
6249341114351378365           5         4.16                
6249341114351378365           6         2.98                
6249341114351378365           7         4.66                
6249341114351378365           8         4.98                
6249341114351378365           9         4.86                
6249341114351378365           10        4.85                
6249341114351378365           11        4.99                
6249341114351378365           12        4.47                
6249341114351378365           13        3.15                
6249341114351378365           14        2.73                
6249341114351378365           15        3.04                
