Sim_N                         Day       AVG_SF_per_Day      
726030245263452556            1         4.85                
726030245263452556            2         3.88                
726030245263452556            3         4.07                
726030245263452556            4         3.98                
726030245263452556            5         4.13                
726030245263452556            6         4.74                
726030245263452556            7         4.58                
726030245263452556            8         4.47                
726030245263452556            9         2.81                
726030245263452556            10        2.60                
726030245263452556            11        2.97                
726030245263452556            12        4.67                
726030245263452556            13        4.68                
726030245263452556            14        3.10                
726030245263452556            15        4.01                
