Sim_N                         Day       AVG_SF_per_Day      
5099889847950324092           1         3.83                
5099889847950324092           2         3.80                
5099889847950324092           3         4.25                
5099889847950324092           4         4.74                
5099889847950324092           5         4.88                
5099889847950324092           6         5.00                
5099889847950324092           7         4.16                
5099889847950324092           8         4.79                
5099889847950324092           9         5.00                
5099889847950324092           10        4.64                
5099889847950324092           11        4.43                
5099889847950324092           12        3.97                
5099889847950324092           13        3.55                
5099889847950324092           14        3.98                
5099889847950324092           15        4.07                
