Sim_N                         Day       AVG_SF_per_Day      
7335520323757490263           1         4.71                
7335520323757490263           2         4.98                
7335520323757490263           3         3.78                
7335520323757490263           4         3.22                
7335520323757490263           5         4.30                
7335520323757490263           6         4.66                
7335520323757490263           7         3.30                
7335520323757490263           8         4.45                
7335520323757490263           9         4.52                
7335520323757490263           10        3.71                
7335520323757490263           11        3.99                
7335520323757490263           12        3.48                
7335520323757490263           13        4.57                
7335520323757490263           14        5.00                
7335520323757490263           15        4.32                
