Sim_N                         Day       AVG_SF_per_Day      
7849421967526957419           1         4.94                
7849421967526957419           2         4.47                
7849421967526957419           3         4.72                
7849421967526957419           4         4.75                
7849421967526957419           5         3.77                
7849421967526957419           6         2.62                
7849421967526957419           7         2.41                
7849421967526957419           8         2.58                
7849421967526957419           9         3.47                
7849421967526957419           10        3.65                
7849421967526957419           11        2.76                
7849421967526957419           12        3.09                
7849421967526957419           13        3.20                
7849421967526957419           14        3.45                
7849421967526957419           15        3.87                
