Sim_N                         Day       AVG_SF_per_Day      
7465319346765036386           1         5.00                
7465319346765036386           2         4.57                
7465319346765036386           3         4.39                
7465319346765036386           4         3.18                
7465319346765036386           5         2.63                
7465319346765036386           6         2.89                
7465319346765036386           7         4.45                
7465319346765036386           8         3.70                
7465319346765036386           9         4.84                
7465319346765036386           10        4.21                
7465319346765036386           11        4.84                
7465319346765036386           12        4.28                
7465319346765036386           13        4.56                
7465319346765036386           14        4.87                
7465319346765036386           15        4.90                
