Sim_N                         Day       AVG_SF_per_Day      
6503599213797286              1         4.40                
6503599213797286              2         3.55                
6503599213797286              3         3.54                
6503599213797286              4         4.46                
6503599213797286              5         3.99                
6503599213797286              6         4.79                
6503599213797286              7         4.69                
6503599213797286              8         4.87                
6503599213797286              9         4.92                
6503599213797286              10        4.94                
6503599213797286              11        4.84                
6503599213797286              12        3.79                
6503599213797286              13        4.57                
6503599213797286              14        4.47                
6503599213797286              15        4.74                
