Sim_N                         Day       AVG_SF_per_Day      
1046191230463598072           1         4.73                
1046191230463598072           2         2.69                
1046191230463598072           3         4.13                
1046191230463598072           4         4.62                
1046191230463598072           5         4.42                
1046191230463598072           6         4.98                
1046191230463598072           7         4.55                
1046191230463598072           8         4.45                
1046191230463598072           9         4.42                
1046191230463598072           10        4.18                
1046191230463598072           11        4.53                
1046191230463598072           12        3.72                
1046191230463598072           13        4.84                
1046191230463598072           14        4.76                
1046191230463598072           15        4.97                
