Sim_N                         Day       AVG_SF_per_Day      
5838452471258421523           1         4.96                
5838452471258421523           2         3.98                
5838452471258421523           3         1.87                
5838452471258421523           4         3.22                
5838452471258421523           5         3.64                
5838452471258421523           6         3.70                
5838452471258421523           7         3.76                
5838452471258421523           8         4.40                
5838452471258421523           9         4.86                
5838452471258421523           10        3.65                
5838452471258421523           11        3.43                
5838452471258421523           12        2.75                
5838452471258421523           13        3.29                
5838452471258421523           14        2.59                
5838452471258421523           15        3.08                
