Sim_N                         Day       AVG_SF_per_Day      
9209114688902024599           1         4.98                
9209114688902024599           2         4.62                
9209114688902024599           3         2.64                
9209114688902024599           4         2.89                
9209114688902024599           5         4.49                
9209114688902024599           6         4.82                
9209114688902024599           7         3.67                
9209114688902024599           8         2.98                
9209114688902024599           9         3.77                
9209114688902024599           10        3.05                
9209114688902024599           11        4.98                
9209114688902024599           12        4.74                
9209114688902024599           13        4.93                
9209114688902024599           14        4.96                
9209114688902024599           15        4.14                
