Sim_N                         Day       AVG_SF_per_Day      
7099263176582467339           1         4.60                
7099263176582467339           2         4.44                
7099263176582467339           3         3.00                
7099263176582467339           4         2.94                
7099263176582467339           5         2.82                
7099263176582467339           6         3.81                
7099263176582467339           7         4.12                
7099263176582467339           8         2.76                
7099263176582467339           9         2.50                
7099263176582467339           10        3.51                
7099263176582467339           11        3.47                
7099263176582467339           12        3.69                
7099263176582467339           13        3.84                
7099263176582467339           14        4.54                
7099263176582467339           15        3.83                
