Sim_N                         Day       AVG_SF_per_Day      
3184448563648462106           1         4.25                
3184448563648462106           2         3.12                
3184448563648462106           3         3.65                
3184448563648462106           4         4.12                
3184448563648462106           5         4.65                
3184448563648462106           6         4.89                
3184448563648462106           7         4.75                
3184448563648462106           8         5.00                
3184448563648462106           9         4.91                
3184448563648462106           10        4.67                
3184448563648462106           11        2.59                
3184448563648462106           12        3.43                
3184448563648462106           13        3.35                
3184448563648462106           14        3.16                
3184448563648462106           15        4.23                
