Sim_N                         Day       AVG_SF_per_Day      
7291106450521531875           1         4.89                
7291106450521531875           2         3.86                
7291106450521531875           3         4.96                
7291106450521531875           4         4.96                
7291106450521531875           5         4.85                
7291106450521531875           6         4.40                
7291106450521531875           7         3.64                
7291106450521531875           8         3.35                
7291106450521531875           9         2.68                
7291106450521531875           10        2.67                
7291106450521531875           11        2.67                
7291106450521531875           12        2.99                
7291106450521531875           13        4.07                
7291106450521531875           14        4.23                
7291106450521531875           15        3.73                
