Sim_N                         Day       AVG_SF_per_Day      
8845636897409560239           1         4.83                
8845636897409560239           2         4.56                
8845636897409560239           3         4.83                
8845636897409560239           4         4.83                
8845636897409560239           5         4.99                
8845636897409560239           6         4.83                
8845636897409560239           7         3.08                
8845636897409560239           8         2.78                
8845636897409560239           9         3.68                
8845636897409560239           10        3.68                
8845636897409560239           11        3.22                
8845636897409560239           12        3.57                
8845636897409560239           13        4.89                
8845636897409560239           14        4.81                
8845636897409560239           15        4.50                
