Sim_N                         Day       AVG_SF_per_Day      
7067487200381577284           1         3.42                
7067487200381577284           2         3.18                
7067487200381577284           3         3.02                
7067487200381577284           4         3.05                
7067487200381577284           5         4.09                
7067487200381577284           6         4.24                
7067487200381577284           7         4.47                
7067487200381577284           8         4.58                
7067487200381577284           9         4.43                
7067487200381577284           10        4.89                
7067487200381577284           11        4.80                
7067487200381577284           12        4.65                
7067487200381577284           13        4.21                
7067487200381577284           14        4.46                
7067487200381577284           15        4.97                
