Sim_N                         Day       AVG_SF_per_Day      
4070133566833208625           1         5.00                
4070133566833208625           2         3.96                
4070133566833208625           3         3.40                
4070133566833208625           4         4.52                
4070133566833208625           5         5.00                
4070133566833208625           6         4.77                
4070133566833208625           7         2.85                
4070133566833208625           8         4.16                
4070133566833208625           9         4.59                
4070133566833208625           10        3.11                
4070133566833208625           11        3.83                
4070133566833208625           12        3.78                
4070133566833208625           13        2.83                
4070133566833208625           14        4.54                
4070133566833208625           15        4.15                
