Sim_N                         Day       AVG_SF_per_Day      
1160900149773288123           1         4.18                
1160900149773288123           2         4.52                
1160900149773288123           3         4.89                
1160900149773288123           4         4.61                
1160900149773288123           5         4.94                
1160900149773288123           6         4.11                
1160900149773288123           7         2.88                
1160900149773288123           8         3.10                
1160900149773288123           9         3.47                
1160900149773288123           10        4.46                
1160900149773288123           11        4.24                
1160900149773288123           12        4.53                
1160900149773288123           13        4.36                
1160900149773288123           14        3.94                
1160900149773288123           15        3.71                
