Sim_N                         Day       AVG_SF_per_Day      
4562045784231344230           1         4.73                
4562045784231344230           2         4.94                
4562045784231344230           3         4.73                
4562045784231344230           4         3.79                
4562045784231344230           5         4.89                
4562045784231344230           6         4.99                
4562045784231344230           7         4.99                
4562045784231344230           8         4.31                
4562045784231344230           9         3.04                
4562045784231344230           10        2.72                
4562045784231344230           11        2.30                
4562045784231344230           12        2.40                
4562045784231344230           13        3.18                
4562045784231344230           14        2.09                
4562045784231344230           15        3.79                
