Sim_N                         Day       Time      New_Patients        Waiting        Assigned  Discharged     Beds_Avail_EOH 
2731728981747688308           1         0:00      2                   0              1         1              7              
2731728981747688308           1         1:00      1                   0              2         0              6              
2731728981747688308           1         2:00      1                   0              3         0              5              
2731728981747688308           1         3:00      2                   0              5         0              3              
2731728981747688308           1         4:00      0                   0              4         1              4              
2731728981747688308           1         5:00      2                   0              5         1              3              
2731728981747688308           1         6:00      3                   0              6         2              2              
2731728981747688308           1         7:00      5                   2              8         1              0              
2731728981747688308           1         8:00      3                   3              8         1              0              
2731728981747688308           1         9:00      3                   3              8         3              0              
2731728981747688308           1         10:00     2                   3              8         2              0              
2731728981747688308           1         11:00     5                   6              8         2              0              
2731728981747688308           1         12:00     2                   5              8         3              0              
2731728981747688308           1         13:00     4                   8              8         1              0              
2731728981747688308           1         14:00     5                   12             8         1              0              
2731728981747688308           1         15:00     0                   10             8         2              0              
2731728981747688308           1         16:00     1                   9              8         2              0              
2731728981747688308           1         17:00     4                   13             8         0              0              
2731728981747688308           1         18:00     2                   14             8         1              0              
2731728981747688308           1         19:00     0                   13             8         1              0              
2731728981747688308           1         20:00     1                   13             8         1              0              
2731728981747688308           1         21:00     0                   9              8         4              0              
2731728981747688308           1         22:00     5                   12             8         2              0              
2731728981747688308           1         23:00     5                   14             8         0              0              
2731728981747688308           2         0:00      1                   11             8         3              0              
2731728981747688308           2         1:00      4                   9              8         3              0              
2731728981747688308           2         2:00      0                   8              8         0              0              
2731728981747688308           2         3:00      3                   8              8         3              0              
2731728981747688308           2         4:00      5                   11             8         1              0              
2731728981747688308           2         5:00      2                   10             8         2              0              
2731728981747688308           2         6:00      2                   11             8         1              0              
2731728981747688308           2         7:00      5                   14             8         1              0              
2731728981747688308           2         8:00      1                   14             8         1              0              
2731728981747688308           2         9:00      5                   19             8         0              0              
2731728981747688308           2         10:00     5                   19             8         2              0              
2731728981747688308           2         11:00     0                   16             8         1              0              
2731728981747688308           2         12:00     1                   14             8         3              0              
2731728981747688308           2         13:00     3                   13             8         3              0              
2731728981747688308           2         14:00     5                   16             8         2              0              
2731728981747688308           2         15:00     3                   19             8         0              0              
2731728981747688308           2         16:00     2                   19             8         1              0              
2731728981747688308           2         17:00     3                   19             8         1              0              
2731728981747688308           2         18:00     4                   18             8         3              0              
2731728981747688308           2         19:00     4                   16             8         3              0              
2731728981747688308           2         20:00     5                   18             8         3              0              
2731728981747688308           2         21:00     3                   19             8         0              0              
2731728981747688308           2         22:00     5                   20             8         2              0              
2731728981747688308           2         23:00     0                   16             8         4              0              
2731728981747688308           3         0:00      1                   15             8         2              0              
2731728981747688308           3         1:00      1                   14             8         2              0              
2731728981747688308           3         2:00      4                   18             8         0              0              
2731728981747688308           3         3:00      4                   15             8         1              0              
2731728981747688308           3         4:00      5                   14             8         4              0              
2731728981747688308           3         5:00      3                   14             8         2              0              
2731728981747688308           3         6:00      1                   12             8         3              0              
2731728981747688308           3         7:00      4                   12             8         2              0              
2731728981747688308           3         8:00      3                   12             8         1              0              
2731728981747688308           3         9:00      4                   14             8         1              0              
2731728981747688308           3         10:00     1                   13             8         2              0              
2731728981747688308           3         11:00     3                   16             8         0              0              
2731728981747688308           3         12:00     4                   18             8         2              0              
2731728981747688308           3         13:00     3                   21             8         0              0              
2731728981747688308           3         14:00     3                   21             8         2              0              
2731728981747688308           3         15:00     1                   15             8         2              0              
2731728981747688308           3         16:00     5                   19             8         0              0              
2731728981747688308           3         17:00     1                   18             8         2              0              
2731728981747688308           3         18:00     1                   18             8         0              0              
2731728981747688308           3         19:00     2                   18             8         0              0              
2731728981747688308           3         20:00     4                   19             8         1              0              
2731728981747688308           3         21:00     1                   14             8         4              0              
2731728981747688308           3         22:00     3                   14             8         2              0              
2731728981747688308           3         23:00     3                   13             8         1              0              
2731728981747688308           4         0:00      3                   14             8         0              0              
2731728981747688308           4         1:00      3                   12             8         1              0              
2731728981747688308           4         2:00      0                   10             8         1              0              
2731728981747688308           4         3:00      2                   9              8         3              0              
2731728981747688308           4         4:00      2                   9              8         0              0              
2731728981747688308           4         5:00      0                   6              8         2              0              
2731728981747688308           4         6:00      0                   1              8         5              0              
2731728981747688308           4         7:00      3                   3              8         0              0              
2731728981747688308           4         8:00      3                   4              8         2              0              
2731728981747688308           4         9:00      0                   4              8         0              0              
2731728981747688308           4         10:00     0                   2              8         2              0              
2731728981747688308           4         11:00     5                   5              8         0              0              
2731728981747688308           4         12:00     5                   6              8         3              0              
2731728981747688308           4         13:00     2                   7              8         1              0              
2731728981747688308           4         14:00     1                   5              8         3              0              
2731728981747688308           4         15:00     0                   2              8         3              0              
2731728981747688308           4         16:00     5                   6              8         1              0              
2731728981747688308           4         17:00     0                   5              8         1              0              
2731728981747688308           4         18:00     0                   3              8         2              0              
2731728981747688308           4         19:00     3                   4              8         1              0              
2731728981747688308           4         20:00     5                   6              8         2              0              
2731728981747688308           4         21:00     2                   8              8         0              0              
2731728981747688308           4         22:00     4                   12             8         0              0              
2731728981747688308           4         23:00     3                   14             8         1              0              
2731728981747688308           5         0:00      0                   14             8         0              0              
2731728981747688308           5         1:00      0                   12             8         2              0              
2731728981747688308           5         2:00      4                   15             8         1              0              
2731728981747688308           5         3:00      2                   13             8         4              0              
2731728981747688308           5         4:00      0                   11             8         1              0              
2731728981747688308           5         5:00      0                   8              8         3              0              
2731728981747688308           5         6:00      0                   6              8         2              0              
2731728981747688308           5         7:00      1                   3              8         3              0              
2731728981747688308           5         8:00      2                   0              8         3              0              
2731728981747688308           5         9:00      0                   0              6         2              2              
2731728981747688308           5         10:00     5                   1              8         2              0              
2731728981747688308           5         11:00     3                   1              8         3              0              
2731728981747688308           5         12:00     1                   2              8         0              0              
2731728981747688308           5         13:00     2                   4              8         0              0              
2731728981747688308           5         14:00     5                   7              8         0              0              
2731728981747688308           5         15:00     1                   7              8         1              0              
2731728981747688308           5         16:00     1                   8              8         0              0              
2731728981747688308           5         17:00     2                   9              8         1              0              
2731728981747688308           5         18:00     4                   10             8         3              0              
2731728981747688308           5         19:00     4                   14             8         0              0              
2731728981747688308           5         20:00     5                   18             8         0              0              
2731728981747688308           5         21:00     3                   20             8         1              0              
2731728981747688308           5         22:00     2                   21             8         1              0              
2731728981747688308           5         23:00     4                   24             8         1              0              
2731728981747688308           6         0:00      4                   24             8         3              0              
2731728981747688308           6         1:00      0                   21             8         1              0              
2731728981747688308           6         2:00      0                   18             8         1              0              
2731728981747688308           6         3:00      1                   17             8         1              0              
2731728981747688308           6         4:00      4                   17             8         2              0              
2731728981747688308           6         5:00      4                   20             8         0              0              
2731728981747688308           6         6:00      3                   22             8         1              0              
2731728981747688308           6         7:00      3                   21             8         0              0              
2731728981747688308           6         8:00      0                   13             8         2              0              
2731728981747688308           6         9:00      1                   13             8         0              0              
2731728981747688308           6         10:00     3                   10             8         5              0              
2731728981747688308           6         11:00     5                   9              8         3              0              
2731728981747688308           6         12:00     0                   7              8         2              0              
2731728981747688308           6         13:00     4                   8              8         2              0              
2731728981747688308           6         14:00     2                   9              8         1              0              
2731728981747688308           6         15:00     1                   10             8         0              0              
2731728981747688308           6         16:00     2                   10             8         2              0              
2731728981747688308           6         17:00     3                   10             8         0              0              
2731728981747688308           6         18:00     1                   4              8         4              0              
2731728981747688308           6         19:00     0                   2              8         1              0              
2731728981747688308           6         20:00     0                   1              8         1              0              
2731728981747688308           6         21:00     1                   1              8         1              0              
2731728981747688308           6         22:00     0                   1              8         0              0              
2731728981747688308           6         23:00     3                   3              8         1              0              
2731728981747688308           7         0:00      0                   2              8         1              0              
2731728981747688308           7         1:00      1                   2              8         1              0              
2731728981747688308           7         2:00      4                   5              8         1              0              
2731728981747688308           7         3:00      2                   4              8         3              0              
2731728981747688308           7         4:00      2                   6              8         0              0              
2731728981747688308           7         5:00      2                   7              8         1              0              
2731728981747688308           7         6:00      0                   4              8         3              0              
2731728981747688308           7         7:00      5                   7              8         2              0              
2731728981747688308           7         8:00      1                   8              8         0              0              
2731728981747688308           7         9:00      0                   4              8         4              0              
2731728981747688308           7         10:00     3                   3              8         3              0              
2731728981747688308           7         11:00     0                   3              8         0              0              
2731728981747688308           7         12:00     5                   5              8         2              0              
2731728981747688308           7         13:00     0                   4              8         1              0              
2731728981747688308           7         14:00     3                   3              8         3              0              
2731728981747688308           7         15:00     2                   3              8         2              0              
2731728981747688308           7         16:00     5                   8              8         0              0              
2731728981747688308           7         17:00     3                   11             8         0              0              
2731728981747688308           7         18:00     4                   12             8         2              0              
2731728981747688308           7         19:00     5                   15             8         2              0              
2731728981747688308           7         20:00     2                   15             8         2              0              
2731728981747688308           7         21:00     3                   16             8         2              0              
2731728981747688308           7         22:00     4                   19             8         1              0              
2731728981747688308           7         23:00     0                   19             8         0              0              
2731728981747688308           8         0:00      2                   20             8         0              0              
2731728981747688308           8         1:00      5                   20             8         4              0              
2731728981747688308           8         2:00      0                   19             8         1              0              
2731728981747688308           8         3:00      0                   18             8         1              0              
2731728981747688308           8         4:00      0                   12             8         1              0              
2731728981747688308           8         5:00      5                   11             8         1              0              
2731728981747688308           8         6:00      5                   12             8         2              0              
2731728981747688308           8         7:00      1                   11             8         0              0              
2731728981747688308           8         8:00      5                   14             8         1              0              
2731728981747688308           8         9:00      5                   17             8         2              0              
2731728981747688308           8         10:00     3                   18             8         0              0              
2731728981747688308           8         11:00     0                   15             8         2              0              
2731728981747688308           8         12:00     4                   18             8         1              0              
2731728981747688308           8         13:00     5                   22             8         1              0              
2731728981747688308           8         14:00     3                   21             8         4              0              
2731728981747688308           8         15:00     4                   23             8         2              0              
2731728981747688308           8         16:00     0                   23             8         0              0              
2731728981747688308           8         17:00     1                   22             8         0              0              
2731728981747688308           8         18:00     1                   20             8         1              0              
2731728981747688308           8         19:00     5                   18             8         3              0              
2731728981747688308           8         20:00     5                   18             8         2              0              
2731728981747688308           8         21:00     2                   16             8         1              0              
2731728981747688308           8         22:00     1                   15             8         1              0              
2731728981747688308           8         23:00     2                   16             8         1              0              
2731728981747688308           9         0:00      5                   18             8         1              0              
2731728981747688308           9         1:00      0                   14             8         1              0              
2731728981747688308           9         2:00      1                   12             8         1              0              
2731728981747688308           9         3:00      4                   14             8         0              0              
2731728981747688308           9         4:00      3                   14             8         2              0              
2731728981747688308           9         5:00      4                   16             8         2              0              
2731728981747688308           9         6:00      1                   15             8         2              0              
2731728981747688308           9         7:00      5                   18             8         0              0              
2731728981747688308           9         8:00      4                   16             8         4              0              
2731728981747688308           9         9:00      1                   14             8         2              0              
2731728981747688308           9         10:00     0                   12             8         0              0              
2731728981747688308           9         11:00     4                   12             8         4              0              
2731728981747688308           9         12:00     3                   9              8         2              0              
2731728981747688308           9         13:00     2                   9              8         1              0              
2731728981747688308           9         14:00     1                   10             8         0              0              
2731728981747688308           9         15:00     5                   8              8         2              0              
2731728981747688308           9         16:00     4                   10             8         2              0              
2731728981747688308           9         17:00     1                   8              8         2              0              
2731728981747688308           9         18:00     0                   7              8         1              0              
2731728981747688308           9         19:00     1                   6              8         1              0              
2731728981747688308           9         20:00     1                   7              8         0              0              
2731728981747688308           9         21:00     1                   6              8         1              0              
2731728981747688308           9         22:00     1                   5              8         2              0              
2731728981747688308           9         23:00     4                   8              8         1              0              
2731728981747688308           10        0:00      4                   9              8         2              0              
2731728981747688308           10        1:00      4                   10             8         1              0              
2731728981747688308           10        2:00      1                   8              8         3              0              
2731728981747688308           10        3:00      5                   10             8         3              0              
2731728981747688308           10        4:00      5                   11             8         2              0              
2731728981747688308           10        5:00      0                   10             8         1              0              
2731728981747688308           10        6:00      4                   13             8         0              0              
2731728981747688308           10        7:00      1                   14             8         0              0              
2731728981747688308           10        8:00      3                   17             8         0              0              
2731728981747688308           10        9:00      4                   19             8         2              0              
2731728981747688308           10        10:00     5                   22             8         2              0              
2731728981747688308           10        11:00     0                   18             8         3              0              
2731728981747688308           10        12:00     5                   16             8         4              0              
2731728981747688308           10        13:00     3                   12             8         5              0              
2731728981747688308           10        14:00     2                   12             8         2              0              
2731728981747688308           10        15:00     2                   14             8         0              0              
2731728981747688308           10        16:00     5                   15             8         1              0              
2731728981747688308           10        17:00     4                   18             8         0              0              
2731728981747688308           10        18:00     5                   21             8         0              0              
2731728981747688308           10        19:00     3                   20             8         1              0              
2731728981747688308           10        20:00     4                   21             8         2              0              
2731728981747688308           10        21:00     1                   18             8         2              0              
2731728981747688308           10        22:00     1                   16             8         2              0              
2731728981747688308           10        23:00     4                   17             8         2              0              
2731728981747688308           11        0:00      5                   20             8         2              0              
2731728981747688308           11        1:00      4                   23             8         1              0              
2731728981747688308           11        2:00      0                   23             8         0              0              
2731728981747688308           11        3:00      4                   24             8         0              0              
2731728981747688308           11        4:00      2                   21             8         2              0              
2731728981747688308           11        5:00      1                   19             8         1              0              
2731728981747688308           11        6:00      4                   17             8         1              0              
2731728981747688308           11        7:00      4                   16             8         3              0              
2731728981747688308           11        8:00      3                   16             8         1              0              
2731728981747688308           11        9:00      0                   16             8         0              0              
2731728981747688308           11        10:00     0                   16             8         0              0              
2731728981747688308           11        11:00     2                   17             8         1              0              
2731728981747688308           11        12:00     2                   16             8         2              0              
2731728981747688308           11        13:00     3                   15             8         0              0              
2731728981747688308           11        14:00     0                   11             8         2              0              
2731728981747688308           11        15:00     2                   10             8         1              0              
2731728981747688308           11        16:00     1                   7              8         4              0              
2731728981747688308           11        17:00     5                   8              8         3              0              
2731728981747688308           11        18:00     2                   9              8         0              0              
2731728981747688308           11        19:00     0                   4              8         2              0              
2731728981747688308           11        20:00     4                   5              8         1              0              
2731728981747688308           11        21:00     0                   2              8         3              0              
2731728981747688308           11        22:00     3                   0              8         5              0              
2731728981747688308           11        23:00     2                   0              8         2              0              
2731728981747688308           12        0:00      1                   1              8         0              0              
2731728981747688308           12        1:00      4                   3              8         2              0              
2731728981747688308           12        2:00      1                   4              8         0              0              
2731728981747688308           12        3:00      1                   4              8         1              0              
2731728981747688308           12        4:00      1                   5              8         0              0              
2731728981747688308           12        5:00      2                   5              8         2              0              
2731728981747688308           12        6:00      4                   7              8         2              0              
2731728981747688308           12        7:00      4                   7              8         4              0              
2731728981747688308           12        8:00      1                   5              8         3              0              
2731728981747688308           12        9:00      4                   9              8         0              0              
2731728981747688308           12        10:00     0                   8              8         1              0              
2731728981747688308           12        11:00     4                   12             8         0              0              
2731728981747688308           12        12:00     2                   12             8         2              0              
2731728981747688308           12        13:00     5                   15             8         1              0              
2731728981747688308           12        14:00     4                   15             8         1              0              
2731728981747688308           12        15:00     5                   17             8         3              0              
2731728981747688308           12        16:00     0                   16             8         0              0              
2731728981747688308           12        17:00     4                   17             8         3              0              
2731728981747688308           12        18:00     3                   17             8         3              0              
2731728981747688308           12        19:00     1                   16             8         2              0              
2731728981747688308           12        20:00     2                   16             8         2              0              
2731728981747688308           12        21:00     0                   12             8         1              0              
2731728981747688308           12        22:00     2                   13             8         0              0              
2731728981747688308           12        23:00     3                   9              8         3              0              
2731728981747688308           13        0:00      4                   11             8         2              0              
2731728981747688308           13        1:00      2                   8              8         2              0              
2731728981747688308           13        2:00      2                   6              8         1              0              
2731728981747688308           13        3:00      1                   6              8         0              0              
2731728981747688308           13        4:00      5                   6              8         4              0              
2731728981747688308           13        5:00      1                   5              8         2              0              
2731728981747688308           13        6:00      3                   4              8         2              0              
2731728981747688308           13        7:00      4                   8              8         0              0              
2731728981747688308           13        8:00      3                   7              8         4              0              
2731728981747688308           13        9:00      2                   9              8         0              0              
2731728981747688308           13        10:00     0                   5              8         4              0              
2731728981747688308           13        11:00     5                   7              8         3              0              
2731728981747688308           13        12:00     2                   6              8         1              0              
2731728981747688308           13        13:00     4                   9              8         1              0              
2731728981747688308           13        14:00     3                   10             8         2              0              
2731728981747688308           13        15:00     3                   10             8         1              0              
2731728981747688308           13        16:00     3                   12             8         1              0              
2731728981747688308           13        17:00     4                   15             8         1              0              
2731728981747688308           13        18:00     3                   17             8         1              0              
2731728981747688308           13        19:00     2                   18             8         0              0              
2731728981747688308           13        20:00     2                   18             8         2              0              
2731728981747688308           13        21:00     1                   17             8         2              0              
2731728981747688308           13        22:00     4                   21             8         0              0              
2731728981747688308           13        23:00     4                   24             8         1              0              
2731728981747688308           14        0:00      1                   23             8         0              0              
2731728981747688308           14        1:00      1                   20             8         1              0              
2731728981747688308           14        2:00      0                   18             8         1              0              
2731728981747688308           14        3:00      5                   22             8         0              0              
2731728981747688308           14        4:00      5                   22             8         2              0              
2731728981747688308           14        5:00      1                   21             8         1              0              
2731728981747688308           14        6:00      2                   15             8         3              0              
2731728981747688308           14        7:00      1                   15             8         1              0              
2731728981747688308           14        8:00      4                   14             8         3              0              
2731728981747688308           14        9:00      4                   17             8         1              0              
2731728981747688308           14        10:00     2                   17             8         1              0              
2731728981747688308           14        11:00     0                   13             8         1              0              
2731728981747688308           14        12:00     1                   10             8         1              0              
2731728981747688308           14        13:00     3                   12             8         1              0              
2731728981747688308           14        14:00     3                   15             8         0              0              
2731728981747688308           14        15:00     4                   13             8         5              0              
2731728981747688308           14        16:00     5                   9              8         4              0              
2731728981747688308           14        17:00     4                   12             8         1              0              
2731728981747688308           14        18:00     4                   14             8         2              0              
2731728981747688308           14        19:00     0                   12             8         2              0              
2731728981747688308           14        20:00     4                   14             8         2              0              
2731728981747688308           14        21:00     0                   12             8         1              0              
2731728981747688308           14        22:00     4                   12             8         2              0              
2731728981747688308           14        23:00     3                   12             8         3              0              
2731728981747688308           15        0:00      0                   11             8         1              0              
2731728981747688308           15        1:00      4                   9              8         3              0              
2731728981747688308           15        2:00      2                   7              8         2              0              
2731728981747688308           15        3:00      0                   5              8         2              0              
2731728981747688308           15        4:00      2                   6              8         0              0              
2731728981747688308           15        5:00      2                   5              8         0              0              
2731728981747688308           15        6:00      0                   1              8         3              0              
2731728981747688308           15        7:00      3                   4              8         0              0              
2731728981747688308           15        8:00      5                   8              8         1              0              
2731728981747688308           15        9:00      1                   8              8         1              0              
2731728981747688308           15        10:00     5                   13             8         0              0              
2731728981747688308           15        11:00     5                   17             8         1              0              
2731728981747688308           15        12:00     5                   20             8         1              0              
2731728981747688308           15        13:00     3                   23             8         0              0              
2731728981747688308           15        14:00     3                   22             8         4              0              
2731728981747688308           15        15:00     3                   23             8         2              0              
2731728981747688308           15        16:00     5                   28             8         0              0              
2731728981747688308           15        17:00     4                   29             8         2              0              
2731728981747688308           15        18:00     5                   33             8         0              0              
2731728981747688308           15        19:00     0                   28             8         3              0              
2731728981747688308           15        20:00     5                   31             8         1              0              
2731728981747688308           15        21:00     0                   23             8         4              0              
2731728981747688308           15        22:00     2                   22             8         2              0              
2731728981747688308           15        23:00     3                   16             8         2              0              
