Sim_N                         Day       Time      New_Patients        Waiting        Assigned  Discharged     Beds_Avail_EOH 
4859383346794797663           1         0:00      2                   0              2         0              13             
4859383346794797663           1         1:00      0                   0              1         1              14             
4859383346794797663           1         2:00      2                   0              3         0              12             
4859383346794797663           1         3:00      3                   0              6         0              9              
4859383346794797663           1         4:00      0                   0              5         1              10             
4859383346794797663           1         5:00      1                   0              4         2              11             
4859383346794797663           1         6:00      0                   0              3         1              12             
4859383346794797663           1         7:00      1                   0              3         1              12             
4859383346794797663           1         8:00      1                   0              4         0              11             
4859383346794797663           1         9:00      1                   0              5         0              10             
4859383346794797663           1         10:00     0                   0              2         3              13             
4859383346794797663           1         11:00     5                   0              7         0              8              
4859383346794797663           1         12:00     5                   0              12        0              3              
4859383346794797663           1         13:00     3                   0              12        2              3              
4859383346794797663           1         14:00     2                   0              12        2              3              
4859383346794797663           1         15:00     3                   0              14        1              1              
4859383346794797663           1         16:00     5                   0              14        4              1              
4859383346794797663           1         17:00     0                   0              13        1              2              
4859383346794797663           1         18:00     2                   0              12        3              3              
4859383346794797663           1         19:00     0                   0              9         3              6              
4859383346794797663           1         20:00     2                   0              8         3              7              
4859383346794797663           1         21:00     3                   0              10        1              5              
4859383346794797663           1         22:00     4                   0              11        3              4              
4859383346794797663           1         23:00     4                   0              11        4              4              
4859383346794797663           2         0:00      4                   0              11        4              4              
4859383346794797663           2         1:00      0                   0              9         2              6              
4859383346794797663           2         2:00      2                   0              11        0              4              
4859383346794797663           2         3:00      1                   0              12        0              3              
4859383346794797663           2         4:00      3                   0              12        3              3              
4859383346794797663           2         5:00      2                   0              13        1              2              
4859383346794797663           2         6:00      1                   0              13        1              2              
4859383346794797663           2         7:00      1                   0              12        2              3              
4859383346794797663           2         8:00      3                   0              11        3              4              
4859383346794797663           2         9:00      0                   0              8         3              7              
4859383346794797663           2         10:00     2                   0              9         1              6              
4859383346794797663           2         11:00     1                   0              10        0              5              
4859383346794797663           2         12:00     0                   0              9         1              6              
4859383346794797663           2         13:00     2                   0              9         2              6              
4859383346794797663           2         14:00     3                   0              12        0              3              
4859383346794797663           2         15:00     1                   0              12        1              3              
4859383346794797663           2         16:00     0                   0              5         7              10             
4859383346794797663           2         17:00     4                   0              8         1              7              
4859383346794797663           2         18:00     0                   0              8         0              7              
4859383346794797663           2         19:00     2                   0              9         1              6              
4859383346794797663           2         20:00     5                   0              12        1              3              
4859383346794797663           2         21:00     1                   0              11        2              4              
4859383346794797663           2         22:00     4                   0              12        2              3              
4859383346794797663           2         23:00     2                   0              14        0              1              
4859383346794797663           3         0:00      2                   0              11        5              4              
4859383346794797663           3         1:00      4                   0              12        3              3              
4859383346794797663           3         2:00      0                   0              11        1              4              
4859383346794797663           3         3:00      0                   0              8         3              7              
4859383346794797663           3         4:00      3                   0              11        0              4              
4859383346794797663           3         5:00      1                   0              10        2              5              
4859383346794797663           3         6:00      4                   0              12        2              3              
4859383346794797663           3         7:00      3                   0              13        2              2              
4859383346794797663           3         8:00      4                   0              11        6              4              
4859383346794797663           3         9:00      1                   0              10        2              5              
4859383346794797663           3         10:00     3                   0              12        1              3              
4859383346794797663           3         11:00     3                   0              11        4              4              
4859383346794797663           3         12:00     3                   0              11        3              4              
4859383346794797663           3         13:00     1                   0              12        0              3              
4859383346794797663           3         14:00     5                   1              15        1              0              
4859383346794797663           3         15:00     5                   0              15        5              0              
4859383346794797663           3         16:00     5                   5              15        0              0              
4859383346794797663           3         17:00     3                   6              15        2              0              
4859383346794797663           3         18:00     0                   3              15        3              0              
4859383346794797663           3         19:00     1                   3              15        1              0              
4859383346794797663           3         20:00     1                   0              15        4              0              
4859383346794797663           3         21:00     3                   1              15        2              0              
4859383346794797663           3         22:00     1                   0              15        2              0              
4859383346794797663           3         23:00     3                   1              15        2              0              
4859383346794797663           4         0:00      1                   0              13        4              2              
4859383346794797663           4         1:00      2                   0              13        2              2              
4859383346794797663           4         2:00      0                   0              12        1              3              
4859383346794797663           4         3:00      0                   0              9         3              6              
4859383346794797663           4         4:00      3                   0              9         3              6              
4859383346794797663           4         5:00      2                   0              11        0              4              
4859383346794797663           4         6:00      3                   0              11        3              4              
4859383346794797663           4         7:00      1                   0              9         3              6              
4859383346794797663           4         8:00      2                   0              9         2              6              
4859383346794797663           4         9:00      5                   0              12        2              3              
4859383346794797663           4         10:00     2                   0              13        1              2              
4859383346794797663           4         11:00     3                   0              11        5              4              
4859383346794797663           4         12:00     2                   0              11        2              4              
4859383346794797663           4         13:00     2                   0              12        1              3              
4859383346794797663           4         14:00     5                   1              15        1              0              
4859383346794797663           4         15:00     5                   4              15        2              0              
4859383346794797663           4         16:00     5                   4              15        4              0              
4859383346794797663           4         17:00     1                   1              15        4              0              
4859383346794797663           4         18:00     3                   3              15        1              0              
4859383346794797663           4         19:00     0                   0              15        3              0              
4859383346794797663           4         20:00     3                   0              15        3              0              
4859383346794797663           4         21:00     5                   0              14        6              1              
4859383346794797663           4         22:00     4                   0              13        5              2              
4859383346794797663           4         23:00     5                   3              15        0              0              
4859383346794797663           5         0:00      2                   0              15        5              0              
4859383346794797663           5         1:00      2                   0              11        6              4              
4859383346794797663           5         2:00      1                   0              8         4              7              
4859383346794797663           5         3:00      5                   0              12        1              3              
4859383346794797663           5         4:00      2                   0              13        1              2              
4859383346794797663           5         5:00      3                   0              13        2              2              
4859383346794797663           5         6:00      5                   0              15        3              0              
4859383346794797663           5         7:00      5                   0              14        6              1              
4859383346794797663           5         8:00      4                   1              15        2              0              
4859383346794797663           5         9:00      3                   2              15        2              0              
4859383346794797663           5         10:00     3                   5              15        0              0              
4859383346794797663           5         11:00     5                   8              15        2              0              
4859383346794797663           5         12:00     2                   9              15        1              0              
4859383346794797663           5         13:00     4                   11             15        2              0              
4859383346794797663           5         14:00     3                   10             15        4              0              
4859383346794797663           5         15:00     1                   10             15        1              0              
4859383346794797663           5         16:00     4                   13             15        1              0              
4859383346794797663           5         17:00     2                   12             15        3              0              
4859383346794797663           5         18:00     2                   10             15        4              0              
4859383346794797663           5         19:00     1                   9              15        2              0              
4859383346794797663           5         20:00     5                   11             15        2              0              
4859383346794797663           5         21:00     2                   10             15        3              0              
4859383346794797663           5         22:00     0                   10             15        0              0              
4859383346794797663           5         23:00     5                   6              15        7              0              
4859383346794797663           6         0:00      2                   5              15        3              0              
4859383346794797663           6         1:00      4                   5              15        4              0              
4859383346794797663           6         2:00      3                   6              15        2              0              
4859383346794797663           6         3:00      0                   5              15        1              0              
4859383346794797663           6         4:00      5                   8              15        2              0              
4859383346794797663           6         5:00      2                   7              15        3              0              
4859383346794797663           6         6:00      1                   6              15        2              0              
4859383346794797663           6         7:00      1                   6              15        1              0              
4859383346794797663           6         8:00      4                   7              15        3              0              
4859383346794797663           6         9:00      3                   7              15        3              0              
4859383346794797663           6         10:00     1                   6              15        2              0              
4859383346794797663           6         11:00     1                   3              15        4              0              
4859383346794797663           6         12:00     1                   2              15        2              0              
4859383346794797663           6         13:00     4                   5              15        1              0              
4859383346794797663           6         14:00     5                   4              15        5              0              
4859383346794797663           6         15:00     1                   1              15        4              0              
4859383346794797663           6         16:00     4                   1              15        3              0              
4859383346794797663           6         17:00     2                   0              13        4              2              
4859383346794797663           6         18:00     0                   0              8         5              7              
4859383346794797663           6         19:00     5                   0              10        3              5              
4859383346794797663           6         20:00     0                   0              10        0              5              
4859383346794797663           6         21:00     2                   0              10        1              5              
4859383346794797663           6         22:00     2                   0              10        2              5              
4859383346794797663           6         23:00     3                   0              9         4              6              
4859383346794797663           7         0:00      2                   0              10        1              5              
4859383346794797663           7         1:00      1                   0              10        1              5              
4859383346794797663           7         2:00      1                   0              8         3              7              
4859383346794797663           7         3:00      1                   0              8         1              7              
4859383346794797663           7         4:00      2                   0              8         2              7              
4859383346794797663           7         5:00      4                   0              12        0              3              
4859383346794797663           7         6:00      4                   0              15        1              0              
4859383346794797663           7         7:00      4                   0              14        4              1              
4859383346794797663           7         8:00      4                   1              15        2              0              
4859383346794797663           7         9:00      3                   0              15        3              0              
4859383346794797663           7         10:00     2                   0              14        3              1              
4859383346794797663           7         11:00     0                   0              10        4              5              
4859383346794797663           7         12:00     4                   0              11        2              4              
4859383346794797663           7         13:00     2                   0              12        1              3              
4859383346794797663           7         14:00     3                   0              14        1              1              
4859383346794797663           7         15:00     1                   0              11        4              4              
4859383346794797663           7         16:00     5                   0              12        4              3              
4859383346794797663           7         17:00     4                   0              13        3              2              
4859383346794797663           7         18:00     2                   0              10        5              5              
4859383346794797663           7         19:00     0                   0              8         2              7              
4859383346794797663           7         20:00     5                   0              11        2              4              
4859383346794797663           7         21:00     0                   0              10        1              5              
4859383346794797663           7         22:00     3                   0              10        3              5              
4859383346794797663           7         23:00     1                   0              9         2              6              
4859383346794797663           8         0:00      2                   0              7         4              8              
4859383346794797663           8         1:00      1                   0              6         2              9              
4859383346794797663           8         2:00      1                   0              6         1              9              
4859383346794797663           8         3:00      0                   0              4         2              11             
4859383346794797663           8         4:00      3                   0              7         0              8              
4859383346794797663           8         5:00      2                   0              8         1              7              
4859383346794797663           8         6:00      1                   0              9         0              6              
4859383346794797663           8         7:00      4                   0              9         4              6              
4859383346794797663           8         8:00      4                   0              12        1              3              
4859383346794797663           8         9:00      3                   0              12        2              3              
4859383346794797663           8         10:00     5                   0              14        2              1              
4859383346794797663           8         11:00     3                   0              14        3              1              
4859383346794797663           8         12:00     3                   0              13        4              2              
4859383346794797663           8         13:00     2                   0              14        1              1              
4859383346794797663           8         14:00     1                   0              14        1              1              
4859383346794797663           8         15:00     5                   2              15        1              0              
4859383346794797663           8         16:00     4                   3              15        3              0              
4859383346794797663           8         17:00     5                   7              15        1              0              
4859383346794797663           8         18:00     0                   5              15        2              0              
4859383346794797663           8         19:00     1                   4              15        2              0              
4859383346794797663           8         20:00     3                   5              15        2              0              
4859383346794797663           8         21:00     0                   2              15        3              0              
4859383346794797663           8         22:00     0                   1              15        1              0              
4859383346794797663           8         23:00     4                   0              15        4              0              
4859383346794797663           9         0:00      2                   0              11        6              4              
4859383346794797663           9         1:00      5                   0              14        1              1              
4859383346794797663           9         2:00      4                   1              15        2              0              
4859383346794797663           9         3:00      3                   2              15        2              0              
4859383346794797663           9         4:00      3                   3              15        2              0              
4859383346794797663           9         5:00      3                   4              15        2              0              
4859383346794797663           9         6:00      5                   8              15        1              0              
4859383346794797663           9         7:00      0                   3              15        5              0              
4859383346794797663           9         8:00      3                   5              15        1              0              
4859383346794797663           9         9:00      2                   4              15        3              0              
4859383346794797663           9         10:00     3                   5              15        2              0              
4859383346794797663           9         11:00     2                   2              15        5              0              
4859383346794797663           9         12:00     4                   5              15        1              0              
4859383346794797663           9         13:00     2                   3              15        4              0              
4859383346794797663           9         14:00     5                   4              15        4              0              
4859383346794797663           9         15:00     3                   4              15        3              0              
4859383346794797663           9         16:00     3                   6              15        1              0              
4859383346794797663           9         17:00     4                   8              15        2              0              
4859383346794797663           9         18:00     3                   8              15        2              0              
4859383346794797663           9         19:00     3                   9              15        2              0              
4859383346794797663           9         20:00     0                   7              15        2              0              
4859383346794797663           9         21:00     0                   4              15        3              0              
4859383346794797663           9         22:00     1                   0              14        6              1              
4859383346794797663           9         23:00     2                   0              14        2              1              
4859383346794797663           10        0:00      5                   0              15        4              0              
4859383346794797663           10        1:00      3                   0              15        3              0              
4859383346794797663           10        2:00      4                   1              15        3              0              
4859383346794797663           10        3:00      5                   2              15        4              0              
4859383346794797663           10        4:00      3                   3              15        2              0              
4859383346794797663           10        5:00      1                   0              15        4              0              
4859383346794797663           10        6:00      5                   1              15        3              0              
4859383346794797663           10        7:00      0                   0              14        2              1              
4859383346794797663           10        8:00      0                   0              13        1              2              
4859383346794797663           10        9:00      2                   0              13        2              2              
4859383346794797663           10        10:00     4                   0              15        2              0              
4859383346794797663           10        11:00     2                   0              13        3              2              
4859383346794797663           10        12:00     4                   1              15        1              0              
4859383346794797663           10        13:00     3                   1              15        3              0              
4859383346794797663           10        14:00     2                   0              13        4              2              
4859383346794797663           10        15:00     1                   0              11        3              4              
4859383346794797663           10        16:00     1                   0              9         3              6              
4859383346794797663           10        17:00     2                   0              6         5              9              
4859383346794797663           10        18:00     4                   0              8         2              7              
4859383346794797663           10        19:00     2                   0              9         1              6              
4859383346794797663           10        20:00     3                   0              10        2              5              
4859383346794797663           10        21:00     2                   0              11        1              4              
4859383346794797663           10        22:00     4                   0              13        2              2              
4859383346794797663           10        23:00     5                   2              15        1              0              
4859383346794797663           11        0:00      1                   0              15        3              0              
4859383346794797663           11        1:00      2                   0              15        2              0              
4859383346794797663           11        2:00      1                   0              14        2              1              
4859383346794797663           11        3:00      1                   0              13        2              2              
4859383346794797663           11        4:00      5                   0              13        4              2              
4859383346794797663           11        5:00      0                   0              11        2              4              
4859383346794797663           11        6:00      2                   0              9         4              6              
4859383346794797663           11        7:00      4                   0              11        2              4              
4859383346794797663           11        8:00      1                   0              9         3              6              
4859383346794797663           11        9:00      2                   0              11        0              4              
4859383346794797663           11        10:00     5                   1              15        0              0              
4859383346794797663           11        11:00     1                   0              13        4              2              
4859383346794797663           11        12:00     3                   0              15        1              0              
4859383346794797663           11        13:00     1                   0              13        3              2              
4859383346794797663           11        14:00     2                   0              13        2              2              
4859383346794797663           11        15:00     4                   0              15        2              0              
4859383346794797663           11        16:00     1                   0              14        2              1              
4859383346794797663           11        17:00     4                   2              15        1              0              
4859383346794797663           11        18:00     2                   0              13        6              2              
4859383346794797663           11        19:00     0                   0              11        2              4              
4859383346794797663           11        20:00     2                   0              11        1              4              
4859383346794797663           11        21:00     0                   0              8         3              7              
4859383346794797663           11        22:00     2                   0              9         1              6              
4859383346794797663           11        23:00     2                   0              10        1              5              
4859383346794797663           12        0:00      5                   0              12        2              3              
4859383346794797663           12        1:00      2                   0              12        1              3              
4859383346794797663           12        2:00      5                   0              15        2              0              
4859383346794797663           12        3:00      3                   0              12        6              3              
4859383346794797663           12        4:00      0                   0              11        1              4              
4859383346794797663           12        5:00      3                   0              11        3              4              
4859383346794797663           12        6:00      4                   0              14        1              1              
4859383346794797663           12        7:00      0                   0              12        2              3              
4859383346794797663           12        8:00      2                   0              11        3              4              
4859383346794797663           12        9:00      1                   0              11        1              4              
4859383346794797663           12        10:00     5                   0              13        3              2              
4859383346794797663           12        11:00     2                   0              14        1              1              
4859383346794797663           12        12:00     3                   0              15        2              0              
4859383346794797663           12        13:00     1                   1              15        0              0              
4859383346794797663           12        14:00     3                   4              15        0              0              
4859383346794797663           12        15:00     4                   6              15        2              0              
4859383346794797663           12        16:00     1                   3              15        4              0              
4859383346794797663           12        17:00     3                   4              15        2              0              
4859383346794797663           12        18:00     3                   3              15        3              0              
4859383346794797663           12        19:00     2                   0              15        5              0              
4859383346794797663           12        20:00     4                   1              15        3              0              
4859383346794797663           12        21:00     1                   0              15        2              0              
4859383346794797663           12        22:00     0                   0              15        0              0              
4859383346794797663           12        23:00     5                   4              15        1              0              
4859383346794797663           13        0:00      0                   1              15        3              0              
4859383346794797663           13        1:00      2                   0              14        4              1              
4859383346794797663           13        2:00      3                   0              13        4              2              
4859383346794797663           13        3:00      5                   1              15        2              0              
4859383346794797663           13        4:00      5                   3              15        3              0              
4859383346794797663           13        5:00      3                   5              15        1              0              
4859383346794797663           13        6:00      5                   6              15        3              0              
4859383346794797663           13        7:00      1                   5              15        2              0              
4859383346794797663           13        8:00      1                   5              15        1              0              
4859383346794797663           13        9:00      3                   5              15        3              0              
4859383346794797663           13        10:00     4                   6              15        3              0              
4859383346794797663           13        11:00     4                   7              15        3              0              
4859383346794797663           13        12:00     0                   4              15        3              0              
4859383346794797663           13        13:00     5                   7              15        2              0              
4859383346794797663           13        14:00     3                   8              15        2              0              
4859383346794797663           13        15:00     4                   6              15        6              0              
4859383346794797663           13        16:00     3                   6              15        3              0              
4859383346794797663           13        17:00     1                   5              15        2              0              
4859383346794797663           13        18:00     1                   0              14        7              1              
4859383346794797663           13        19:00     0                   0              10        4              5              
4859383346794797663           13        20:00     3                   0              8         5              7              
4859383346794797663           13        21:00     1                   0              9         0              6              
4859383346794797663           13        22:00     1                   0              9         1              6              
4859383346794797663           13        23:00     5                   0              12        2              3              
4859383346794797663           14        0:00      2                   0              11        3              4              
4859383346794797663           14        1:00      0                   0              9         2              6              
4859383346794797663           14        2:00      0                   0              7         2              8              
4859383346794797663           14        3:00      5                   0              10        2              5              
4859383346794797663           14        4:00      4                   0              12        2              3              
4859383346794797663           14        5:00      4                   0              13        3              2              
4859383346794797663           14        6:00      2                   0              13        2              2              
4859383346794797663           14        7:00      4                   1              15        0              0              
4859383346794797663           14        8:00      2                   1              15        2              0              
4859383346794797663           14        9:00      2                   0              14        4              1              
4859383346794797663           14        10:00     4                   2              15        1              0              
4859383346794797663           14        11:00     1                   0              15        3              0              
4859383346794797663           14        12:00     4                   1              15        3              0              
4859383346794797663           14        13:00     3                   0              14        5              1              
4859383346794797663           14        14:00     3                   0              15        2              0              
4859383346794797663           14        15:00     0                   0              13        2              2              
4859383346794797663           14        16:00     2                   0              12        3              3              
4859383346794797663           14        17:00     4                   0              13        3              2              
4859383346794797663           14        18:00     1                   0              11        3              4              
4859383346794797663           14        19:00     2                   0              12        1              3              
4859383346794797663           14        20:00     1                   0              11        2              4              
4859383346794797663           14        21:00     5                   0              10        5              5              
4859383346794797663           14        22:00     0                   0              7         3              8              
4859383346794797663           14        23:00     1                   0              6         2              9              
4859383346794797663           15        0:00      1                   0              7         0              8              
4859383346794797663           15        1:00      2                   0              7         2              8              
4859383346794797663           15        2:00      5                   0              10        1              5              
4859383346794797663           15        3:00      2                   0              10        2              5              
4859383346794797663           15        4:00      3                   0              11        2              4              
4859383346794797663           15        5:00      4                   0              13        1              2              
4859383346794797663           15        6:00      2                   0              15        0              0              
4859383346794797663           15        7:00      3                   1              15        2              0              
4859383346794797663           15        8:00      1                   2              15        0              0              
4859383346794797663           15        9:00      4                   2              15        3              0              
4859383346794797663           15        10:00     3                   4              15        1              0              
4859383346794797663           15        11:00     1                   2              15        3              0              
4859383346794797663           15        12:00     1                   3              15        0              0              
4859383346794797663           15        13:00     3                   2              15        4              0              
4859383346794797663           15        14:00     3                   4              15        1              0              
4859383346794797663           15        15:00     0                   0              14        5              1              
4859383346794797663           15        16:00     2                   0              14        2              1              
4859383346794797663           15        17:00     1                   0              12        3              3              
4859383346794797663           15        18:00     1                   0              11        2              4              
4859383346794797663           15        19:00     5                   1              15        0              0              
4859383346794797663           15        20:00     4                   4              15        1              0              
4859383346794797663           15        21:00     2                   0              15        6              0              
4859383346794797663           15        22:00     5                   0              15        3              0              
4859383346794797663           15        23:00     0                   0              13        2              2              
