Sim_N                         Day       Time      New_Patients        Waiting        Assigned  Discharged     Beds_Avail_EOH 
6194059673562246520           1         0:00      4                   0              4         0              11             
6194059673562246520           1         1:00      1                   0              5         0              10             
6194059673562246520           1         2:00      4                   0              7         1              8              
6194059673562246520           1         3:00      2                   0              8         1              7              
6194059673562246520           1         4:00      5                   0              12        1              3              
6194059673562246520           1         5:00      3                   0              14        1              1              
6194059673562246520           1         6:00      0                   0              10        4              5              
6194059673562246520           1         7:00      4                   0              12        2              3              
6194059673562246520           1         8:00      4                   0              11        4              4              
6194059673562246520           1         9:00      1                   0              12        0              3              
6194059673562246520           1         10:00     5                   0              15        2              0              
6194059673562246520           1         11:00     5                   2              15        2              0              
6194059673562246520           1         12:00     5                   3              15        4              0              
6194059673562246520           1         13:00     4                   4              15        3              0              
6194059673562246520           1         14:00     1                   0              15        5              0              
6194059673562246520           1         15:00     2                   0              12        5              3              
6194059673562246520           1         16:00     0                   0              11        1              4              
6194059673562246520           1         17:00     4                   0              10        5              5              
6194059673562246520           1         18:00     1                   0              10        1              5              
6194059673562246520           1         19:00     0                   0              9         1              6              
6194059673562246520           1         20:00     0                   0              8         1              7              
6194059673562246520           1         21:00     0                   0              5         3              10             
6194059673562246520           1         22:00     3                   0              6         2              9              
6194059673562246520           1         23:00     3                   0              8         1              7              
6194059673562246520           2         0:00      2                   0              10        0              5              
6194059673562246520           2         1:00      5                   0              13        2              2              
6194059673562246520           2         2:00      4                   0              15        2              0              
6194059673562246520           2         3:00      4                   0              14        5              1              
6194059673562246520           2         4:00      4                   1              15        2              0              
6194059673562246520           2         5:00      0                   0              14        2              1              
6194059673562246520           2         6:00      3                   0              13        4              2              
6194059673562246520           2         7:00      1                   0              10        4              5              
6194059673562246520           2         8:00      0                   0              10        0              5              
6194059673562246520           2         9:00      5                   0              14        1              1              
6194059673562246520           2         10:00     0                   0              10        4              5              
6194059673562246520           2         11:00     5                   0              13        2              2              
6194059673562246520           2         12:00     5                   0              14        4              1              
6194059673562246520           2         13:00     4                   0              14        3              1              
6194059673562246520           2         14:00     0                   0              13        1              2              
6194059673562246520           2         15:00     4                   0              15        2              0              
6194059673562246520           2         16:00     3                   0              14        4              1              
6194059673562246520           2         17:00     5                   0              14        4              1              
6194059673562246520           2         18:00     0                   0              13        1              2              
6194059673562246520           2         19:00     0                   0              11        2              4              
6194059673562246520           2         20:00     1                   0              11        1              4              
6194059673562246520           2         21:00     1                   0              10        2              5              
6194059673562246520           2         22:00     2                   0              10        2              5              
6194059673562246520           2         23:00     2                   0              10        2              5              
6194059673562246520           3         0:00      0                   0              8         2              7              
6194059673562246520           3         1:00      3                   0              10        1              5              
6194059673562246520           3         2:00      0                   0              7         3              8              
6194059673562246520           3         3:00      3                   0              9         1              6              
6194059673562246520           3         4:00      0                   0              6         3              9              
6194059673562246520           3         5:00      4                   0              9         1              6              
6194059673562246520           3         6:00      2                   0              10        1              5              
6194059673562246520           3         7:00      5                   0              12        3              3              
6194059673562246520           3         8:00      3                   0              14        1              1              
6194059673562246520           3         9:00      2                   0              15        1              0              
6194059673562246520           3         10:00     5                   0              14        6              1              
6194059673562246520           3         11:00     5                   2              15        2              0              
6194059673562246520           3         12:00     0                   0              14        3              1              
6194059673562246520           3         13:00     3                   0              15        2              0              
6194059673562246520           3         14:00     0                   0              12        3              3              
6194059673562246520           3         15:00     1                   0              10        3              5              
6194059673562246520           3         16:00     2                   0              10        2              5              
6194059673562246520           3         17:00     3                   0              13        0              2              
6194059673562246520           3         18:00     2                   0              13        2              2              
6194059673562246520           3         19:00     1                   0              13        1              2              
6194059673562246520           3         20:00     4                   0              14        2              1              
6194059673562246520           3         21:00     5                   0              15        4              0              
6194059673562246520           3         22:00     5                   3              15        2              0              
6194059673562246520           3         23:00     1                   1              15        3              0              
6194059673562246520           4         0:00      0                   0              13        3              2              
6194059673562246520           4         1:00      0                   0              9         4              6              
6194059673562246520           4         2:00      4                   0              11        2              4              
6194059673562246520           4         3:00      5                   0              12        4              3              
6194059673562246520           4         4:00      3                   0              12        3              3              
6194059673562246520           4         5:00      4                   0              14        2              1              
6194059673562246520           4         6:00      5                   2              15        2              0              
6194059673562246520           4         7:00      5                   7              15        0              0              
6194059673562246520           4         8:00      4                   9              15        1              0              
6194059673562246520           4         9:00      2                   8              15        3              0              
6194059673562246520           4         10:00     1                   6              15        3              0              
6194059673562246520           4         11:00     4                   7              15        3              0              
6194059673562246520           4         12:00     0                   4              15        3              0              
6194059673562246520           4         13:00     1                   2              15        3              0              
6194059673562246520           4         14:00     4                   3              15        3              0              
6194059673562246520           4         15:00     0                   2              15        1              0              
6194059673562246520           4         16:00     1                   0              11        7              4              
6194059673562246520           4         17:00     0                   0              5         6              10             
6194059673562246520           4         18:00     4                   0              8         1              7              
6194059673562246520           4         19:00     4                   0              11        0              4              
6194059673562246520           4         20:00     4                   0              14        1              1              
6194059673562246520           4         21:00     0                   0              12        2              3              
6194059673562246520           4         22:00     1                   0              9         4              6              
6194059673562246520           4         23:00     1                   0              9         1              6              
6194059673562246520           5         0:00      2                   0              10        1              5              
6194059673562246520           5         1:00      2                   0              9         3              6              
6194059673562246520           5         2:00      0                   0              9         0              6              
6194059673562246520           5         3:00      2                   0              10        1              5              
6194059673562246520           5         4:00      2                   0              10        2              5              
6194059673562246520           5         5:00      0                   0              9         1              6              
6194059673562246520           5         6:00      0                   0              6         3              9              
6194059673562246520           5         7:00      3                   0              8         1              7              
6194059673562246520           5         8:00      5                   0              10        2              5              
6194059673562246520           5         9:00      3                   0              10        3              5              
6194059673562246520           5         10:00     1                   0              9         2              6              
6194059673562246520           5         11:00     0                   0              8         1              7              
6194059673562246520           5         12:00     4                   0              9         2              6              
6194059673562246520           5         13:00     1                   0              8         2              7              
6194059673562246520           5         14:00     4                   0              8         4              7              
6194059673562246520           5         15:00     4                   0              10        2              5              
6194059673562246520           5         16:00     4                   0              10        3              5              
6194059673562246520           5         17:00     3                   0              11        2              4              
6194059673562246520           5         18:00     4                   0              13        2              2              
6194059673562246520           5         19:00     0                   0              9         4              6              
6194059673562246520           5         20:00     4                   0              11        2              4              
6194059673562246520           5         21:00     4                   0              12        3              3              
6194059673562246520           5         22:00     1                   0              11        2              4              
6194059673562246520           5         23:00     1                   0              9         3              6              
6194059673562246520           6         0:00      3                   0              9         3              6              
6194059673562246520           6         1:00      3                   0              9         3              6              
6194059673562246520           6         2:00      4                   0              12        1              3              
6194059673562246520           6         3:00      0                   0              10        2              5              
6194059673562246520           6         4:00      2                   0              6         6              9              
6194059673562246520           6         5:00      2                   0              8         0              7              
6194059673562246520           6         6:00      5                   0              11        1              4              
6194059673562246520           6         7:00      4                   0              15        0              0              
6194059673562246520           6         8:00      0                   0              14        1              1              
6194059673562246520           6         9:00      1                   0              14        1              1              
6194059673562246520           6         10:00     2                   0              12        4              3              
6194059673562246520           6         11:00     5                   1              15        1              0              
6194059673562246520           6         12:00     4                   2              15        2              0              
6194059673562246520           6         13:00     1                   0              15        3              0              
6194059673562246520           6         14:00     1                   0              15        1              0              
6194059673562246520           6         15:00     5                   4              15        1              0              
6194059673562246520           6         16:00     1                   5              15        0              0              
6194059673562246520           6         17:00     0                   1              15        4              0              
6194059673562246520           6         18:00     5                   5              15        1              0              
6194059673562246520           6         19:00     5                   7              15        3              0              
6194059673562246520           6         20:00     0                   0              15        7              0              
6194059673562246520           6         21:00     4                   0              12        7              3              
6194059673562246520           6         22:00     3                   0              14        1              1              
6194059673562246520           6         23:00     1                   0              13        2              2              
6194059673562246520           7         0:00      1                   0              10        4              5              
6194059673562246520           7         1:00      5                   0              12        3              3              
6194059673562246520           7         2:00      0                   0              10        2              5              
6194059673562246520           7         3:00      3                   0              8         5              7              
6194059673562246520           7         4:00      2                   0              10        0              5              
6194059673562246520           7         5:00      2                   0              9         3              6              
6194059673562246520           7         6:00      0                   0              9         0              6              
6194059673562246520           7         7:00      5                   0              13        1              2              
6194059673562246520           7         8:00      4                   0              14        3              1              
6194059673562246520           7         9:00      5                   0              15        4              0              
6194059673562246520           7         10:00     1                   0              12        4              3              
6194059673562246520           7         11:00     3                   0              12        3              3              
6194059673562246520           7         12:00     4                   0              14        2              1              
6194059673562246520           7         13:00     1                   0              11        4              4              
6194059673562246520           7         14:00     3                   0              11        3              4              
6194059673562246520           7         15:00     4                   0              13        2              2              
6194059673562246520           7         16:00     3                   0              13        2              2              
6194059673562246520           7         17:00     5                   2              15        1              0              
6194059673562246520           7         18:00     3                   3              15        2              0              
6194059673562246520           7         19:00     1                   0              15        4              0              
6194059673562246520           7         20:00     3                   2              15        1              0              
6194059673562246520           7         21:00     4                   3              15        3              0              
6194059673562246520           7         22:00     5                   6              15        2              0              
6194059673562246520           7         23:00     1                   7              15        0              0              
6194059673562246520           8         0:00      4                   7              15        4              0              
6194059673562246520           8         1:00      0                   6              15        1              0              
6194059673562246520           8         2:00      0                   4              15        2              0              
6194059673562246520           8         3:00      3                   2              15        4              0              
6194059673562246520           8         4:00      1                   0              15        3              0              
6194059673562246520           8         5:00      0                   0              14        1              1              
6194059673562246520           8         6:00      4                   0              15        3              0              
6194059673562246520           8         7:00      5                   2              15        3              0              
6194059673562246520           8         8:00      2                   1              15        3              0              
6194059673562246520           8         9:00      1                   0              15        2              0              
6194059673562246520           8         10:00     5                   1              15        4              0              
6194059673562246520           8         11:00     2                   2              15        1              0              
6194059673562246520           8         12:00     0                   0              15        2              0              
6194059673562246520           8         13:00     1                   0              15        1              0              
6194059673562246520           8         14:00     2                   0              12        5              3              
6194059673562246520           8         15:00     4                   0              15        1              0              
6194059673562246520           8         16:00     5                   1              15        2              0              
6194059673562246520           8         17:00     3                   3              15        1              0              
6194059673562246520           8         18:00     3                   4              15        2              0              
6194059673562246520           8         19:00     4                   6              15        2              0              
6194059673562246520           8         20:00     4                   8              15        2              0              
6194059673562246520           8         21:00     1                   6              15        3              0              
6194059673562246520           8         22:00     0                   4              15        2              0              
6194059673562246520           8         23:00     1                   2              15        3              0              
6194059673562246520           9         0:00      4                   3              15        3              0              
6194059673562246520           9         1:00      0                   0              14        4              1              
6194059673562246520           9         2:00      0                   0              7         7              8              
6194059673562246520           9         3:00      0                   0              6         1              9              
6194059673562246520           9         4:00      4                   0              10        0              5              
6194059673562246520           9         5:00      4                   0              11        2              4              
6194059673562246520           9         6:00      4                   0              14        1              1              
6194059673562246520           9         7:00      2                   0              15        1              0              
6194059673562246520           9         8:00      5                   3              15        2              0              
6194059673562246520           9         9:00      1                   0              15        4              0              
6194059673562246520           9         10:00     5                   3              15        2              0              
6194059673562246520           9         11:00     3                   4              15        2              0              
6194059673562246520           9         12:00     2                   2              15        4              0              
6194059673562246520           9         13:00     4                   3              15        3              0              
6194059673562246520           9         14:00     3                   4              15        2              0              
6194059673562246520           9         15:00     5                   7              15        1              0              
6194059673562246520           9         16:00     2                   5              15        4              0              
6194059673562246520           9         17:00     4                   5              15        4              0              
6194059673562246520           9         18:00     5                   6              15        3              0              
6194059673562246520           9         19:00     4                   5              15        5              0              
6194059673562246520           9         20:00     5                   4              15        6              0              
6194059673562246520           9         21:00     5                   4              15        5              0              
6194059673562246520           9         22:00     5                   8              15        1              0              
6194059673562246520           9         23:00     0                   6              15        2              0              
6194059673562246520           10        0:00      0                   5              15        1              0              
6194059673562246520           10        1:00      1                   4              15        2              0              
6194059673562246520           10        2:00      3                   4              15        3              0              
6194059673562246520           10        3:00      0                   0              15        4              0              
6194059673562246520           10        4:00      3                   0              13        5              2              
6194059673562246520           10        5:00      0                   0              9         4              6              
6194059673562246520           10        6:00      0                   0              6         3              9              
6194059673562246520           10        7:00      2                   0              6         2              9              
6194059673562246520           10        8:00      2                   0              6         2              9              
6194059673562246520           10        9:00      0                   0              4         2              11             
6194059673562246520           10        10:00     2                   0              5         1              10             
6194059673562246520           10        11:00     3                   0              4         4              11             
6194059673562246520           10        12:00     0                   0              4         0              11             
6194059673562246520           10        13:00     1                   0              3         2              12             
6194059673562246520           10        14:00     4                   0              6         1              9              
6194059673562246520           10        15:00     5                   0              9         2              6              
6194059673562246520           10        16:00     2                   0              7         4              8              
6194059673562246520           10        17:00     0                   0              5         2              10             
6194059673562246520           10        18:00     1                   0              6         0              9              
6194059673562246520           10        19:00     0                   0              5         1              10             
6194059673562246520           10        20:00     3                   0              5         3              10             
6194059673562246520           10        21:00     1                   0              6         0              9              
6194059673562246520           10        22:00     3                   0              7         2              8              
6194059673562246520           10        23:00     2                   0              7         2              8              
6194059673562246520           11        0:00      5                   0              10        2              5              
6194059673562246520           11        1:00      3                   0              13        0              2              
6194059673562246520           11        2:00      2                   0              11        4              4              
6194059673562246520           11        3:00      2                   0              9         4              6              
6194059673562246520           11        4:00      1                   0              10        0              5              
6194059673562246520           11        5:00      0                   0              9         1              6              
6194059673562246520           11        6:00      1                   0              8         1              7              
6194059673562246520           11        7:00      0                   0              5         3              10             
6194059673562246520           11        8:00      5                   0              7         3              8              
6194059673562246520           11        9:00      3                   0              7         3              8              
6194059673562246520           11        10:00     0                   0              5         2              10             
6194059673562246520           11        11:00     2                   0              5         2              10             
6194059673562246520           11        12:00     4                   0              8         1              7              
6194059673562246520           11        13:00     4                   0              9         3              6              
6194059673562246520           11        14:00     0                   0              8         1              7              
6194059673562246520           11        15:00     0                   0              7         1              8              
6194059673562246520           11        16:00     3                   0              8         2              7              
6194059673562246520           11        17:00     1                   0              8         1              7              
6194059673562246520           11        18:00     0                   0              7         1              8              
6194059673562246520           11        19:00     0                   0              5         2              10             
6194059673562246520           11        20:00     0                   0              4         1              11             
6194059673562246520           11        21:00     4                   0              7         1              8              
6194059673562246520           11        22:00     5                   0              8         4              7              
6194059673562246520           11        23:00     0                   0              6         2              9              
6194059673562246520           12        0:00      1                   0              6         1              9              
6194059673562246520           12        1:00      5                   0              9         2              6              
6194059673562246520           12        2:00      5                   0              12        2              3              
6194059673562246520           12        3:00      0                   0              9         3              6              
6194059673562246520           12        4:00      3                   0              12        0              3              
6194059673562246520           12        5:00      3                   0              10        5              5              
6194059673562246520           12        6:00      4                   0              13        1              2              
6194059673562246520           12        7:00      1                   0              11        3              4              
6194059673562246520           12        8:00      1                   0              10        2              5              
6194059673562246520           12        9:00      2                   0              11        1              4              
6194059673562246520           12        10:00     3                   0              14        0              1              
6194059673562246520           12        11:00     0                   0              13        1              2              
6194059673562246520           12        12:00     4                   0              14        3              1              
6194059673562246520           12        13:00     5                   1              15        3              0              
6194059673562246520           12        14:00     3                   0              15        4              0              
6194059673562246520           12        15:00     0                   0              14        1              1              
6194059673562246520           12        16:00     2                   0              13        3              2              
6194059673562246520           12        17:00     0                   0              11        2              4              
6194059673562246520           12        18:00     1                   0              11        1              4              
6194059673562246520           12        19:00     5                   0              11        5              4              
6194059673562246520           12        20:00     1                   0              10        2              5              
6194059673562246520           12        21:00     0                   0              9         1              6              
6194059673562246520           12        22:00     2                   0              10        1              5              
6194059673562246520           12        23:00     0                   0              9         1              6              
6194059673562246520           13        0:00      2                   0              9         2              6              
6194059673562246520           13        1:00      0                   0              7         2              8              
6194059673562246520           13        2:00      4                   0              9         2              6              
6194059673562246520           13        3:00      5                   0              13        1              2              
6194059673562246520           13        4:00      1                   0              10        4              5              
6194059673562246520           13        5:00      3                   0              12        1              3              
6194059673562246520           13        6:00      5                   1              15        1              0              
6194059673562246520           13        7:00      0                   0              15        1              0              
6194059673562246520           13        8:00      0                   0              12        3              3              
6194059673562246520           13        9:00      3                   0              12        3              3              
6194059673562246520           13        10:00     4                   0              13        3              2              
6194059673562246520           13        11:00     3                   0              13        2              2              
6194059673562246520           13        12:00     5                   0              15        3              0              
6194059673562246520           13        13:00     4                   0              13        6              2              
6194059673562246520           13        14:00     4                   0              12        4              3              
6194059673562246520           13        15:00     3                   0              12        2              3              
6194059673562246520           13        16:00     4                   0              13        3              2              
6194059673562246520           13        17:00     3                   0              15        1              0              
6194059673562246520           13        18:00     4                   1              15        3              0              
6194059673562246520           13        19:00     3                   3              15        1              0              
6194059673562246520           13        20:00     0                   0              15        3              0              
6194059673562246520           13        21:00     4                   1              15        3              0              
6194059673562246520           13        22:00     4                   1              15        3              0              
6194059673562246520           13        23:00     4                   1              15        4              0              
6194059673562246520           14        0:00      3                   1              15        3              0              
6194059673562246520           14        1:00      5                   3              15        3              0              
6194059673562246520           14        2:00      2                   1              15        4              0              
6194059673562246520           14        3:00      2                   2              15        1              0              
6194059673562246520           14        4:00      3                   1              15        4              0              
6194059673562246520           14        5:00      1                   0              15        2              0              
6194059673562246520           14        6:00      3                   0              15        3              0              
6194059673562246520           14        7:00      2                   0              12        5              3              
6194059673562246520           14        8:00      1                   0              13        0              2              
6194059673562246520           14        9:00      0                   0              8         5              7              
6194059673562246520           14        10:00     3                   0              7         3              8              
6194059673562246520           14        11:00     3                   0              10        0              5              
6194059673562246520           14        12:00     3                   0              11        2              4              
6194059673562246520           14        13:00     2                   0              9         4              6              
6194059673562246520           14        14:00     3                   0              10        2              5              
6194059673562246520           14        15:00     2                   0              9         3              6              
6194059673562246520           14        16:00     5                   0              12        2              3              
6194059673562246520           14        17:00     1                   0              9         4              6              
6194059673562246520           14        18:00     4                   0              11        2              4              
6194059673562246520           14        19:00     1                   0              11        0              4              
6194059673562246520           14        20:00     3                   0              14        0              1              
6194059673562246520           14        21:00     3                   0              15        2              0              
6194059673562246520           14        22:00     1                   0              15        1              0              
6194059673562246520           14        23:00     1                   0              11        5              4              
6194059673562246520           15        0:00      1                   0              12        0              3              
6194059673562246520           15        1:00      5                   2              15        0              0              
6194059673562246520           15        2:00      1                   0              14        4              1              
6194059673562246520           15        3:00      4                   0              13        5              2              
6194059673562246520           15        4:00      1                   0              11        3              4              
6194059673562246520           15        5:00      4                   0              12        3              3              
6194059673562246520           15        6:00      2                   0              10        4              5              
6194059673562246520           15        7:00      3                   0              12        1              3              
6194059673562246520           15        8:00      0                   0              8         4              7              
6194059673562246520           15        9:00      0                   0              8         0              7              
6194059673562246520           15        10:00     1                   0              9         0              6              
6194059673562246520           15        11:00     2                   0              10        1              5              
6194059673562246520           15        12:00     3                   0              10        3              5              
6194059673562246520           15        13:00     4                   0              11        2              4              
6194059673562246520           15        14:00     3                   0              12        2              3              
6194059673562246520           15        15:00     0                   0              9         3              6              
6194059673562246520           15        16:00     5                   0              9         5              6              
6194059673562246520           15        17:00     1                   0              9         1              6              
6194059673562246520           15        18:00     4                   0              11        2              4              
6194059673562246520           15        19:00     1                   0              9         3              6              
6194059673562246520           15        20:00     1                   0              6         4              9              
6194059673562246520           15        21:00     3                   0              5         4              10             
6194059673562246520           15        22:00     4                   0              9         0              6              
6194059673562246520           15        23:00     2                   0              9         1              6              
