Sim_N                         Day       Time      New_Patients        Waiting        Assigned  Discharged     Beds_Avail_EOH 
4182802984102003153           1         0:00      5                   0              3         1              12             
4182802984102003153           1         1:00      4                   0              5         2              10             
4182802984102003153           1         2:00      1                   0              6         0              9              
4182802984102003153           1         3:00      1                   0              7         0              8              
4182802984102003153           1         4:00      1                   0              8         0              7              
4182802984102003153           1         5:00      0                   0              7         1              8              
4182802984102003153           1         6:00      0                   0              6         1              9              
4182802984102003153           1         7:00      5                   0              10        1              5              
4182802984102003153           1         8:00      4                   0              12        2              3              
4182802984102003153           1         9:00      0                   0              12        0              3              
4182802984102003153           1         10:00     5                   2              15        0              0              
4182802984102003153           1         11:00     1                   0              13        5              2              
4182802984102003153           1         12:00     1                   0              11        3              4              
4182802984102003153           1         13:00     1                   0              8         4              7              
4182802984102003153           1         14:00     0                   0              7         1              8              
4182802984102003153           1         15:00     4                   0              9         1              6              
4182802984102003153           1         16:00     2                   0              10        1              5              
4182802984102003153           1         17:00     1                   0              8         3              7              
4182802984102003153           1         18:00     5                   0              10        2              5              
4182802984102003153           1         19:00     5                   0              14        1              1              
4182802984102003153           1         20:00     5                   2              15        2              0              
4182802984102003153           1         21:00     2                   0              15        4              0              
4182802984102003153           1         22:00     2                   0              14        3              1              
4182802984102003153           1         23:00     3                   0              12        5              3              
4182802984102003153           2         0:00      4                   0              13        3              2              
4182802984102003153           2         1:00      5                   1              15        1              0              
4182802984102003153           2         2:00      2                   1              15        2              0              
4182802984102003153           2         3:00      0                   0              15        1              0              
4182802984102003153           2         4:00      0                   0              11        4              4              
4182802984102003153           2         5:00      2                   0              12        1              3              
4182802984102003153           2         6:00      0                   0              11        1              4              
4182802984102003153           2         7:00      4                   0              14        1              1              
4182802984102003153           2         8:00      0                   0              11        3              4              
4182802984102003153           2         9:00      3                   0              12        2              3              
4182802984102003153           2         10:00     0                   0              9         3              6              
4182802984102003153           2         11:00     0                   0              7         2              8              
4182802984102003153           2         12:00     4                   0              9         2              6              
4182802984102003153           2         13:00     2                   0              8         3              7              
4182802984102003153           2         14:00     0                   0              7         1              8              
4182802984102003153           2         15:00     2                   0              9         0              6              
4182802984102003153           2         16:00     2                   0              10        1              5              
4182802984102003153           2         17:00     3                   0              10        3              5              
4182802984102003153           2         18:00     5                   0              14        1              1              
4182802984102003153           2         19:00     4                   0              12        6              3              
4182802984102003153           2         20:00     2                   0              12        2              3              
4182802984102003153           2         21:00     5                   0              12        5              3              
4182802984102003153           2         22:00     1                   0              12        1              3              
4182802984102003153           2         23:00     2                   0              11        3              4              
4182802984102003153           3         0:00      1                   0              11        1              4              
4182802984102003153           3         1:00      1                   0              10        2              5              
4182802984102003153           3         2:00      1                   0              10        1              5              
4182802984102003153           3         3:00      1                   0              9         1              6              
4182802984102003153           3         4:00      3                   0              11        1              4              
4182802984102003153           3         5:00      3                   0              12        2              3              
4182802984102003153           3         6:00      2                   0              11        3              4              
4182802984102003153           3         7:00      1                   0              11        1              4              
4182802984102003153           3         8:00      3                   0              13        1              2              
4182802984102003153           3         9:00      3                   0              14        2              1              
4182802984102003153           3         10:00     1                   0              12        3              3              
4182802984102003153           3         11:00     5                   0              14        3              1              
4182802984102003153           3         12:00     3                   0              12        5              3              
4182802984102003153           3         13:00     0                   0              11        1              4              
4182802984102003153           3         14:00     0                   0              7         4              8              
4182802984102003153           3         15:00     4                   0              11        0              4              
4182802984102003153           3         16:00     2                   0              9         4              6              
4182802984102003153           3         17:00     5                   0              13        0              2              
4182802984102003153           3         18:00     5                   0              12        5              3              
4182802984102003153           3         19:00     4                   0              11        5              4              
4182802984102003153           3         20:00     2                   0              8         5              7              
4182802984102003153           3         21:00     3                   0              9         2              6              
4182802984102003153           3         22:00     3                   0              11        1              4              
4182802984102003153           3         23:00     0                   0              10        1              5              
4182802984102003153           4         0:00      3                   0              10        3              5              
4182802984102003153           4         1:00      0                   0              7         3              8              
4182802984102003153           4         2:00      3                   0              8         2              7              
4182802984102003153           4         3:00      3                   0              9         1              6              
4182802984102003153           4         4:00      5                   0              13        0              2              
4182802984102003153           4         5:00      4                   1              15        1              0              
4182802984102003153           4         6:00      2                   0              14        4              1              
4182802984102003153           4         7:00      1                   0              12        3              3              
4182802984102003153           4         8:00      5                   0              13        4              2              
4182802984102003153           4         9:00      5                   1              15        2              0              
4182802984102003153           4         10:00     2                   0              14        4              1              
4182802984102003153           4         11:00     5                   0              15        4              0              
4182802984102003153           4         12:00     5                   3              15        2              0              
4182802984102003153           4         13:00     5                   6              15        2              0              
4182802984102003153           4         14:00     5                   11             15        0              0              
4182802984102003153           4         15:00     2                   12             15        1              0              
4182802984102003153           4         16:00     4                   13             15        3              0              
4182802984102003153           4         17:00     2                   12             15        3              0              
4182802984102003153           4         18:00     5                   14             15        3              0              
4182802984102003153           4         19:00     5                   19             15        0              0              
4182802984102003153           4         20:00     1                   17             15        3              0              
4182802984102003153           4         21:00     5                   18             15        3              0              
4182802984102003153           4         22:00     1                   13             15        6              0              
4182802984102003153           4         23:00     5                   11             15        7              0              
4182802984102003153           5         0:00      4                   12             15        3              0              
4182802984102003153           5         1:00      4                   12             15        4              0              
4182802984102003153           5         2:00      1                   12             15        1              0              
4182802984102003153           5         3:00      0                   10             15        2              0              
4182802984102003153           5         4:00      5                   11             15        4              0              
4182802984102003153           5         5:00      2                   9              15        4              0              
4182802984102003153           5         6:00      0                   8              15        1              0              
4182802984102003153           5         7:00      1                   9              15        0              0              
4182802984102003153           5         8:00      1                   5              15        5              0              
4182802984102003153           5         9:00      0                   1              15        4              0              
4182802984102003153           5         10:00     3                   4              15        0              0              
4182802984102003153           5         11:00     3                   3              15        4              0              
4182802984102003153           5         12:00     5                   5              15        3              0              
4182802984102003153           5         13:00     2                   3              15        3              0              
4182802984102003153           5         14:00     0                   0              15        3              0              
4182802984102003153           5         15:00     3                   0              15        3              0              
4182802984102003153           5         16:00     0                   0              14        1              1              
4182802984102003153           5         17:00     3                   0              14        3              1              
4182802984102003153           5         18:00     2                   0              15        1              0              
4182802984102003153           5         19:00     0                   0              14        1              1              
4182802984102003153           5         20:00     4                   1              15        2              0              
4182802984102003153           5         21:00     2                   0              15        3              0              
4182802984102003153           5         22:00     1                   0              10        6              5              
4182802984102003153           5         23:00     0                   0              9         1              6              
4182802984102003153           6         0:00      5                   0              10        2              5              
4182802984102003153           6         1:00      3                   0              8         4              7              
4182802984102003153           6         2:00      3                   0              10        1              5              
4182802984102003153           6         3:00      2                   0              9         3              6              
4182802984102003153           6         4:00      3                   0              8         3              7              
4182802984102003153           6         5:00      0                   0              4         4              11             
4182802984102003153           6         6:00      0                   0              3         1              12             
4182802984102003153           6         7:00      5                   0              7         1              8              
4182802984102003153           6         8:00      1                   0              8         0              7              
4182802984102003153           6         9:00      2                   0              7         3              8              
4182802984102003153           6         10:00     5                   0              9         3              6              
4182802984102003153           6         11:00     5                   0              13        1              2              
4182802984102003153           6         12:00     2                   0              14        1              1              
4182802984102003153           6         13:00     2                   0              14        2              1              
4182802984102003153           6         14:00     0                   0              11        3              4              
4182802984102003153           6         15:00     1                   0              12        0              3              
4182802984102003153           6         16:00     4                   1              15        0              0              
4182802984102003153           6         17:00     0                   0              14        2              1              
4182802984102003153           6         18:00     0                   0              13        1              2              
4182802984102003153           6         19:00     1                   0              11        3              4              
4182802984102003153           6         20:00     0                   0              9         2              6              
4182802984102003153           6         21:00     1                   0              8         2              7              
4182802984102003153           6         22:00     0                   0              7         1              8              
4182802984102003153           6         23:00     2                   0              8         1              7              
4182802984102003153           7         0:00      1                   0              8         1              7              
4182802984102003153           7         1:00      5                   0              12        1              3              
4182802984102003153           7         2:00      3                   0              11        4              4              
4182802984102003153           7         3:00      4                   0              12        3              3              
4182802984102003153           7         4:00      5                   0              14        3              1              
4182802984102003153           7         5:00      5                   4              15        0              0              
4182802984102003153           7         6:00      4                   6              15        1              0              
4182802984102003153           7         7:00      3                   6              15        3              0              
4182802984102003153           7         8:00      3                   8              15        1              0              
4182802984102003153           7         9:00      3                   8              15        3              0              
4182802984102003153           7         10:00     0                   8              15        0              0              
4182802984102003153           7         11:00     4                   9              15        3              0              
4182802984102003153           7         12:00     0                   3              15        6              0              
4182802984102003153           7         13:00     5                   3              15        5              0              
4182802984102003153           7         14:00     0                   0              15        3              0              
4182802984102003153           7         15:00     2                   0              15        2              0              
4182802984102003153           7         16:00     3                   2              15        1              0              
4182802984102003153           7         17:00     3                   4              15        1              0              
4182802984102003153           7         18:00     5                   8              15        1              0              
4182802984102003153           7         19:00     4                   10             15        2              0              
4182802984102003153           7         20:00     3                   11             15        2              0              
4182802984102003153           7         21:00     4                   12             15        1              0              
4182802984102003153           7         22:00     5                   12             15        5              0              
4182802984102003153           7         23:00     5                   12             15        4              0              
4182802984102003153           8         0:00      0                   8              15        4              0              
4182802984102003153           8         1:00      4                   7              15        5              0              
4182802984102003153           8         2:00      0                   4              15        3              0              
4182802984102003153           8         3:00      5                   8              15        1              0              
4182802984102003153           8         4:00      0                   3              15        5              0              
4182802984102003153           8         5:00      4                   5              15        2              0              
4182802984102003153           8         6:00      1                   0              15        6              0              
4182802984102003153           8         7:00      4                   0              15        4              0              
4182802984102003153           8         8:00      3                   0              12        6              3              
4182802984102003153           8         9:00      5                   0              15        2              0              
4182802984102003153           8         10:00     4                   0              14        5              1              
4182802984102003153           8         11:00     2                   0              15        1              0              
4182802984102003153           8         12:00     1                   0              15        1              0              
4182802984102003153           8         13:00     2                   0              13        4              2              
4182802984102003153           8         14:00     0                   0              12        1              3              
4182802984102003153           8         15:00     3                   0              14        1              1              
4182802984102003153           8         16:00     5                   3              15        1              0              
4182802984102003153           8         17:00     0                   3              15        0              0              
4182802984102003153           8         18:00     0                   0              15        3              0              
4182802984102003153           8         19:00     4                   1              15        2              0              
4182802984102003153           8         20:00     3                   0              15        4              0              
4182802984102003153           8         21:00     5                   3              15        2              0              
4182802984102003153           8         22:00     3                   5              15        1              0              
4182802984102003153           8         23:00     1                   3              15        3              0              
4182802984102003153           9         0:00      1                   0              15        4              0              
4182802984102003153           9         1:00      0                   0              9         6              6              
4182802984102003153           9         2:00      4                   0              12        1              3              
4182802984102003153           9         3:00      0                   0              11        1              4              
4182802984102003153           9         4:00      1                   0              7         5              8              
4182802984102003153           9         5:00      5                   0              11        1              4              
4182802984102003153           9         6:00      0                   0              10        1              5              
4182802984102003153           9         7:00      4                   0              11        3              4              
4182802984102003153           9         8:00      2                   0              5         8              10             
4182802984102003153           9         9:00      3                   0              7         0              8              
4182802984102003153           9         10:00     5                   0              11        1              4              
4182802984102003153           9         11:00     1                   0              10        2              5              
4182802984102003153           9         12:00     5                   0              14        1              1              
4182802984102003153           9         13:00     5                   0              15        4              0              
4182802984102003153           9         14:00     4                   0              15        3              0              
4182802984102003153           9         15:00     4                   2              15        2              0              
4182802984102003153           9         16:00     5                   6              15        1              0              
4182802984102003153           9         17:00     2                   8              15        0              0              
4182802984102003153           9         18:00     1                   6              15        3              0              
4182802984102003153           9         19:00     1                   2              15        4              0              
4182802984102003153           9         20:00     0                   0              12        5              3              
4182802984102003153           9         21:00     0                   0              9         3              6              
4182802984102003153           9         22:00     0                   0              8         1              7              
4182802984102003153           9         23:00     5                   0              13        0              2              
4182802984102003153           10        0:00      2                   0              14        1              1              
4182802984102003153           10        1:00      0                   0              14        0              1              
4182802984102003153           10        2:00      1                   0              11        4              4              
4182802984102003153           10        3:00      5                   0              12        4              3              
4182802984102003153           10        4:00      5                   0              13        4              2              
4182802984102003153           10        5:00      3                   0              10        6              5              
4182802984102003153           10        6:00      1                   0              7         4              8              
4182802984102003153           10        7:00      3                   0              5         5              10             
4182802984102003153           10        8:00      5                   0              10        0              5              
4182802984102003153           10        9:00      3                   0              10        3              5              
4182802984102003153           10        10:00     2                   0              11        1              4              
4182802984102003153           10        11:00     0                   0              9         2              6              
4182802984102003153           10        12:00     2                   0              11        0              4              
4182802984102003153           10        13:00     3                   0              11        3              4              
4182802984102003153           10        14:00     2                   0              10        3              5              
4182802984102003153           10        15:00     3                   0              11        2              4              
4182802984102003153           10        16:00     0                   0              8         3              7              
4182802984102003153           10        17:00     3                   0              10        1              5              
4182802984102003153           10        18:00     5                   0              14        1              1              
4182802984102003153           10        19:00     3                   0              15        2              0              
4182802984102003153           10        20:00     5                   1              15        4              0              
4182802984102003153           10        21:00     1                   0              13        4              2              
4182802984102003153           10        22:00     0                   0              12        1              3              
4182802984102003153           10        23:00     2                   0              14        0              1              
4182802984102003153           11        0:00      2                   0              12        4              3              
4182802984102003153           11        1:00      4                   0              12        4              3              
4182802984102003153           11        2:00      5                   0              12        4              3              
4182802984102003153           11        3:00      5                   0              10        6              5              
4182802984102003153           11        4:00      4                   0              13        1              2              
4182802984102003153           11        5:00      4                   0              14        2              1              
4182802984102003153           11        6:00      0                   0              10        4              5              
4182802984102003153           11        7:00      1                   0              10        1              5              
4182802984102003153           11        8:00      1                   0              9         2              6              
4182802984102003153           11        9:00      5                   0              13        1              2              
4182802984102003153           11        10:00     3                   0              12        4              3              
4182802984102003153           11        11:00     3                   0              12        3              3              
4182802984102003153           11        12:00     4                   0              14        2              1              
4182802984102003153           11        13:00     0                   0              12        2              3              
4182802984102003153           11        14:00     3                   0              14        1              1              
4182802984102003153           11        15:00     0                   0              12        2              3              
4182802984102003153           11        16:00     3                   0              12        3              3              
4182802984102003153           11        17:00     2                   0              14        0              1              
4182802984102003153           11        18:00     2                   0              14        2              1              
4182802984102003153           11        19:00     1                   0              12        3              3              
4182802984102003153           11        20:00     4                   0              13        3              2              
4182802984102003153           11        21:00     4                   1              15        1              0              
4182802984102003153           11        22:00     3                   1              15        3              0              
4182802984102003153           11        23:00     2                   1              15        2              0              
4182802984102003153           12        0:00      2                   0              14        4              1              
4182802984102003153           12        1:00      1                   0              14        1              1              
4182802984102003153           12        2:00      2                   0              11        4              4              
4182802984102003153           12        3:00      3                   0              13        1              2              
4182802984102003153           12        4:00      4                   2              15        0              0              
4182802984102003153           12        5:00      3                   0              14        6              1              
4182802984102003153           12        6:00      0                   0              11        3              4              
4182802984102003153           12        7:00      1                   0              8         4              7              
4182802984102003153           12        8:00      2                   0              9         1              6              
4182802984102003153           12        9:00      2                   0              10        1              5              
4182802984102003153           12        10:00     1                   0              9         2              6              
4182802984102003153           12        11:00     5                   0              11        2              4              
4182802984102003153           12        12:00     2                   0              8         5              7              
4182802984102003153           12        13:00     2                   0              8         2              7              
4182802984102003153           12        14:00     2                   0              10        0              5              
4182802984102003153           12        15:00     5                   0              14        1              1              
4182802984102003153           12        16:00     1                   0              12        3              3              
4182802984102003153           12        17:00     1                   0              11        2              4              
4182802984102003153           12        18:00     1                   0              9         3              6              
4182802984102003153           12        19:00     1                   0              10        0              5              
4182802984102003153           12        20:00     0                   0              9         1              6              
4182802984102003153           12        21:00     2                   0              6         5              9              
4182802984102003153           12        22:00     3                   0              7         1              8              
4182802984102003153           12        23:00     2                   0              8         1              7              
4182802984102003153           13        0:00      0                   0              6         2              9              
4182802984102003153           13        1:00      1                   0              7         0              8              
4182802984102003153           13        2:00      1                   0              5         3              10             
4182802984102003153           13        3:00      2                   0              5         2              10             
4182802984102003153           13        4:00      3                   0              7         1              8              
4182802984102003153           13        5:00      1                   0              8         0              7              
4182802984102003153           13        6:00      1                   0              7         2              8              
4182802984102003153           13        7:00      1                   0              8         0              7              
4182802984102003153           13        8:00      2                   0              9         1              6              
4182802984102003153           13        9:00      2                   0              9         2              6              
4182802984102003153           13        10:00     1                   0              8         2              7              
4182802984102003153           13        11:00     0                   0              6         2              9              
4182802984102003153           13        12:00     0                   0              4         2              11             
4182802984102003153           13        13:00     3                   0              6         1              9              
4182802984102003153           13        14:00     2                   0              5         3              10             
4182802984102003153           13        15:00     1                   0              6         0              9              
4182802984102003153           13        16:00     1                   0              5         2              10             
4182802984102003153           13        17:00     0                   0              5         0              10             
4182802984102003153           13        18:00     2                   0              7         0              8              
4182802984102003153           13        19:00     2                   0              8         1              7              
4182802984102003153           13        20:00     2                   0              10        0              5              
4182802984102003153           13        21:00     4                   0              11        2              4              
4182802984102003153           13        22:00     0                   0              10        1              5              
4182802984102003153           13        23:00     5                   0              13        2              2              
4182802984102003153           14        0:00      1                   0              14        0              1              
4182802984102003153           14        1:00      2                   0              15        1              0              
4182802984102003153           14        2:00      0                   0              15        0              0              
4182802984102003153           14        3:00      0                   0              13        2              2              
4182802984102003153           14        4:00      3                   0              14        1              1              
4182802984102003153           14        5:00      3                   0              15        2              0              
4182802984102003153           14        6:00      2                   0              13        4              2              
4182802984102003153           14        7:00      1                   0              9         5              6              
4182802984102003153           14        8:00      2                   0              10        1              5              
4182802984102003153           14        9:00      0                   0              9         1              6              
4182802984102003153           14        10:00     2                   0              9         2              6              
4182802984102003153           14        11:00     5                   0              10        4              5              
4182802984102003153           14        12:00     4                   0              10        4              5              
4182802984102003153           14        13:00     0                   0              8         2              7              
4182802984102003153           14        14:00     0                   0              7         1              8              
4182802984102003153           14        15:00     0                   0              6         1              9              
4182802984102003153           14        16:00     2                   0              5         3              10             
4182802984102003153           14        17:00     4                   0              8         1              7              
4182802984102003153           14        18:00     2                   0              6         4              9              
4182802984102003153           14        19:00     4                   0              10        0              5              
4182802984102003153           14        20:00     1                   0              9         2              6              
4182802984102003153           14        21:00     5                   0              12        2              3              
4182802984102003153           14        22:00     3                   0              12        3              3              
4182802984102003153           14        23:00     4                   1              15        0              0              
4182802984102003153           15        0:00      4                   3              15        1              0              
4182802984102003153           15        1:00      3                   3              15        3              0              
4182802984102003153           15        2:00      4                   1              15        5              0              
4182802984102003153           15        3:00      5                   6              15        0              0              
4182802984102003153           15        4:00      2                   4              15        3              0              
4182802984102003153           15        5:00      2                   5              15        1              0              
4182802984102003153           15        6:00      2                   3              15        4              0              
4182802984102003153           15        7:00      3                   4              15        2              0              
4182802984102003153           15        8:00      3                   3              15        4              0              
4182802984102003153           15        9:00      1                   3              15        1              0              
4182802984102003153           15        10:00     0                   0              10        8              5              
4182802984102003153           15        11:00     5                   0              12        3              3              
4182802984102003153           15        12:00     3                   0              12        3              3              
4182802984102003153           15        13:00     3                   0              13        2              2              
4182802984102003153           15        14:00     4                   0              13        4              2              
4182802984102003153           15        15:00     2                   0              12        3              3              
4182802984102003153           15        16:00     4                   0              13        3              2              
4182802984102003153           15        17:00     4                   0              12        5              3              
4182802984102003153           15        18:00     0                   0              11        1              4              
4182802984102003153           15        19:00     3                   0              11        3              4              
4182802984102003153           15        20:00     3                   0              13        1              2              
4182802984102003153           15        21:00     0                   0              9         4              6              
4182802984102003153           15        22:00     4                   0              11        2              4              
4182802984102003153           15        23:00     1                   0              10        2              5              
