Sim_N                         Day       Time      New_Patients        Waiting        Assigned  Discharged     Beds_Avail_EOH 
1295082811552981135           1         0:00      2                   0              2         0              13             
1295082811552981135           1         1:00      4                   0              3         3              12             
1295082811552981135           1         2:00      1                   0              4         0              11             
1295082811552981135           1         3:00      2                   0              3         3              12             
1295082811552981135           1         4:00      4                   0              6         0              9              
1295082811552981135           1         5:00      2                   0              8         0              7              
1295082811552981135           1         6:00      3                   0              8         3              7              
1295082811552981135           1         7:00      1                   0              7         2              8              
1295082811552981135           1         8:00      3                   0              9         1              6              
1295082811552981135           1         9:00      1                   0              9         1              6              
1295082811552981135           1         10:00     5                   0              13        1              2              
1295082811552981135           1         11:00     3                   0              13        3              2              
1295082811552981135           1         12:00     5                   2              15        1              0              
1295082811552981135           1         13:00     4                   1              15        5              0              
1295082811552981135           1         14:00     5                   3              15        3              0              
1295082811552981135           1         15:00     1                   2              15        2              0              
1295082811552981135           1         16:00     0                   0              15        2              0              
1295082811552981135           1         17:00     3                   0              12        6              3              
1295082811552981135           1         18:00     3                   0              14        1              1              
1295082811552981135           1         19:00     5                   1              15        3              0              
1295082811552981135           1         20:00     1                   0              12        5              3              
1295082811552981135           1         21:00     3                   0              12        3              3              
1295082811552981135           1         22:00     0                   0              9         3              6              
1295082811552981135           1         23:00     5                   0              12        2              3              
1295082811552981135           2         0:00      3                   0              12        3              3              
1295082811552981135           2         1:00      0                   0              10        2              5              
1295082811552981135           2         2:00      1                   0              9         2              6              
1295082811552981135           2         3:00      1                   0              9         1              6              
1295082811552981135           2         4:00      0                   0              7         2              8              
1295082811552981135           2         5:00      2                   0              6         3              9              
1295082811552981135           2         6:00      3                   0              6         3              9              
1295082811552981135           2         7:00      5                   0              10        1              5              
1295082811552981135           2         8:00      4                   0              11        3              4              
1295082811552981135           2         9:00      3                   0              14        0              1              
1295082811552981135           2         10:00     3                   0              13        4              2              
1295082811552981135           2         11:00     5                   2              15        1              0              
1295082811552981135           2         12:00     1                   2              15        1              0              
1295082811552981135           2         13:00     5                   5              15        2              0              
1295082811552981135           2         14:00     2                   5              15        2              0              
1295082811552981135           2         15:00     3                   2              15        5              0              
1295082811552981135           2         16:00     3                   0              15        5              0              
1295082811552981135           2         17:00     3                   0              13        5              2              
1295082811552981135           2         18:00     2                   0              11        3              4              
1295082811552981135           2         19:00     0                   0              9         2              6              
1295082811552981135           2         20:00     1                   0              10        0              5              
1295082811552981135           2         21:00     1                   0              8         3              7              
1295082811552981135           2         22:00     3                   0              9         1              6              
1295082811552981135           2         23:00     1                   0              9         1              6              
1295082811552981135           3         0:00      1                   0              7         3              8              
1295082811552981135           3         1:00      4                   0              7         3              8              
1295082811552981135           3         2:00      5                   0              9         2              6              
1295082811552981135           3         3:00      2                   0              10        1              5              
1295082811552981135           3         4:00      2                   0              11        1              4              
1295082811552981135           3         5:00      4                   0              13        2              2              
1295082811552981135           3         6:00      4                   0              14        3              1              
1295082811552981135           3         7:00      2                   0              14        2              1              
1295082811552981135           3         8:00      3                   1              15        1              0              
1295082811552981135           3         9:00      5                   4              15        2              0              
1295082811552981135           3         10:00     2                   4              15        2              0              
1295082811552981135           3         11:00     5                   6              15        3              0              
1295082811552981135           3         12:00     2                   6              15        2              0              
1295082811552981135           3         13:00     1                   3              15        4              0              
1295082811552981135           3         14:00     3                   3              15        3              0              
1295082811552981135           3         15:00     1                   1              15        3              0              
1295082811552981135           3         16:00     1                   0              14        3              1              
1295082811552981135           3         17:00     5                   0              14        5              1              
1295082811552981135           3         18:00     5                   4              15        0              0              
1295082811552981135           3         19:00     5                   3              15        5              0              
1295082811552981135           3         20:00     1                   1              15        3              0              
1295082811552981135           3         21:00     5                   4              15        2              0              
1295082811552981135           3         22:00     4                   6              15        2              0              
1295082811552981135           3         23:00     1                   2              15        5              0              
1295082811552981135           4         0:00      0                   0              15        2              0              
1295082811552981135           4         1:00      3                   3              15        0              0              
1295082811552981135           4         2:00      2                   2              15        3              0              
1295082811552981135           4         3:00      2                   2              15        2              0              
1295082811552981135           4         4:00      5                   5              15        2              0              
1295082811552981135           4         5:00      4                   4              15        5              0              
1295082811552981135           4         6:00      0                   2              15        2              0              
1295082811552981135           4         7:00      1                   0              12        6              3              
1295082811552981135           4         8:00      4                   0              14        2              1              
1295082811552981135           4         9:00      0                   0              12        2              3              
1295082811552981135           4         10:00     2                   0              12        2              3              
1295082811552981135           4         11:00     1                   0              11        2              4              
1295082811552981135           4         12:00     1                   0              12        0              3              
1295082811552981135           4         13:00     1                   0              11        2              4              
1295082811552981135           4         14:00     4                   0              12        3              3              
1295082811552981135           4         15:00     4                   0              14        2              1              
1295082811552981135           4         16:00     4                   1              15        2              0              
1295082811552981135           4         17:00     1                   0              13        4              2              
1295082811552981135           4         18:00     5                   1              15        2              0              
1295082811552981135           4         19:00     0                   0              12        4              3              
1295082811552981135           4         20:00     3                   0              13        2              2              
1295082811552981135           4         21:00     2                   0              13        2              2              
1295082811552981135           4         22:00     2                   0              14        1              1              
1295082811552981135           4         23:00     4                   1              15        2              0              
1295082811552981135           5         0:00      3                   1              15        3              0              
1295082811552981135           5         1:00      5                   1              15        5              0              
1295082811552981135           5         2:00      0                   0              12        4              3              
1295082811552981135           5         3:00      3                   0              14        1              1              
1295082811552981135           5         4:00      2                   0              15        1              0              
1295082811552981135           5         5:00      1                   0              12        4              3              
1295082811552981135           5         6:00      5                   0              13        4              2              
1295082811552981135           5         7:00      3                   0              13        3              2              
1295082811552981135           5         8:00      2                   0              14        0              1              
1295082811552981135           5         9:00      4                   0              13        5              2              
1295082811552981135           5         10:00     0                   0              10        3              5              
1295082811552981135           5         11:00     4                   0              12        2              3              
1295082811552981135           5         12:00     5                   0              10        7              5              
1295082811552981135           5         13:00     2                   0              11        1              4              
1295082811552981135           5         14:00     2                   0              11        2              4              
1295082811552981135           5         15:00     5                   0              13        2              2              
1295082811552981135           5         16:00     3                   0              12        4              3              
1295082811552981135           5         17:00     3                   0              12        2              3              
1295082811552981135           5         18:00     2                   0              12        2              3              
1295082811552981135           5         19:00     2                   0              12        2              3              
1295082811552981135           5         20:00     0                   0              11        1              4              
1295082811552981135           5         21:00     1                   0              10        2              5              
1295082811552981135           5         22:00     3                   0              12        1              3              
1295082811552981135           5         23:00     5                   0              14        3              1              
1295082811552981135           6         0:00      5                   2              15        2              0              
1295082811552981135           6         1:00      0                   0              15        2              0              
1295082811552981135           6         2:00      4                   0              12        7              3              
1295082811552981135           6         3:00      4                   0              13        3              2              
1295082811552981135           6         4:00      3                   0              13        3              2              
1295082811552981135           6         5:00      0                   0              11        2              4              
1295082811552981135           6         6:00      4                   0              12        3              3              
1295082811552981135           6         7:00      1                   0              10        3              5              
1295082811552981135           6         8:00      4                   0              13        0              2              
1295082811552981135           6         9:00      4                   0              13        4              2              
1295082811552981135           6         10:00     3                   0              14        2              1              
1295082811552981135           6         11:00     2                   0              13        3              2              
1295082811552981135           6         12:00     5                   0              14        4              1              
1295082811552981135           6         13:00     2                   0              14        2              1              
1295082811552981135           6         14:00     3                   0              14        3              1              
1295082811552981135           6         15:00     2                   0              15        1              0              
1295082811552981135           6         16:00     5                   1              15        3              0              
1295082811552981135           6         17:00     0                   0              14        2              1              
1295082811552981135           6         18:00     3                   0              15        2              0              
1295082811552981135           6         19:00     0                   0              14        1              1              
1295082811552981135           6         20:00     4                   1              15        2              0              
1295082811552981135           6         21:00     3                   2              15        2              0              
1295082811552981135           6         22:00     0                   0              12        5              3              
1295082811552981135           6         23:00     0                   0              9         3              6              
1295082811552981135           7         0:00      2                   0              9         2              6              
1295082811552981135           7         1:00      4                   0              11        2              4              
1295082811552981135           7         2:00      0                   0              8         3              7              
1295082811552981135           7         3:00      3                   0              8         3              7              
1295082811552981135           7         4:00      0                   0              8         0              7              
1295082811552981135           7         5:00      2                   0              6         4              9              
1295082811552981135           7         6:00      0                   0              4         2              11             
1295082811552981135           7         7:00      0                   0              3         1              12             
1295082811552981135           7         8:00      1                   0              2         2              13             
1295082811552981135           7         9:00      2                   0              3         1              12             
1295082811552981135           7         10:00     1                   0              4         0              11             
1295082811552981135           7         11:00     4                   0              6         1              9              
1295082811552981135           7         12:00     1                   0              4         3              11             
1295082811552981135           7         13:00     1                   0              4         1              11             
1295082811552981135           7         14:00     4                   0              7         0              8              
1295082811552981135           7         15:00     5                   0              8         4              7              
1295082811552981135           7         16:00     5                   0              12        1              3              
1295082811552981135           7         17:00     3                   0              11        4              4              
1295082811552981135           7         18:00     3                   0              10        4              5              
1295082811552981135           7         19:00     3                   0              11        2              4              
1295082811552981135           7         20:00     2                   0              13        0              2              
1295082811552981135           7         21:00     4                   0              13        3              2              
1295082811552981135           7         22:00     5                   1              15        2              0              
1295082811552981135           7         23:00     3                   3              15        1              0              
1295082811552981135           8         0:00      5                   5              15        3              0              
1295082811552981135           8         1:00      2                   6              15        1              0              
1295082811552981135           8         2:00      1                   6              15        1              0              
1295082811552981135           8         3:00      3                   8              15        1              0              
1295082811552981135           8         4:00      5                   8              15        5              0              
1295082811552981135           8         5:00      4                   10             15        2              0              
1295082811552981135           8         6:00      2                   8              15        4              0              
1295082811552981135           8         7:00      1                   7              15        2              0              
1295082811552981135           8         8:00      3                   6              15        4              0              
1295082811552981135           8         9:00      0                   3              15        3              0              
1295082811552981135           8         10:00     1                   0              15        4              0              
1295082811552981135           8         11:00     2                   0              10        7              5              
1295082811552981135           8         12:00     5                   0              13        2              2              
1295082811552981135           8         13:00     1                   0              10        4              5              
1295082811552981135           8         14:00     0                   0              9         1              6              
1295082811552981135           8         15:00     1                   0              10        0              5              
1295082811552981135           8         16:00     4                   0              12        2              3              
1295082811552981135           8         17:00     3                   0              12        3              3              
1295082811552981135           8         18:00     1                   0              11        2              4              
1295082811552981135           8         19:00     2                   0              12        1              3              
1295082811552981135           8         20:00     3                   0              14        1              1              
1295082811552981135           8         21:00     3                   0              12        5              3              
1295082811552981135           8         22:00     1                   0              12        1              3              
1295082811552981135           8         23:00     4                   0              11        4              4              
1295082811552981135           9         0:00      5                   0              14        2              1              
1295082811552981135           9         1:00      5                   1              15        3              0              
1295082811552981135           9         2:00      4                   0              14        5              1              
1295082811552981135           9         3:00      3                   0              11        5              4              
1295082811552981135           9         4:00      4                   0              13        1              2              
1295082811552981135           9         5:00      1                   0              10        4              5              
1295082811552981135           9         6:00      0                   0              9         1              6              
1295082811552981135           9         7:00      1                   0              10        0              5              
1295082811552981135           9         8:00      0                   0              9         1              6              
1295082811552981135           9         9:00      3                   0              10        2              5              
1295082811552981135           9         10:00     1                   0              10        1              5              
1295082811552981135           9         11:00     0                   0              5         5              10             
1295082811552981135           9         12:00     0                   0              5         0              10             
1295082811552981135           9         13:00     3                   0              6         2              9              
1295082811552981135           9         14:00     3                   0              8         1              7              
1295082811552981135           9         15:00     1                   0              7         2              8              
1295082811552981135           9         16:00     1                   0              6         2              9              
1295082811552981135           9         17:00     1                   0              6         1              9              
1295082811552981135           9         18:00     5                   0              9         2              6              
1295082811552981135           9         19:00     1                   0              10        0              5              
1295082811552981135           9         20:00     3                   0              11        2              4              
1295082811552981135           9         21:00     3                   0              11        2              4              
1295082811552981135           9         22:00     1                   0              9         3              6              
1295082811552981135           9         23:00     0                   0              5         4              10             
1295082811552981135           10        0:00      2                   0              7         0              8              
1295082811552981135           10        1:00      5                   0              11        1              4              
1295082811552981135           10        2:00      1                   0              10        1              5              
1295082811552981135           10        3:00      2                   0              10        2              5              
1295082811552981135           10        4:00      5                   0              11        3              4              
1295082811552981135           10        5:00      5                   0              13        3              2              
1295082811552981135           10        6:00      3                   0              15        1              0              
1295082811552981135           10        7:00      0                   0              12        3              3              
1295082811552981135           10        8:00      0                   0              12        0              3              
1295082811552981135           10        9:00      1                   0              11        2              4              
1295082811552981135           10        10:00     2                   0              12        1              3              
1295082811552981135           10        11:00     0                   0              10        2              5              
1295082811552981135           10        12:00     5                   0              13        2              2              
1295082811552981135           10        13:00     5                   2              15        1              0              
1295082811552981135           10        14:00     4                   1              15        5              0              
1295082811552981135           10        15:00     0                   0              11        5              4              
1295082811552981135           10        16:00     4                   0              12        3              3              
1295082811552981135           10        17:00     0                   0              11        1              4              
1295082811552981135           10        18:00     4                   0              12        3              3              
1295082811552981135           10        19:00     3                   0              14        1              1              
1295082811552981135           10        20:00     1                   0              12        3              3              
1295082811552981135           10        21:00     3                   0              12        3              3              
1295082811552981135           10        22:00     4                   0              14        2              1              
1295082811552981135           10        23:00     4                   3              15        0              0              
1295082811552981135           11        0:00      3                   3              15        3              0              
1295082811552981135           11        1:00      0                   1              15        2              0              
1295082811552981135           11        2:00      2                   0              15        3              0              
1295082811552981135           11        3:00      2                   0              13        4              2              
1295082811552981135           11        4:00      3                   0              14        2              1              
1295082811552981135           11        5:00      1                   0              12        3              3              
1295082811552981135           11        6:00      4                   0              12        3              3              
1295082811552981135           11        7:00      4                   0              12        4              3              
1295082811552981135           11        8:00      5                   0              15        1              0              
1295082811552981135           11        9:00      4                   0              14        5              1              
1295082811552981135           11        10:00     2                   0              11        5              4              
1295082811552981135           11        11:00     0                   0              8         3              7              
1295082811552981135           11        12:00     5                   0              11        2              4              
1295082811552981135           11        13:00     1                   0              10        2              5              
1295082811552981135           11        14:00     2                   0              11        1              4              
1295082811552981135           11        15:00     0                   0              8         3              7              
1295082811552981135           11        16:00     3                   0              8         3              7              
1295082811552981135           11        17:00     2                   0              8         2              7              
1295082811552981135           11        18:00     4                   0              9         3              6              
1295082811552981135           11        19:00     5                   0              12        1              3              
1295082811552981135           11        20:00     5                   0              13        4              2              
1295082811552981135           11        21:00     5                   0              14        4              1              
1295082811552981135           11        22:00     5                   0              14        5              1              
1295082811552981135           11        23:00     4                   0              15        3              0              
1295082811552981135           12        0:00      4                   3              15        1              0              
1295082811552981135           12        1:00      2                   0              15        5              0              
1295082811552981135           12        2:00      5                   1              15        3              0              
1295082811552981135           12        3:00      0                   0              13        3              2              
1295082811552981135           12        4:00      2                   0              11        4              4              
1295082811552981135           12        5:00      3                   0              10        4              5              
1295082811552981135           12        6:00      0                   0              9         1              6              
1295082811552981135           12        7:00      0                   0              8         1              7              
1295082811552981135           12        8:00      1                   0              9         0              6              
1295082811552981135           12        9:00      3                   0              11        1              4              
1295082811552981135           12        10:00     1                   0              7         5              8              
1295082811552981135           12        11:00     0                   0              7         0              8              
1295082811552981135           12        12:00     0                   0              4         3              11             
1295082811552981135           12        13:00     3                   0              6         1              9              
1295082811552981135           12        14:00     1                   0              5         2              10             
1295082811552981135           12        15:00     0                   0              4         1              11             
1295082811552981135           12        16:00     2                   0              6         0              9              
1295082811552981135           12        17:00     4                   0              7         3              8              
1295082811552981135           12        18:00     4                   0              8         3              7              
1295082811552981135           12        19:00     5                   0              10        3              5              
1295082811552981135           12        20:00     0                   0              7         3              8              
1295082811552981135           12        21:00     1                   0              7         1              8              
1295082811552981135           12        22:00     1                   0              8         0              7              
1295082811552981135           12        23:00     2                   0              9         1              6              
1295082811552981135           13        0:00      1                   0              10        0              5              
1295082811552981135           13        1:00      1                   0              9         2              6              
1295082811552981135           13        2:00      5                   0              11        3              4              
1295082811552981135           13        3:00      1                   0              11        1              4              
1295082811552981135           13        4:00      3                   0              12        2              3              
1295082811552981135           13        5:00      1                   0              11        2              4              
1295082811552981135           13        6:00      4                   0              13        2              2              
1295082811552981135           13        7:00      0                   0              10        3              5              
1295082811552981135           13        8:00      3                   0              12        1              3              
1295082811552981135           13        9:00      5                   0              14        3              1              
1295082811552981135           13        10:00     5                   2              15        2              0              
1295082811552981135           13        11:00     3                   1              15        4              0              
1295082811552981135           13        12:00     0                   1              15        0              0              
1295082811552981135           13        13:00     1                   0              13        4              2              
1295082811552981135           13        14:00     3                   0              13        3              2              
1295082811552981135           13        15:00     0                   0              12        1              3              
1295082811552981135           13        16:00     3                   0              11        4              4              
1295082811552981135           13        17:00     3                   0              9         4              6              
1295082811552981135           13        18:00     2                   0              9         2              6              
1295082811552981135           13        19:00     2                   0              9         2              6              
1295082811552981135           13        20:00     0                   0              8         1              7              
1295082811552981135           13        21:00     2                   0              10        0              5              
1295082811552981135           13        22:00     4                   0              10        3              5              
1295082811552981135           13        23:00     0                   0              7         3              8              
1295082811552981135           14        0:00      4                   0              10        1              5              
1295082811552981135           14        1:00      1                   0              7         4              8              
1295082811552981135           14        2:00      2                   0              5         4              10             
1295082811552981135           14        3:00      1                   0              6         0              9              
1295082811552981135           14        4:00      5                   0              8         3              7              
1295082811552981135           14        5:00      4                   0              7         4              8              
1295082811552981135           14        6:00      5                   0              9         2              6              
1295082811552981135           14        7:00      2                   0              11        0              4              
1295082811552981135           14        8:00      0                   0              9         2              6              
1295082811552981135           14        9:00      4                   0              11        2              4              
1295082811552981135           14        10:00     5                   0              13        3              2              
1295082811552981135           14        11:00     4                   0              14        3              1              
1295082811552981135           14        12:00     5                   2              15        1              0              
1295082811552981135           14        13:00     2                   0              15        4              0              
1295082811552981135           14        14:00     0                   0              11        4              4              
1295082811552981135           14        15:00     4                   0              13        2              2              
1295082811552981135           14        16:00     0                   0              9         4              6              
1295082811552981135           14        17:00     0                   0              8         1              7              
1295082811552981135           14        18:00     2                   0              9         1              6              
1295082811552981135           14        19:00     4                   0              13        0              2              
1295082811552981135           14        20:00     2                   0              12        3              3              
1295082811552981135           14        21:00     1                   0              12        1              3              
1295082811552981135           14        22:00     3                   0              10        5              5              
1295082811552981135           14        23:00     5                   0              12        3              3              
1295082811552981135           15        0:00      5                   1              15        1              0              
1295082811552981135           15        1:00      0                   0              11        5              4              
1295082811552981135           15        2:00      1                   0              8         4              7              
1295082811552981135           15        3:00      0                   0              7         1              8              
1295082811552981135           15        4:00      3                   0              8         2              7              
1295082811552981135           15        5:00      5                   0              11        2              4              
1295082811552981135           15        6:00      1                   0              8         4              7              
1295082811552981135           15        7:00      5                   0              10        3              5              
1295082811552981135           15        8:00      5                   0              12        3              3              
1295082811552981135           15        9:00      1                   0              12        1              3              
1295082811552981135           15        10:00     1                   0              10        3              5              
1295082811552981135           15        11:00     5                   0              13        2              2              
1295082811552981135           15        12:00     5                   2              15        1              0              
1295082811552981135           15        13:00     0                   0              12        5              3              
1295082811552981135           15        14:00     1                   0              9         4              6              
1295082811552981135           15        15:00     5                   0              12        2              3              
1295082811552981135           15        16:00     2                   0              9         5              6              
1295082811552981135           15        17:00     5                   0              13        1              2              
1295082811552981135           15        18:00     5                   0              15        1              0              
1295082811552981135           15        19:00     0                   0              14        1              1              
1295082811552981135           15        20:00     2                   0              13        3              2              
1295082811552981135           15        21:00     5                   0              14        4              1              
1295082811552981135           15        22:00     1                   0              10        5              5              
1295082811552981135           15        23:00     0                   0              9         1              6              
