Sim_N                         Day       AVG_SF_per_Day      
344087658495674514            1         5.00                
344087658495674514            2         5.00                
344087658495674514            3         5.00                
344087658495674514            4         4.94                
344087658495674514            5         5.00                
344087658495674514            6         5.00                
344087658495674514            7         4.98                
344087658495674514            8         5.00                
344087658495674514            9         5.00                
344087658495674514            10        5.00                
344087658495674514            11        4.90                
344087658495674514            12        4.81                
344087658495674514            13        4.83                
344087658495674514            14        4.86                
344087658495674514            15        4.97                
