Sim_N                         Day       AVG_SF_per_Day      
2930750960328573633           1         5.00                
2930750960328573633           2         5.00                
2930750960328573633           3         4.98                
2930750960328573633           4         5.00                
2930750960328573633           5         4.79                
2930750960328573633           6         4.98                
2930750960328573633           7         4.88                
2930750960328573633           8         4.92                
2930750960328573633           9         4.65                
2930750960328573633           10        4.98                
2930750960328573633           11        5.00                
2930750960328573633           12        4.95                
2930750960328573633           13        4.97                
2930750960328573633           14        4.99                
2930750960328573633           15        4.98                
