Sim_N                         Day       AVG_SF_per_Day      
7833899579298281204           1         4.99                
7833899579298281204           2         4.93                
7833899579298281204           3         4.98                
7833899579298281204           4         5.00                
7833899579298281204           5         4.99                
7833899579298281204           6         4.96                
7833899579298281204           7         4.82                
7833899579298281204           8         4.98                
7833899579298281204           9         5.00                
7833899579298281204           10        4.98                
7833899579298281204           11        4.98                
7833899579298281204           12        4.52                
7833899579298281204           13        4.66                
7833899579298281204           14        4.93                
7833899579298281204           15        4.96                
