Sim_N                         Day       AVG_SF_per_Day      
7709798205572885196           1         5.00                
7709798205572885196           2         4.98                
7709798205572885196           3         4.98                
7709798205572885196           4         4.98                
7709798205572885196           5         4.83                
7709798205572885196           6         4.08                
7709798205572885196           7         4.77                
7709798205572885196           8         5.00                
7709798205572885196           9         5.00                
7709798205572885196           10        5.00                
7709798205572885196           11        5.00                
7709798205572885196           12        5.00                
7709798205572885196           13        4.99                
7709798205572885196           14        4.89                
7709798205572885196           15        5.00                
