Sim_N                         Day       AVG_SF_per_Day      
4160475754578859798           1         4.96                
4160475754578859798           2         4.99                
4160475754578859798           3         5.00                
4160475754578859798           4         4.85                
4160475754578859798           5         5.00                
4160475754578859798           6         4.99                
4160475754578859798           7         5.00                
4160475754578859798           8         4.91                
4160475754578859798           9         4.98                
4160475754578859798           10        5.00                
4160475754578859798           11        4.99                
4160475754578859798           12        4.32                
4160475754578859798           13        3.43                
4160475754578859798           14        3.79                
4160475754578859798           15        4.68                
