Sim_N                         Day       AVG_SF_per_Day      
411278359463059550            1         5.00                
411278359463059550            2         5.00                
411278359463059550            3         4.92                
411278359463059550            4         4.93                
411278359463059550            5         5.00                
411278359463059550            6         5.00                
411278359463059550            7         5.00                
411278359463059550            8         5.00                
411278359463059550            9         4.82                
411278359463059550            10        4.14                
411278359463059550            11        4.75                
411278359463059550            12        5.00                
411278359463059550            13        4.51                
411278359463059550            14        4.38                
411278359463059550            15        4.96                
