Sim_N                         Day       AVG_SF_per_Day      
5230489691235137339           1         4.98                
5230489691235137339           2         5.00                
5230489691235137339           3         5.00                
5230489691235137339           4         4.98                
5230489691235137339           5         4.99                
5230489691235137339           6         4.82                
5230489691235137339           7         4.91                
5230489691235137339           8         4.95                
5230489691235137339           9         5.00                
5230489691235137339           10        4.85                
5230489691235137339           11        4.94                
5230489691235137339           12        4.86                
5230489691235137339           13        4.95                
5230489691235137339           14        4.08                
5230489691235137339           15        4.71                
