Sim_N                         Day       AVG_SF_per_Day      
1504683547205523071           1         5.00                
1504683547205523071           2         4.99                
1504683547205523071           3         4.83                
1504683547205523071           4         4.59                
1504683547205523071           5         4.69                
1504683547205523071           6         4.99                
1504683547205523071           7         5.00                
1504683547205523071           8         5.00                
1504683547205523071           9         5.00                
1504683547205523071           10        5.00                
1504683547205523071           11        4.99                
1504683547205523071           12        5.00                
1504683547205523071           13        4.96                
1504683547205523071           14        4.83                
1504683547205523071           15        5.00                
