Sim_N                         Day       AVG_SF_per_Day      
109591918835746374            1         5.00                
109591918835746374            2         4.99                
109591918835746374            3         5.00                
109591918835746374            4         5.00                
109591918835746374            5         4.95                
109591918835746374            6         4.95                
109591918835746374            7         4.97                
109591918835746374            8         4.37                
109591918835746374            9         3.51                
109591918835746374            10        4.98                
109591918835746374            11        4.95                
109591918835746374            12        4.97                
109591918835746374            13        4.83                
109591918835746374            14        5.00                
109591918835746374            15        4.91                
