Sim_N                         Day       AVG_SF_per_Day      
8473553825447680156           1         5.00                
8473553825447680156           2         4.95                
8473553825447680156           3         4.81                
8473553825447680156           4         5.00                
8473553825447680156           5         4.98                
8473553825447680156           6         4.41                
8473553825447680156           7         4.90                
8473553825447680156           8         4.96                
8473553825447680156           9         5.00                
8473553825447680156           10        4.98                
8473553825447680156           11        4.78                
8473553825447680156           12        4.85                
8473553825447680156           13        4.49                
8473553825447680156           14        2.86                
8473553825447680156           15        4.60                
