Sim_N                         Day       AVG_SF_per_Day      
1055007950479973687           1         5.00                
1055007950479973687           2         5.00                
1055007950479973687           3         4.97                
1055007950479973687           4         4.99                
1055007950479973687           5         5.00                
1055007950479973687           6         4.99                
1055007950479973687           7         4.88                
1055007950479973687           8         4.97                
1055007950479973687           9         4.98                
1055007950479973687           10        4.21                
1055007950479973687           11        4.38                
1055007950479973687           12        4.85                
1055007950479973687           13        5.00                
1055007950479973687           14        4.99                
1055007950479973687           15        4.83                
