Sim_N                         Day       Time      New_Patients        Waiting        Assigned  Discharged     Beds_Avail_EOH 
2349522657463402891           1         0:00      3                   0              3         0              9              
2349522657463402891           1         1:00      0                   0              2         1              10             
2349522657463402891           1         2:00      1                   0              3         0              9              
2349522657463402891           1         3:00      1                   0              4         0              8              
2349522657463402891           1         4:00      0                   0              4         0              8              
2349522657463402891           1         5:00      0                   0              3         1              9              
2349522657463402891           1         6:00      4                   0              4         2              8              
2349522657463402891           1         7:00      2                   0              5         1              7              
2349522657463402891           1         8:00      2                   0              6         1              6              
2349522657463402891           1         9:00      3                   0              7         2              5              
2349522657463402891           1         10:00     3                   0              8         2              4              
2349522657463402891           1         11:00     4                   0              12        0              0              
2349522657463402891           1         12:00     5                   2              12        3              0              
2349522657463402891           1         13:00     0                   0              11        3              1              
2349522657463402891           1         14:00     5                   0              11        4              1              
2349522657463402891           1         15:00     3                   2              12        0              0              
2349522657463402891           1         16:00     2                   2              12        1              0              
2349522657463402891           1         17:00     5                   7              12        0              0              
2349522657463402891           1         18:00     5                   9              12        2              0              
2349522657463402891           1         19:00     5                   10             12        3              0              
2349522657463402891           1         20:00     1                   10             12        1              0              
2349522657463402891           1         21:00     1                   6              12        4              0              
2349522657463402891           1         22:00     4                   6              12        4              0              
2349522657463402891           1         23:00     2                   4              12        4              0              
2349522657463402891           2         0:00      0                   0              11        5              1              
2349522657463402891           2         1:00      2                   0              11        2              1              
2349522657463402891           2         2:00      4                   0              10        5              2              
2349522657463402891           2         3:00      2                   0              8         4              4              
2349522657463402891           2         4:00      0                   0              5         3              7              
2349522657463402891           2         5:00      1                   0              5         1              7              
2349522657463402891           2         6:00      0                   0              5         0              7              
2349522657463402891           2         7:00      2                   0              7         0              5              
2349522657463402891           2         8:00      3                   0              9         1              3              
2349522657463402891           2         9:00      4                   0              9         4              3              
2349522657463402891           2         10:00     5                   0              12        2              0              
2349522657463402891           2         11:00     3                   1              12        2              0              
2349522657463402891           2         12:00     0                   0              12        1              0              
2349522657463402891           2         13:00     2                   0              11        2              1              
2349522657463402891           2         14:00     5                   1              12        3              0              
2349522657463402891           2         15:00     1                   1              12        1              0              
2349522657463402891           2         16:00     2                   0              12        3              0              
2349522657463402891           2         17:00     2                   0              12        2              0              
2349522657463402891           2         18:00     2                   0              11        3              1              
2349522657463402891           2         19:00     2                   1              12        0              0              
2349522657463402891           2         20:00     5                   4              12        2              0              
2349522657463402891           2         21:00     2                   3              12        3              0              
2349522657463402891           2         22:00     2                   2              12        3              0              
2349522657463402891           2         23:00     1                   0              10        5              2              
2349522657463402891           3         0:00      3                   0              10        3              2              
2349522657463402891           3         1:00      0                   0              10        0              2              
2349522657463402891           3         2:00      1                   0              10        1              2              
2349522657463402891           3         3:00      2                   0              11        1              1              
2349522657463402891           3         4:00      3                   1              12        1              0              
2349522657463402891           3         5:00      1                   1              12        1              0              
2349522657463402891           3         6:00      1                   1              12        1              0              
2349522657463402891           3         7:00      4                   3              12        1              0              
2349522657463402891           3         8:00      0                   1              12        2              0              
2349522657463402891           3         9:00      5                   4              12        2              0              
2349522657463402891           3         10:00     4                   6              12        2              0              
2349522657463402891           3         11:00     1                   5              12        2              0              
2349522657463402891           3         12:00     3                   6              12        2              0              
2349522657463402891           3         13:00     4                   8              12        2              0              
2349522657463402891           3         14:00     4                   11             12        1              0              
2349522657463402891           3         15:00     5                   15             12        1              0              
2349522657463402891           3         16:00     5                   16             12        3              0              
2349522657463402891           3         17:00     0                   12             12        4              0              
2349522657463402891           3         18:00     3                   12             12        3              0              
2349522657463402891           3         19:00     3                   13             12        2              0              
2349522657463402891           3         20:00     5                   17             12        0              0              
2349522657463402891           3         21:00     4                   19             12        2              0              
2349522657463402891           3         22:00     4                   20             12        3              0              
2349522657463402891           3         23:00     5                   23             12        1              0              
2349522657463402891           4         0:00      5                   26             12        2              0              
2349522657463402891           4         1:00      2                   26             12        2              0              
2349522657463402891           4         2:00      3                   27             12        2              0              
2349522657463402891           4         3:00      1                   24             12        3              0              
2349522657463402891           4         4:00      4                   27             12        1              0              
2349522657463402891           4         5:00      5                   29             12        3              0              
2349522657463402891           4         6:00      5                   33             12        1              0              
2349522657463402891           4         7:00      5                   37             12        0              0              
2349522657463402891           4         8:00      0                   33             12        4              0              
2349522657463402891           4         9:00      5                   34             12        3              0              
2349522657463402891           4         10:00     1                   30             12        5              0              
2349522657463402891           4         11:00     3                   27             12        6              0              
2349522657463402891           4         12:00     0                   25             12        2              0              
2349522657463402891           4         13:00     3                   28             12        0              0              
2349522657463402891           4         14:00     5                   29             12        4              0              
2349522657463402891           4         15:00     1                   30             12        0              0              
2349522657463402891           4         16:00     1                   30             12        1              0              
2349522657463402891           4         17:00     0                   27             12        2              0              
2349522657463402891           4         18:00     3                   27             12        2              0              
2349522657463402891           4         19:00     4                   25             12        5              0              
2349522657463402891           4         20:00     2                   27             12        0              0              
2349522657463402891           4         21:00     2                   26             12        3              0              
2349522657463402891           4         22:00     0                   23             12        2              0              
2349522657463402891           4         23:00     1                   22             12        2              0              
2349522657463402891           5         0:00      0                   19             12        3              0              
2349522657463402891           5         1:00      2                   18             12        3              0              
2349522657463402891           5         2:00      4                   17             12        5              0              
2349522657463402891           5         3:00      1                   16             12        2              0              
2349522657463402891           5         4:00      0                   7              12        9              0              
2349522657463402891           5         5:00      5                   10             12        1              0              
2349522657463402891           5         6:00      5                   15             12        0              0              
2349522657463402891           5         7:00      1                   13             12        3              0              
2349522657463402891           5         8:00      0                   8              12        5              0              
2349522657463402891           5         9:00      1                   7              12        2              0              
2349522657463402891           5         10:00     3                   9              12        1              0              
2349522657463402891           5         11:00     2                   10             12        1              0              
2349522657463402891           5         12:00     1                   9              12        2              0              
2349522657463402891           5         13:00     2                   7              12        4              0              
2349522657463402891           5         14:00     1                   6              12        2              0              
2349522657463402891           5         15:00     3                   8              12        1              0              
2349522657463402891           5         16:00     5                   11             12        2              0              
2349522657463402891           5         17:00     5                   13             12        2              0              
2349522657463402891           5         18:00     4                   15             12        2              0              
2349522657463402891           5         19:00     1                   15             12        1              0              
2349522657463402891           5         20:00     5                   18             12        1              0              
2349522657463402891           5         21:00     4                   21             12        1              0              
2349522657463402891           5         22:00     5                   24             12        2              0              
2349522657463402891           5         23:00     2                   24             12        2              0              
2349522657463402891           6         0:00      2                   23             12        3              0              
2349522657463402891           6         1:00      5                   27             12        1              0              
2349522657463402891           6         2:00      4                   30             12        1              0              
2349522657463402891           6         3:00      3                   31             12        2              0              
2349522657463402891           6         4:00      3                   32             12        2              0              
2349522657463402891           6         5:00      1                   33             12        0              0              
2349522657463402891           6         6:00      2                   34             12        1              0              
2349522657463402891           6         7:00      0                   31             12        3              0              
2349522657463402891           6         8:00      3                   32             12        2              0              
2349522657463402891           6         9:00      0                   28             12        4              0              
2349522657463402891           6         10:00     5                   30             12        3              0              
2349522657463402891           6         11:00     0                   27             12        3              0              
2349522657463402891           6         12:00     0                   26             12        1              0              
2349522657463402891           6         13:00     4                   26             12        3              0              
2349522657463402891           6         14:00     2                   25             12        2              0              
2349522657463402891           6         15:00     3                   22             12        5              0              
2349522657463402891           6         16:00     2                   20             12        4              0              
2349522657463402891           6         17:00     2                   21             12        1              0              
2349522657463402891           6         18:00     0                   17             12        4              0              
2349522657463402891           6         19:00     5                   18             12        2              0              
2349522657463402891           6         20:00     3                   21             12        0              0              
2349522657463402891           6         21:00     1                   20             12        2              0              
2349522657463402891           6         22:00     4                   24             12        0              0              
2349522657463402891           6         23:00     1                   23             12        2              0              
2349522657463402891           7         0:00      3                   23             12        2              0              
2349522657463402891           7         1:00      5                   26             12        2              0              
2349522657463402891           7         2:00      1                   26             12        1              0              
2349522657463402891           7         3:00      2                   25             12        3              0              
2349522657463402891           7         4:00      3                   26             12        2              0              
2349522657463402891           7         5:00      2                   27             12        1              0              
2349522657463402891           7         6:00      4                   29             12        1              0              
2349522657463402891           7         7:00      4                   31             12        2              0              
2349522657463402891           7         8:00      4                   32             12        2              0              
2349522657463402891           7         9:00      1                   31             12        2              0              
2349522657463402891           7         10:00     1                   29             12        3              0              
2349522657463402891           7         11:00     0                   27             12        2              0              
2349522657463402891           7         12:00     0                   25             12        2              0              
2349522657463402891           7         13:00     3                   24             12        4              0              
2349522657463402891           7         14:00     0                   20             12        4              0              
2349522657463402891           7         15:00     4                   20             12        3              0              
2349522657463402891           7         16:00     1                   20             12        1              0              
2349522657463402891           7         17:00     5                   23             12        2              0              
2349522657463402891           7         18:00     1                   23             12        1              0              
2349522657463402891           7         19:00     3                   24             12        2              0              
2349522657463402891           7         20:00     5                   24             12        1              0              
2349522657463402891           7         21:00     4                   24             12        3              0              
2349522657463402891           7         22:00     5                   27             12        2              0              
2349522657463402891           7         23:00     0                   21             12        6              0              
2349522657463402891           8         0:00      4                   23             12        2              0              
2349522657463402891           8         1:00      0                   21             12        2              0              
2349522657463402891           8         2:00      2                   22             12        1              0              
2349522657463402891           8         3:00      1                   21             12        2              0              
2349522657463402891           8         4:00      1                   20             12        2              0              
2349522657463402891           8         5:00      1                   18             12        3              0              
2349522657463402891           8         6:00      4                   19             12        3              0              
2349522657463402891           8         7:00      0                   17             12        2              0              
2349522657463402891           8         8:00      4                   16             12        5              0              
2349522657463402891           8         9:00      5                   18             12        3              0              
2349522657463402891           8         10:00     1                   18             12        1              0              
2349522657463402891           8         11:00     4                   21             12        1              0              
2349522657463402891           8         12:00     4                   22             12        3              0              
2349522657463402891           8         13:00     5                   23             12        4              0              
2349522657463402891           8         14:00     1                   21             12        3              0              
2349522657463402891           8         15:00     5                   23             12        3              0              
2349522657463402891           8         16:00     4                   26             12        1              0              
2349522657463402891           8         17:00     5                   29             12        2              0              
2349522657463402891           8         18:00     5                   33             12        1              0              
2349522657463402891           8         19:00     4                   33             12        4              0              
2349522657463402891           8         20:00     5                   35             12        3              0              
2349522657463402891           8         21:00     3                   33             12        5              0              
2349522657463402891           8         22:00     2                   33             12        2              0              
2349522657463402891           8         23:00     0                   31             12        2              0              
2349522657463402891           9         0:00      5                   34             12        2              0              
2349522657463402891           9         1:00      3                   36             12        1              0              
2349522657463402891           9         2:00      2                   36             12        2              0              
2349522657463402891           9         3:00      4                   36             12        4              0              
2349522657463402891           9         4:00      1                   36             12        1              0              
2349522657463402891           9         5:00      1                   34             12        3              0              
2349522657463402891           9         6:00      5                   37             12        2              0              
2349522657463402891           9         7:00      1                   34             12        2              0              
2349522657463402891           9         8:00      2                   30             12        0              0              
2349522657463402891           9         9:00      3                   31             12        0              0              
2349522657463402891           9         10:00     1                   25             12        5              0              
2349522657463402891           9         11:00     3                   25             12        3              0              
2349522657463402891           9         12:00     2                   25             12        2              0              
2349522657463402891           9         13:00     0                   23             12        2              0              
2349522657463402891           9         14:00     5                   26             12        2              0              
2349522657463402891           9         15:00     0                   23             12        2              0              
2349522657463402891           9         16:00     5                   26             12        0              0              
2349522657463402891           9         17:00     3                   28             12        1              0              
2349522657463402891           9         18:00     1                   27             12        2              0              
2349522657463402891           9         19:00     0                   22             12        2              0              
2349522657463402891           9         20:00     3                   22             12        3              0              
2349522657463402891           9         21:00     4                   24             12        2              0              
2349522657463402891           9         22:00     5                   26             12        3              0              
2349522657463402891           9         23:00     3                   25             12        4              0              
2349522657463402891           10        0:00      3                   24             12        4              0              
2349522657463402891           10        1:00      0                   20             12        4              0              
2349522657463402891           10        2:00      3                   21             12        2              0              
2349522657463402891           10        3:00      1                   17             12        5              0              
2349522657463402891           10        4:00      5                   17             12        3              0              
2349522657463402891           10        5:00      0                   16             12        1              0              
2349522657463402891           10        6:00      1                   17             12        0              0              
2349522657463402891           10        7:00      5                   17             12        4              0              
2349522657463402891           10        8:00      1                   14             12        4              0              
2349522657463402891           10        9:00      3                   16             12        1              0              
2349522657463402891           10        10:00     2                   17             12        1              0              
2349522657463402891           10        11:00     2                   17             12        1              0              
2349522657463402891           10        12:00     3                   19             12        1              0              
2349522657463402891           10        13:00     4                   21             12        2              0              
2349522657463402891           10        14:00     3                   20             12        4              0              
2349522657463402891           10        15:00     0                   18             12        2              0              
2349522657463402891           10        16:00     4                   21             12        1              0              
2349522657463402891           10        17:00     2                   23             12        0              0              
2349522657463402891           10        18:00     1                   22             12        2              0              
2349522657463402891           10        19:00     1                   22             12        1              0              
2349522657463402891           10        20:00     0                   19             12        3              0              
2349522657463402891           10        21:00     0                   17             12        2              0              
2349522657463402891           10        22:00     0                   14             12        3              0              
2349522657463402891           10        23:00     2                   13             12        3              0              
2349522657463402891           11        0:00      3                   14             12        1              0              
2349522657463402891           11        1:00      2                   13             12        3              0              
2349522657463402891           11        2:00      4                   16             12        1              0              
2349522657463402891           11        3:00      4                   20             12        0              0              
2349522657463402891           11        4:00      3                   21             12        2              0              
2349522657463402891           11        5:00      4                   23             12        2              0              
2349522657463402891           11        6:00      1                   23             12        1              0              
2349522657463402891           11        7:00      3                   23             12        2              0              
2349522657463402891           11        8:00      3                   24             12        2              0              
2349522657463402891           11        9:00      5                   24             12        5              0              
2349522657463402891           11        10:00     0                   23             12        1              0              
2349522657463402891           11        11:00     4                   23             12        4              0              
2349522657463402891           11        12:00     1                   23             12        1              0              
2349522657463402891           11        13:00     3                   24             12        2              0              
2349522657463402891           11        14:00     0                   21             12        3              0              
2349522657463402891           11        15:00     5                   25             12        1              0              
2349522657463402891           11        16:00     4                   29             12        0              0              
2349522657463402891           11        17:00     3                   29             12        3              0              
2349522657463402891           11        18:00     2                   31             12        0              0              
2349522657463402891           11        19:00     1                   30             12        2              0              
2349522657463402891           11        20:00     1                   29             12        1              0              
2349522657463402891           11        21:00     1                   24             12        3              0              
2349522657463402891           11        22:00     2                   23             12        3              0              
2349522657463402891           11        23:00     3                   24             12        2              0              
2349522657463402891           12        0:00      5                   27             12        2              0              
2349522657463402891           12        1:00      5                   28             12        4              0              
2349522657463402891           12        2:00      4                   28             12        3              0              
2349522657463402891           12        3:00      4                   31             12        1              0              
2349522657463402891           12        4:00      1                   28             12        4              0              
2349522657463402891           12        5:00      0                   26             12        2              0              
2349522657463402891           12        6:00      4                   27             12        3              0              
2349522657463402891           12        7:00      2                   25             12        3              0              
2349522657463402891           12        8:00      2                   26             12        1              0              
2349522657463402891           12        9:00      4                   28             12        2              0              
2349522657463402891           12        10:00     4                   30             12        2              0              
2349522657463402891           12        11:00     3                   29             12        4              0              
2349522657463402891           12        12:00     4                   31             12        2              0              
2349522657463402891           12        13:00     2                   31             12        2              0              
2349522657463402891           12        14:00     1                   30             12        2              0              
2349522657463402891           12        15:00     2                   30             12        2              0              
2349522657463402891           12        16:00     2                   30             12        1              0              
2349522657463402891           12        17:00     4                   31             12        3              0              
2349522657463402891           12        18:00     4                   27             12        8              0              
2349522657463402891           12        19:00     4                   29             12        2              0              
2349522657463402891           12        20:00     4                   30             12        3              0              
2349522657463402891           12        21:00     2                   31             12        1              0              
2349522657463402891           12        22:00     2                   30             12        3              0              
2349522657463402891           12        23:00     1                   29             12        2              0              
2349522657463402891           13        0:00      2                   28             12        3              0              
2349522657463402891           13        1:00      4                   30             12        2              0              
2349522657463402891           13        2:00      1                   29             12        2              0              
2349522657463402891           13        3:00      2                   28             12        3              0              
2349522657463402891           13        4:00      0                   26             12        2              0              
2349522657463402891           13        5:00      5                   25             12        6              0              
2349522657463402891           13        6:00      2                   24             12        3              0              
2349522657463402891           13        7:00      1                   21             12        4              0              
2349522657463402891           13        8:00      2                   21             12        2              0              
2349522657463402891           13        9:00      5                   24             12        1              0              
2349522657463402891           13        10:00     4                   27             12        1              0              
2349522657463402891           13        11:00     1                   28             12        0              0              
2349522657463402891           13        12:00     4                   30             12        1              0              
2349522657463402891           13        13:00     5                   30             12        5              0              
2349522657463402891           13        14:00     5                   34             12        1              0              
2349522657463402891           13        15:00     4                   37             12        1              0              
2349522657463402891           13        16:00     3                   39             12        1              0              
2349522657463402891           13        17:00     3                   41             12        1              0              
2349522657463402891           13        18:00     0                   36             12        3              0              
2349522657463402891           13        19:00     1                   36             12        1              0              
2349522657463402891           13        20:00     5                   40             12        0              0              
2349522657463402891           13        21:00     4                   38             12        3              0              
2349522657463402891           13        22:00     5                   41             12        0              0              
2349522657463402891           13        23:00     5                   40             12        5              0              
2349522657463402891           14        0:00      0                   39             12        1              0              
2349522657463402891           14        1:00      3                   40             12        2              0              
2349522657463402891           14        2:00      3                   33             12        8              0              
2349522657463402891           14        3:00      0                   28             12        5              0              
2349522657463402891           14        4:00      2                   28             12        2              0              
2349522657463402891           14        5:00      4                   29             12        3              0              
2349522657463402891           14        6:00      2                   27             12        4              0              
2349522657463402891           14        7:00      0                   27             12        0              0              
2349522657463402891           14        8:00      1                   26             12        2              0              
2349522657463402891           14        9:00      2                   28             12        0              0              
2349522657463402891           14        10:00     5                   30             12        3              0              
2349522657463402891           14        11:00     0                   21             12        9              0              
2349522657463402891           14        12:00     4                   19             12        6              0              
2349522657463402891           14        13:00     2                   18             12        3              0              
2349522657463402891           14        14:00     5                   20             12        3              0              
2349522657463402891           14        15:00     5                   23             12        2              0              
2349522657463402891           14        16:00     3                   25             12        1              0              
2349522657463402891           14        17:00     4                   26             12        2              0              
2349522657463402891           14        18:00     4                   27             12        3              0              
2349522657463402891           14        19:00     1                   26             12        2              0              
2349522657463402891           14        20:00     2                   26             12        1              0              
2349522657463402891           14        21:00     0                   22             12        4              0              
2349522657463402891           14        22:00     4                   23             12        3              0              
2349522657463402891           14        23:00     5                   27             12        1              0              
2349522657463402891           15        0:00      5                   32             12        0              0              
2349522657463402891           15        1:00      5                   35             12        2              0              
2349522657463402891           15        2:00      3                   36             12        2              0              
2349522657463402891           15        3:00      2                   36             12        2              0              
2349522657463402891           15        4:00      0                   34             12        2              0              
2349522657463402891           15        5:00      4                   35             12        2              0              
2349522657463402891           15        6:00      4                   34             12        2              0              
2349522657463402891           15        7:00      5                   35             12        3              0              
2349522657463402891           15        8:00      3                   36             12        2              0              
2349522657463402891           15        9:00      2                   34             12        4              0              
2349522657463402891           15        10:00     3                   34             12        3              0              
2349522657463402891           15        11:00     4                   36             12        2              0              
2349522657463402891           15        12:00     0                   33             12        3              0              
2349522657463402891           15        13:00     2                   33             12        1              0              
2349522657463402891           15        14:00     0                   27             12        3              0              
2349522657463402891           15        15:00     2                   23             12        5              0              
2349522657463402891           15        16:00     0                   22             12        1              0              
2349522657463402891           15        17:00     2                   23             12        1              0              
2349522657463402891           15        18:00     1                   19             12        5              0              
2349522657463402891           15        19:00     1                   19             12        1              0              
2349522657463402891           15        20:00     1                   15             12        5              0              
2349522657463402891           15        21:00     4                   15             12        4              0              
2349522657463402891           15        22:00     0                   15             12        0              0              
2349522657463402891           15        23:00     5                   18             12        1              0              
