Sim_N                         Day       AVG_SF_per_Day      
2906434445494186342           1         4.77                
2906434445494186342           2         3.80                
2906434445494186342           3         3.36                
2906434445494186342           4         0.99                
2906434445494186342           5         2.29                
2906434445494186342           6         4.92                
2906434445494186342           7         4.25                
2906434445494186342           8         2.61                
2906434445494186342           9         3.00                
2906434445494186342           10        3.93                
2906434445494186342           11        4.80                
2906434445494186342           12        3.80                
2906434445494186342           13        3.70                
2906434445494186342           14        4.99                
2906434445494186342           15        4.65                
