Sim_N                         Day       AVG_SF_per_Day      
1888248797095018375           1         4.76                
1888248797095018375           2         3.49                
1888248797095018375           3         4.32                
1888248797095018375           4         4.54                
1888248797095018375           5         4.29                
1888248797095018375           6         4.42                
1888248797095018375           7         2.32                
1888248797095018375           8         1.30                
1888248797095018375           9         2.38                
1888248797095018375           10        2.85                
1888248797095018375           11        3.35                
1888248797095018375           12        3.04                
1888248797095018375           13        3.64                
1888248797095018375           14        4.02                
1888248797095018375           15        2.36                
