Sim_N                         Day       AVG_SF_per_Day      
3556589691494957749           1         4.99                
3556589691494957749           2         4.51                
3556589691494957749           3         4.91                
3556589691494957749           4         4.77                
3556589691494957749           5         4.97                
3556589691494957749           6         2.61                
3556589691494957749           7         1.97                
3556589691494957749           8         2.43                
3556589691494957749           9         2.93                
3556589691494957749           10        2.03                
3556589691494957749           11        3.37                
3556589691494957749           12        2.48                
3556589691494957749           13        2.42                
3556589691494957749           14        2.26                
3556589691494957749           15        2.89                
