Sim_N                         Day       AVG_SF_per_Day      
6854714925066268880           1         5.00                
6854714925066268880           2         5.00                
6854714925066268880           3         4.92                
6854714925066268880           4         4.49                
6854714925066268880           5         4.74                
6854714925066268880           6         3.89                
6854714925066268880           7         3.38                
6854714925066268880           8         3.72                
6854714925066268880           9         1.63                
6854714925066268880           10        3.05                
6854714925066268880           11        3.22                
6854714925066268880           12        1.77                
6854714925066268880           13        1.91                
6854714925066268880           14        1.81                
6854714925066268880           15        0.80                
