Sim_N                         Day       AVG_SF_per_Day      
1490978973272347573           1         4.99                
1490978973272347573           2         4.35                
1490978973272347573           3         4.44                
1490978973272347573           4         4.92                
1490978973272347573           5         4.80                
1490978973272347573           6         4.82                
1490978973272347573           7         3.60                
1490978973272347573           8         2.98                
1490978973272347573           9         3.61                
1490978973272347573           10        3.65                
1490978973272347573           11        3.29                
1490978973272347573           12        4.37                
1490978973272347573           13        4.31                
1490978973272347573           14        4.89                
1490978973272347573           15        1.72                
