Sim_N                         Day       AVG_SF_per_Day      
7870800033129001810           1         5.00                
7870800033129001810           2         3.73                
7870800033129001810           3         2.50                
7870800033129001810           4         2.68                
7870800033129001810           5         1.66                
7870800033129001810           6         1.58                
7870800033129001810           7         1.83                
7870800033129001810           8         1.60                
7870800033129001810           9         2.89                
7870800033129001810           10        3.50                
7870800033129001810           11        1.94                
7870800033129001810           12        2.22                
7870800033129001810           13        2.27                
7870800033129001810           14        2.14                
7870800033129001810           15        0.90                
