Sim_N                         Day       AVG_SF_per_Day      
8338783450188555712           1         4.99                
8338783450188555712           2         5.00                
8338783450188555712           3         4.98                
8338783450188555712           4         4.35                
8338783450188555712           5         3.76                
8338783450188555712           6         5.00                
8338783450188555712           7         5.00                
8338783450188555712           8         4.71                
8338783450188555712           9         4.91                
8338783450188555712           10        3.94                
8338783450188555712           11        4.51                
8338783450188555712           12        4.37                
8338783450188555712           13        4.94                
8338783450188555712           14        4.97                
8338783450188555712           15        5.00                
