Sim_N                         Day       AVG_SF_per_Day      
1952636817566365975           1         4.67                
1952636817566365975           2         3.62                
1952636817566365975           3         3.59                
1952636817566365975           4         3.88                
1952636817566365975           5         2.90                
1952636817566365975           6         2.39                
1952636817566365975           7         2.18                
1952636817566365975           8         2.60                
1952636817566365975           9         3.16                
1952636817566365975           10        2.52                
1952636817566365975           11        1.39                
1952636817566365975           12        2.37                
1952636817566365975           13        2.39                
1952636817566365975           14        3.20                
1952636817566365975           15        1.76                
