Sim_N                         Day       AVG_SF_per_Day      
8169872879496839572           1         4.93                
8169872879496839572           2         4.61                
8169872879496839572           3         4.39                
8169872879496839572           4         2.28                
8169872879496839572           5         1.51                
8169872879496839572           6         0.73                
8169872879496839572           7         1.16                
8169872879496839572           8         2.54                
8169872879496839572           9         2.02                
8169872879496839572           10        1.63                
8169872879496839572           11        1.79                
8169872879496839572           12        1.31                
8169872879496839572           13        3.34                
8169872879496839572           14        3.26                
8169872879496839572           15        1.90                
