Sim_N                         Day       AVG_SF_per_Day      
5842892764437400197           1         5.00                
5842892764437400197           2         4.97                
5842892764437400197           3         5.00                
5842892764437400197           4         4.80                
5842892764437400197           5         4.05                
5842892764437400197           6         2.07                
5842892764437400197           7         1.94                
5842892764437400197           8         1.46                
5842892764437400197           9         2.64                
5842892764437400197           10        1.29                
5842892764437400197           11        1.78                
5842892764437400197           12        2.41                
5842892764437400197           13        1.41                
5842892764437400197           14        2.44                
5842892764437400197           15        2.12                
