Sim_N                         Day       AVG_SF_per_Day      
1290654493698043768           1         4.44                
1290654493698043768           2         3.79                
1290654493698043768           3         4.23                
1290654493698043768           4         4.47                
1290654493698043768           5         4.64                
1290654493698043768           6         4.21                
1290654493698043768           7         4.50                
1290654493698043768           8         3.58                
1290654493698043768           9         4.04                
1290654493698043768           10        3.48                
1290654493698043768           11        2.95                
1290654493698043768           12        4.63                
1290654493698043768           13        4.14                
1290654493698043768           14        3.80                
1290654493698043768           15        4.84                
