Sim_N                         Day       AVG_SF_per_Day      
3639534454861823260           1         5.00                
3639534454861823260           2         4.80                
3639534454861823260           3         3.91                
3639534454861823260           4         3.56                
3639534454861823260           5         3.55                
3639534454861823260           6         4.92                
3639534454861823260           7         4.96                
3639534454861823260           8         3.71                
3639534454861823260           9         4.30                
3639534454861823260           10        4.30                
3639534454861823260           11        3.64                
3639534454861823260           12        4.81                
3639534454861823260           13        3.69                
3639534454861823260           14        4.34                
3639534454861823260           15        4.97                
