Sim_N                         Day       AVG_SF_per_Day      
1317026500237693204           1         4.04                
1317026500237693204           2         4.62                
1317026500237693204           3         3.53                
1317026500237693204           4         4.02                
1317026500237693204           5         4.85                
1317026500237693204           6         4.88                
1317026500237693204           7         4.79                
1317026500237693204           8         4.30                
1317026500237693204           9         4.29                
1317026500237693204           10        4.09                
1317026500237693204           11        3.87                
1317026500237693204           12        3.64                
1317026500237693204           13        3.65                
1317026500237693204           14        4.88                
1317026500237693204           15        4.99                
