Sim_N                         Day       AVG_SF_per_Day      
2334352911156207602           1         4.06                
2334352911156207602           2         4.54                
2334352911156207602           3         4.17                
2334352911156207602           4         4.34                
2334352911156207602           5         4.76                
2334352911156207602           6         3.90                
2334352911156207602           7         4.96                
2334352911156207602           8         4.69                
2334352911156207602           9         4.84                
2334352911156207602           10        5.00                
2334352911156207602           11        2.74                
2334352911156207602           12        4.54                
2334352911156207602           13        4.99                
2334352911156207602           14        4.98                
2334352911156207602           15        4.99                
