Sim_N                         Day       AVG_SF_per_Day      
605796905252095719            1         3.85                
605796905252095719            2         4.86                
605796905252095719            3         4.68                
605796905252095719            4         4.29                
605796905252095719            5         4.19                
605796905252095719            6         3.77                
605796905252095719            7         4.11                
605796905252095719            8         4.03                
605796905252095719            9         3.99                
605796905252095719            10        3.81                
605796905252095719            11        3.65                
605796905252095719            12        2.96                
605796905252095719            13        3.64                
605796905252095719            14        4.65                
605796905252095719            15        4.18                
