Sim_N                         Day       AVG_SF_per_Day      
1021268470082569989           1         4.73                
1021268470082569989           2         4.16                
1021268470082569989           3         4.29                
1021268470082569989           4         3.14                
1021268470082569989           5         4.02                
1021268470082569989           6         4.26                
1021268470082569989           7         4.27                
1021268470082569989           8         3.19                
1021268470082569989           9         3.46                
1021268470082569989           10        3.70                
1021268470082569989           11        4.94                
1021268470082569989           12        4.38                
1021268470082569989           13        3.87                
1021268470082569989           14        4.17                
1021268470082569989           15        4.45                
