Sim_N                         Day       AVG_SF_per_Day      
275073580241798410            1         4.61                
275073580241798410            2         4.01                
275073580241798410            3         3.86                
275073580241798410            4         3.87                
275073580241798410            5         3.82                
275073580241798410            6         4.41                
275073580241798410            7         4.95                
275073580241798410            8         3.95                
275073580241798410            9         4.94                
275073580241798410            10        3.80                
275073580241798410            11        3.70                
275073580241798410            12        4.51                
275073580241798410            13        4.40                
275073580241798410            14        3.70                
275073580241798410            15        4.63                
