Sim_N                         Day       AVG_SF_per_Day      
8537212946733137857           1         4.66                
8537212946733137857           2         3.71                
8537212946733137857           3         3.52                
8537212946733137857           4         4.21                
8537212946733137857           5         4.72                
8537212946733137857           6         3.57                
8537212946733137857           7         4.18                
8537212946733137857           8         4.72                
8537212946733137857           9         4.76                
8537212946733137857           10        4.89                
8537212946733137857           11        4.96                
8537212946733137857           12        4.82                
8537212946733137857           13        4.92                
8537212946733137857           14        4.69                
8537212946733137857           15        4.89                
