Sim_N                         Day       AVG_SF_per_Day      
116865096398746336            1         4.60                
116865096398746336            2         2.49                
116865096398746336            3         4.35                
116865096398746336            4         3.80                
116865096398746336            5         4.66                
116865096398746336            6         3.82                
116865096398746336            7         4.98                
116865096398746336            8         4.26                
116865096398746336            9         4.01                
116865096398746336            10        3.89                
116865096398746336            11        4.52                
116865096398746336            12        4.98                
116865096398746336            13        4.40                
116865096398746336            14        3.84                
116865096398746336            15        4.95                
