Sim_N                         Day       AVG_SF_per_Day      
2183744932600638752           1         3.86                
2183744932600638752           2         4.79                
2183744932600638752           3         4.42                
2183744932600638752           4         4.47                
2183744932600638752           5         4.96                
2183744932600638752           6         4.15                
2183744932600638752           7         4.99                
2183744932600638752           8         4.55                
2183744932600638752           9         3.12                
2183744932600638752           10        3.99                
2183744932600638752           11        4.67                
2183744932600638752           12        3.95                
2183744932600638752           13        3.96                
2183744932600638752           14        4.44                
2183744932600638752           15        4.79                
