Sim_N                         Day       AVG_SF_per_Day      
700242403412160912            1         3.25                
700242403412160912            2         4.69                
700242403412160912            3         4.11                
700242403412160912            4         4.93                
700242403412160912            5         4.66                
700242403412160912            6         3.34                
700242403412160912            7         3.97                
700242403412160912            8         4.24                
700242403412160912            9         4.92                
700242403412160912            10        4.74                
700242403412160912            11        3.21                
700242403412160912            12        3.06                
700242403412160912            13        4.51                
700242403412160912            14        3.84                
700242403412160912            15        4.76                
