Sim_N                         Day       Time      New_Patients        Waiting        Assigned  Discharged     Beds_Avail_EOH 
1409609853233345120           1         0:00      2                   0              2         0              13             
1409609853233345120           1         1:00      4                   0              2         2              13             
1409609853233345120           1         2:00      0                   0              2         0              13             
1409609853233345120           1         3:00      5                   0              6         0              9              
1409609853233345120           1         4:00      1                   0              7         0              8              
1409609853233345120           1         5:00      1                   0              6         2              9              
1409609853233345120           1         6:00      4                   0              8         1              7              
1409609853233345120           1         7:00      3                   0              8         2              7              
1409609853233345120           1         8:00      4                   0              9         2              6              
1409609853233345120           1         9:00      5                   0              11        3              4              
1409609853233345120           1         10:00     5                   0              13        3              2              
1409609853233345120           1         11:00     2                   0              12        3              3              
1409609853233345120           1         12:00     5                   0              10        7              5              
1409609853233345120           1         13:00     4                   0              12        2              3              
1409609853233345120           1         14:00     1                   0              10        3              5              
1409609853233345120           1         15:00     4                   0              12        2              3              
1409609853233345120           1         16:00     2                   0              12        2              3              
1409609853233345120           1         17:00     3                   0              12        3              3              
1409609853233345120           1         18:00     0                   0              9         3              6              
1409609853233345120           1         19:00     2                   0              9         1              6              
1409609853233345120           1         20:00     4                   0              12        1              3              
1409609853233345120           1         21:00     4                   0              15        0              0              
1409609853233345120           1         22:00     3                   0              15        3              0              
1409609853233345120           1         23:00     1                   0              11        5              4              
1409609853233345120           2         0:00      3                   0              12        2              3              
1409609853233345120           2         1:00      4                   0              13        1              2              
1409609853233345120           2         2:00      2                   0              12        3              3              
1409609853233345120           2         3:00      5                   0              13        3              2              
1409609853233345120           2         4:00      4                   0              12        5              3              
1409609853233345120           2         5:00      0                   0              11        1              4              
1409609853233345120           2         6:00      0                   0              9         2              6              
1409609853233345120           2         7:00      0                   0              6         3              9              
1409609853233345120           2         8:00      3                   0              8         1              7              
1409609853233345120           2         9:00      3                   0              8         3              7              
1409609853233345120           2         10:00     0                   0              7         1              8              
1409609853233345120           2         11:00     4                   0              10        1              5              
1409609853233345120           2         12:00     3                   0              11        2              4              
1409609853233345120           2         13:00     2                   0              11        2              4              
1409609853233345120           2         14:00     0                   0              10        1              5              
1409609853233345120           2         15:00     3                   0              12        1              3              
1409609853233345120           2         16:00     2                   0              6         7              9              
1409609853233345120           2         17:00     5                   0              10        1              5              
1409609853233345120           2         18:00     5                   0              12        3              3              
1409609853233345120           2         19:00     4                   0              13        3              2              
1409609853233345120           2         20:00     1                   0              9         5              6              
1409609853233345120           2         21:00     1                   0              8         2              7              
1409609853233345120           2         22:00     1                   0              8         1              7              
1409609853233345120           2         23:00     0                   0              6         2              9              
1409609853233345120           3         0:00      4                   0              7         2              8              
1409609853233345120           3         1:00      5                   0              10        2              5              
1409609853233345120           3         2:00      2                   0              9         3              6              
1409609853233345120           3         3:00      1                   0              8         2              7              
1409609853233345120           3         4:00      4                   0              10        2              5              
1409609853233345120           3         5:00      4                   0              12        1              3              
1409609853233345120           3         6:00      2                   0              12        2              3              
1409609853233345120           3         7:00      5                   0              12        5              3              
1409609853233345120           3         8:00      1                   0              10        3              5              
1409609853233345120           3         9:00      1                   0              10        1              5              
1409609853233345120           3         10:00     0                   0              9         1              6              
1409609853233345120           3         11:00     0                   0              7         2              8              
1409609853233345120           3         12:00     3                   0              7         3              8              
1409609853233345120           3         13:00     3                   0              4         6              11             
1409609853233345120           3         14:00     1                   0              3         2              12             
1409609853233345120           3         15:00     3                   0              6         0              9              
1409609853233345120           3         16:00     3                   0              7         2              8              
1409609853233345120           3         17:00     0                   0              6         1              9              
1409609853233345120           3         18:00     3                   0              8         1              7              
1409609853233345120           3         19:00     5                   0              12        1              3              
1409609853233345120           3         20:00     1                   0              9         4              6              
1409609853233345120           3         21:00     5                   0              11        3              4              
1409609853233345120           3         22:00     2                   0              12        1              3              
1409609853233345120           3         23:00     0                   0              12        0              3              
1409609853233345120           4         0:00      0                   0              9         3              6              
1409609853233345120           4         1:00      4                   0              11        2              4              
1409609853233345120           4         2:00      1                   0              11        1              4              
1409609853233345120           4         3:00      3                   0              13        1              2              
1409609853233345120           4         4:00      0                   0              11        2              4              
1409609853233345120           4         5:00      1                   0              12        0              3              
1409609853233345120           4         6:00      3                   0              11        3              4              
1409609853233345120           4         7:00      3                   0              12        1              3              
1409609853233345120           4         8:00      0                   0              10        2              5              
1409609853233345120           4         9:00      0                   0              8         2              7              
1409609853233345120           4         10:00     0                   0              6         2              9              
1409609853233345120           4         11:00     1                   0              7         0              8              
1409609853233345120           4         12:00     5                   0              11        1              4              
1409609853233345120           4         13:00     0                   0              7         4              8              
1409609853233345120           4         14:00     4                   0              8         3              7              
1409609853233345120           4         15:00     4                   0              8         4              7              
1409609853233345120           4         16:00     0                   0              5         3              10             
1409609853233345120           4         17:00     1                   0              4         2              11             
1409609853233345120           4         18:00     1                   0              4         1              11             
1409609853233345120           4         19:00     1                   0              5         0              10             
1409609853233345120           4         20:00     0                   0              4         1              11             
1409609853233345120           4         21:00     3                   0              6         1              9              
1409609853233345120           4         22:00     4                   0              6         4              9              
1409609853233345120           4         23:00     5                   0              10        1              5              
1409609853233345120           5         0:00      2                   0              11        1              4              
1409609853233345120           5         1:00      0                   0              8         3              7              
1409609853233345120           5         2:00      5                   0              10        2              5              
1409609853233345120           5         3:00      3                   0              10        3              5              
1409609853233345120           5         4:00      4                   0              12        2              3              
1409609853233345120           5         5:00      1                   0              11        2              4              
1409609853233345120           5         6:00      3                   0              11        3              4              
1409609853233345120           5         7:00      3                   0              13        1              2              
1409609853233345120           5         8:00      2                   0              14        1              1              
1409609853233345120           5         9:00      5                   0              15        3              0              
1409609853233345120           5         10:00     4                   0              14        5              1              
1409609853233345120           5         11:00     2                   0              14        2              1              
1409609853233345120           5         12:00     0                   0              12        2              3              
1409609853233345120           5         13:00     0                   0              10        2              5              
1409609853233345120           5         14:00     2                   0              11        1              4              
1409609853233345120           5         15:00     0                   0              11        0              4              
1409609853233345120           5         16:00     0                   0              9         2              6              
1409609853233345120           5         17:00     5                   0              11        3              4              
1409609853233345120           5         18:00     2                   0              10        3              5              
1409609853233345120           5         19:00     3                   0              9         3              6              
1409609853233345120           5         20:00     2                   0              10        1              5              
1409609853233345120           5         21:00     3                   0              12        1              3              
1409609853233345120           5         22:00     0                   0              8         4              7              
1409609853233345120           5         23:00     3                   0              10        1              5              
1409609853233345120           6         0:00      1                   0              10        1              5              
1409609853233345120           6         1:00      4                   0              10        4              5              
1409609853233345120           6         2:00      2                   0              9         3              6              
1409609853233345120           6         3:00      5                   0              10        4              5              
1409609853233345120           6         4:00      3                   0              12        1              3              
1409609853233345120           6         5:00      0                   0              10        2              5              
1409609853233345120           6         6:00      4                   0              12        2              3              
1409609853233345120           6         7:00      4                   0              15        1              0              
1409609853233345120           6         8:00      0                   0              13        2              2              
1409609853233345120           6         9:00      5                   1              15        2              0              
1409609853233345120           6         10:00     2                   1              15        2              0              
1409609853233345120           6         11:00     5                   3              15        3              0              
1409609853233345120           6         12:00     1                   0              15        4              0              
1409609853233345120           6         13:00     2                   0              15        2              0              
1409609853233345120           6         14:00     1                   0              13        3              2              
1409609853233345120           6         15:00     0                   0              10        3              5              
1409609853233345120           6         16:00     1                   0              9         2              6              
1409609853233345120           6         17:00     1                   0              8         2              7              
1409609853233345120           6         18:00     3                   0              7         4              8              
1409609853233345120           6         19:00     1                   0              5         3              10             
1409609853233345120           6         20:00     2                   0              5         1              10             
1409609853233345120           6         21:00     0                   0              5         0              10             
1409609853233345120           6         22:00     1                   0              5         1              10             
1409609853233345120           6         23:00     3                   0              8         0              7              
1409609853233345120           7         0:00      4                   0              10        2              5              
1409609853233345120           7         1:00      5                   0              14        1              1              
1409609853233345120           7         2:00      5                   0              15        4              0              
1409609853233345120           7         3:00      4                   0              13        5              2              
1409609853233345120           7         4:00      2                   0              13        2              2              
1409609853233345120           7         5:00      3                   0              14        2              1              
1409609853233345120           7         6:00      0                   0              12        2              3              
1409609853233345120           7         7:00      2                   0              12        2              3              
1409609853233345120           7         8:00      5                   2              15        0              0              
1409609853233345120           7         9:00      5                   5              15        2              0              
1409609853233345120           7         10:00     5                   6              15        3              0              
1409609853233345120           7         11:00     1                   6              15        1              0              
1409609853233345120           7         12:00     2                   7              15        1              0              
1409609853233345120           7         13:00     1                   6              15        2              0              
1409609853233345120           7         14:00     4                   8              15        2              0              
1409609853233345120           7         15:00     5                   11             15        2              0              
1409609853233345120           7         16:00     1                   12             15        0              0              
1409609853233345120           7         17:00     1                   11             15        2              0              
1409609853233345120           7         18:00     1                   12             15        0              0              
1409609853233345120           7         19:00     0                   7              15        5              0              
1409609853233345120           7         20:00     0                   0              15        7              0              
1409609853233345120           7         21:00     2                   0              14        3              1              
1409609853233345120           7         22:00     2                   0              14        2              1              
1409609853233345120           7         23:00     3                   0              15        2              0              
1409609853233345120           8         0:00      0                   0              12        3              3              
1409609853233345120           8         1:00      5                   0              14        3              1              
1409609853233345120           8         2:00      2                   0              15        1              0              
1409609853233345120           8         3:00      0                   0              12        3              3              
1409609853233345120           8         4:00      3                   0              13        2              2              
1409609853233345120           8         5:00      5                   0              13        5              2              
1409609853233345120           8         6:00      2                   0              12        3              3              
1409609853233345120           8         7:00      3                   0              15        0              0              
1409609853233345120           8         8:00      4                   1              15        2              0              
1409609853233345120           8         9:00      0                   0              12        4              3              
1409609853233345120           8         10:00     0                   0              9         3              6              
1409609853233345120           8         11:00     1                   0              10        0              5              
1409609853233345120           8         12:00     5                   0              13        2              2              
1409609853233345120           8         13:00     5                   0              15        3              0              
1409609853233345120           8         14:00     3                   2              15        1              0              
1409609853233345120           8         15:00     5                   5              15        2              0              
1409609853233345120           8         16:00     2                   2              15        5              0              
1409609853233345120           8         17:00     2                   1              15        3              0              
1409609853233345120           8         18:00     2                   0              15        3              0              
1409609853233345120           8         19:00     5                   1              15        2              0              
1409609853233345120           8         20:00     1                   0              13        4              2              
1409609853233345120           8         21:00     5                   0              15        3              0              
1409609853233345120           8         22:00     3                   0              14        4              1              
1409609853233345120           8         23:00     3                   0              14        3              1              
1409609853233345120           9         0:00      2                   0              14        2              1              
1409609853233345120           9         1:00      1                   0              11        4              4              
1409609853233345120           9         2:00      3                   0              12        2              3              
1409609853233345120           9         3:00      0                   0              9         3              6              
1409609853233345120           9         4:00      2                   0              11        0              4              
1409609853233345120           9         5:00      5                   0              14        2              1              
1409609853233345120           9         6:00      1                   0              12        3              3              
1409609853233345120           9         7:00      4                   0              13        3              2              
1409609853233345120           9         8:00      0                   0              9         4              6              
1409609853233345120           9         9:00      3                   0              11        1              4              
1409609853233345120           9         10:00     3                   0              10        4              5              
1409609853233345120           9         11:00     5                   0              12        2              3              
1409609853233345120           9         12:00     5                   0              13        4              2              
1409609853233345120           9         13:00     1                   0              13        1              2              
1409609853233345120           9         14:00     1                   0              12        2              3              
1409609853233345120           9         15:00     4                   0              15        1              0              
1409609853233345120           9         16:00     4                   4              15        0              0              
1409609853233345120           9         17:00     5                   7              15        2              0              
1409609853233345120           9         18:00     3                   9              15        1              0              
1409609853233345120           9         19:00     2                   8              15        3              0              
1409609853233345120           9         20:00     2                   6              15        4              0              
1409609853233345120           9         21:00     3                   3              15        6              0              
1409609853233345120           9         22:00     5                   6              15        1              0              
1409609853233345120           9         23:00     5                   3              15        7              0              
1409609853233345120           10        0:00      5                   6              15        2              0              
1409609853233345120           10        1:00      4                   8              15        2              0              
1409609853233345120           10        2:00      2                   8              15        2              0              
1409609853233345120           10        3:00      4                   9              15        2              0              
1409609853233345120           10        4:00      2                   7              15        4              0              
1409609853233345120           10        5:00      4                   7              15        4              0              
1409609853233345120           10        6:00      3                   6              15        4              0              
1409609853233345120           10        7:00      1                   2              15        5              0              
1409609853233345120           10        8:00      4                   5              15        1              0              
1409609853233345120           10        9:00      4                   5              15        4              0              
1409609853233345120           10        10:00     5                   8              15        2              0              
1409609853233345120           10        11:00     3                   10             15        1              0              
1409609853233345120           10        12:00     2                   12             15        0              0              
1409609853233345120           10        13:00     5                   7              15        9              0              
1409609853233345120           10        14:00     4                   7              15        4              0              
1409609853233345120           10        15:00     5                   7              15        4              0              
1409609853233345120           10        16:00     3                   8              15        2              0              
1409609853233345120           10        17:00     4                   11             15        1              0              
1409609853233345120           10        18:00     2                   11             15        2              0              
1409609853233345120           10        19:00     5                   16             15        0              0              
1409609853233345120           10        20:00     1                   16             15        1              0              
1409609853233345120           10        21:00     1                   17             15        0              0              
1409609853233345120           10        22:00     5                   19             15        3              0              
1409609853233345120           10        23:00     3                   20             15        2              0              
1409609853233345120           11        0:00      5                   22             15        3              0              
1409609853233345120           11        1:00      4                   23             15        3              0              
1409609853233345120           11        2:00      2                   25             15        0              0              
1409609853233345120           11        3:00      2                   22             15        5              0              
1409609853233345120           11        4:00      3                   23             15        2              0              
1409609853233345120           11        5:00      0                   21             15        2              0              
1409609853233345120           11        6:00      2                   18             15        5              0              
1409609853233345120           11        7:00      0                   15             15        3              0              
1409609853233345120           11        8:00      2                   10             15        7              0              
1409609853233345120           11        9:00      1                   8              15        3              0              
1409609853233345120           11        10:00     5                   11             15        2              0              
1409609853233345120           11        11:00     4                   13             15        2              0              
1409609853233345120           11        12:00     5                   14             15        4              0              
1409609853233345120           11        13:00     3                   13             15        4              0              
1409609853233345120           11        14:00     0                   8              15        5              0              
1409609853233345120           11        15:00     2                   8              15        2              0              
1409609853233345120           11        16:00     3                   10             15        1              0              
1409609853233345120           11        17:00     1                   11             15        0              0              
1409609853233345120           11        18:00     5                   15             15        1              0              
1409609853233345120           11        19:00     2                   16             15        1              0              
1409609853233345120           11        20:00     2                   16             15        2              0              
1409609853233345120           11        21:00     4                   15             15        5              0              
1409609853233345120           11        22:00     1                   14             15        2              0              
1409609853233345120           11        23:00     4                   16             15        2              0              
1409609853233345120           12        0:00      2                   17             15        1              0              
1409609853233345120           12        1:00      2                   18             15        1              0              
1409609853233345120           12        2:00      3                   18             15        3              0              
1409609853233345120           12        3:00      0                   14             15        4              0              
1409609853233345120           12        4:00      3                   16             15        1              0              
1409609853233345120           12        5:00      1                   11             15        6              0              
1409609853233345120           12        6:00      1                   9              15        3              0              
1409609853233345120           12        7:00      2                   9              15        2              0              
1409609853233345120           12        8:00      0                   5              15        4              0              
1409609853233345120           12        9:00      3                   5              15        3              0              
1409609853233345120           12        10:00     4                   9              15        0              0              
1409609853233345120           12        11:00     5                   14             15        0              0              
1409609853233345120           12        12:00     4                   16             15        2              0              
1409609853233345120           12        13:00     3                   17             15        2              0              
1409609853233345120           12        14:00     0                   14             15        3              0              
1409609853233345120           12        15:00     4                   16             15        2              0              
1409609853233345120           12        16:00     5                   20             15        1              0              
1409609853233345120           12        17:00     1                   18             15        3              0              
1409609853233345120           12        18:00     1                   13             15        6              0              
1409609853233345120           12        19:00     5                   12             15        6              0              
1409609853233345120           12        20:00     1                   7              15        6              0              
1409609853233345120           12        21:00     4                   7              15        3              0              
1409609853233345120           12        22:00     1                   6              15        2              0              
1409609853233345120           12        23:00     4                   10             15        0              0              
1409609853233345120           13        0:00      5                   11             15        4              0              
1409609853233345120           13        1:00      1                   9              15        3              0              
1409609853233345120           13        2:00      1                   8              15        2              0              
1409609853233345120           13        3:00      3                   6              15        5              0              
1409609853233345120           13        4:00      0                   6              15        0              0              
1409609853233345120           13        5:00      1                   5              15        2              0              
1409609853233345120           13        6:00      2                   2              15        5              0              
1409609853233345120           13        7:00      1                   3              15        0              0              
1409609853233345120           13        8:00      4                   3              15        4              0              
1409609853233345120           13        9:00      0                   0              15        3              0              
1409609853233345120           13        10:00     1                   0              13        3              2              
1409609853233345120           13        11:00     0                   0              12        1              3              
1409609853233345120           13        12:00     4                   0              13        3              2              
1409609853233345120           13        13:00     2                   0              14        1              1              
1409609853233345120           13        14:00     5                   3              15        1              0              
1409609853233345120           13        15:00     2                   3              15        2              0              
1409609853233345120           13        16:00     2                   0              13        6              2              
1409609853233345120           13        17:00     3                   0              14        2              1              
1409609853233345120           13        18:00     2                   0              14        1              1              
1409609853233345120           13        19:00     0                   0              13        1              2              
1409609853233345120           13        20:00     2                   0              11        4              4              
1409609853233345120           13        21:00     2                   0              10        3              5              
1409609853233345120           13        22:00     2                   0              9         3              6              
1409609853233345120           13        23:00     4                   0              11        2              4              
1409609853233345120           14        0:00      2                   0              11        2              4              
1409609853233345120           14        1:00      0                   0              9         2              6              
1409609853233345120           14        2:00      1                   0              8         2              7              
1409609853233345120           14        3:00      4                   0              10        2              5              
1409609853233345120           14        4:00      0                   0              9         1              6              
1409609853233345120           14        5:00      4                   0              10        2              5              
1409609853233345120           14        6:00      5                   0              9         6              6              
1409609853233345120           14        7:00      1                   0              7         3              8              
1409609853233345120           14        8:00      5                   0              10        2              5              
1409609853233345120           14        9:00      3                   0              12        1              3              
1409609853233345120           14        10:00     3                   0              13        2              2              
1409609853233345120           14        11:00     3                   1              15        0              0              
1409609853233345120           14        12:00     1                   0              13        4              2              
1409609853233345120           14        13:00     5                   0              14        4              1              
1409609853233345120           14        14:00     4                   0              15        3              0              
1409609853233345120           14        15:00     0                   0              12        3              3              
1409609853233345120           14        16:00     0                   0              9         3              6              
1409609853233345120           14        17:00     2                   0              10        1              5              
1409609853233345120           14        18:00     4                   0              12        2              3              
1409609853233345120           14        19:00     5                   0              14        1              1              
1409609853233345120           14        20:00     3                   0              10        7              5              
1409609853233345120           14        21:00     4                   0              12        1              3              
1409609853233345120           14        22:00     2                   0              11        3              4              
1409609853233345120           14        23:00     1                   0              11        1              4              
1409609853233345120           15        0:00      1                   0              10        2              5              
1409609853233345120           15        1:00      1                   0              9         2              6              
1409609853233345120           15        2:00      0                   0              8         1              7              
1409609853233345120           15        3:00      3                   0              10        1              5              
1409609853233345120           15        4:00      4                   0              12        2              3              
1409609853233345120           15        5:00      2                   0              12        2              3              
1409609853233345120           15        6:00      3                   0              14        1              1              
1409609853233345120           15        7:00      0                   0              12        2              3              
1409609853233345120           15        8:00      4                   0              14        2              1              
1409609853233345120           15        9:00      5                   3              15        1              0              
1409609853233345120           15        10:00     1                   0              14        5              1              
1409609853233345120           15        11:00     3                   0              14        3              1              
1409609853233345120           15        12:00     1                   0              13        2              2              
1409609853233345120           15        13:00     3                   1              15        0              0              
1409609853233345120           15        14:00     4                   4              15        1              0              
1409609853233345120           15        15:00     3                   6              15        1              0              
1409609853233345120           15        16:00     3                   5              15        3              0              
1409609853233345120           15        17:00     3                   2              15        6              0              
1409609853233345120           15        18:00     4                   1              15        5              0              
1409609853233345120           15        19:00     5                   0              15        6              0              
1409609853233345120           15        20:00     0                   0              10        5              5              
1409609853233345120           15        21:00     4                   0              11        3              4              
1409609853233345120           15        22:00     0                   0              10        1              5              
1409609853233345120           15        23:00     1                   0              10        1              5              
