Sim_N                         Day       Time      New_Patients        Waiting        Assigned  Discharged     Beds_Avail_EOH 
7670597199140741695           1         0:00      0                   0              0         0              15             
7670597199140741695           1         1:00      2                   0              2         0              13             
7670597199140741695           1         2:00      3                   0              5         0              10             
7670597199140741695           1         3:00      3                   0              6         2              9              
7670597199140741695           1         4:00      2                   0              5         3              10             
7670597199140741695           1         5:00      1                   0              6         0              9              
7670597199140741695           1         6:00      3                   0              8         1              7              
7670597199140741695           1         7:00      5                   0              10        3              5              
7670597199140741695           1         8:00      0                   0              9         1              6              
7670597199140741695           1         9:00      2                   0              11        0              4              
7670597199140741695           1         10:00     1                   0              10        2              5              
7670597199140741695           1         11:00     3                   0              9         4              6              
7670597199140741695           1         12:00     1                   0              9         1              6              
7670597199140741695           1         13:00     4                   0              11        2              4              
7670597199140741695           1         14:00     3                   0              10        4              5              
7670597199140741695           1         15:00     5                   0              15        0              0              
7670597199140741695           1         16:00     5                   2              15        3              0              
7670597199140741695           1         17:00     2                   4              15        0              0              
7670597199140741695           1         18:00     1                   0              15        5              0              
7670597199140741695           1         19:00     1                   0              15        1              0              
7670597199140741695           1         20:00     0                   0              11        4              4              
7670597199140741695           1         21:00     0                   0              11        0              4              
7670597199140741695           1         22:00     2                   0              10        2              5              
7670597199140741695           1         23:00     1                   0              7         4              8              
7670597199140741695           2         0:00      3                   0              10        0              5              
7670597199140741695           2         1:00      0                   0              8         2              7              
7670597199140741695           2         2:00      1                   0              7         2              8              
7670597199140741695           2         3:00      1                   0              6         2              9              
7670597199140741695           2         4:00      3                   0              8         1              7              
7670597199140741695           2         5:00      5                   0              10        3              5              
7670597199140741695           2         6:00      3                   0              12        1              3              
7670597199140741695           2         7:00      1                   0              12        1              3              
7670597199140741695           2         8:00      1                   0              12        1              3              
7670597199140741695           2         9:00      3                   0              14        1              1              
7670597199140741695           2         10:00     0                   0              11        3              4              
7670597199140741695           2         11:00     5                   0              14        2              1              
7670597199140741695           2         12:00     2                   1              15        0              0              
7670597199140741695           2         13:00     2                   2              15        1              0              
7670597199140741695           2         14:00     3                   3              15        2              0              
7670597199140741695           2         15:00     3                   2              15        4              0              
7670597199140741695           2         16:00     5                   4              15        3              0              
7670597199140741695           2         17:00     2                   3              15        3              0              
7670597199140741695           2         18:00     0                   2              15        1              0              
7670597199140741695           2         19:00     5                   2              15        4              0              
7670597199140741695           2         20:00     0                   0              14        3              1              
7670597199140741695           2         21:00     2                   0              12        4              3              
7670597199140741695           2         22:00     1                   0              12        1              3              
7670597199140741695           2         23:00     3                   0              14        1              1              
7670597199140741695           3         0:00      1                   0              10        5              5              
7670597199140741695           3         1:00      0                   0              9         1              6              
7670597199140741695           3         2:00      3                   0              10        2              5              
7670597199140741695           3         3:00      1                   0              9         2              6              
7670597199140741695           3         4:00      3                   0              9         3              6              
7670597199140741695           3         5:00      2                   0              7         4              8              
7670597199140741695           3         6:00      5                   0              8         4              7              
7670597199140741695           3         7:00      2                   0              7         3              8              
7670597199140741695           3         8:00      1                   0              8         0              7              
7670597199140741695           3         9:00      1                   0              7         2              8              
7670597199140741695           3         10:00     5                   0              11        1              4              
7670597199140741695           3         11:00     0                   0              5         6              10             
7670597199140741695           3         12:00     4                   0              8         1              7              
7670597199140741695           3         13:00     4                   0              9         3              6              
7670597199140741695           3         14:00     1                   0              8         2              7              
7670597199140741695           3         15:00     0                   0              5         3              10             
7670597199140741695           3         16:00     0                   0              5         0              10             
7670597199140741695           3         17:00     5                   0              7         2              8              
7670597199140741695           3         18:00     4                   0              10        1              5              
7670597199140741695           3         19:00     3                   0              11        2              4              
7670597199140741695           3         20:00     5                   0              12        3              3              
7670597199140741695           3         21:00     5                   0              11        6              4              
7670597199140741695           3         22:00     1                   0              10        2              5              
7670597199140741695           3         23:00     2                   0              12        0              3              
7670597199140741695           4         0:00      3                   0              15        0              0              
7670597199140741695           4         1:00      0                   0              14        1              1              
7670597199140741695           4         2:00      4                   2              15        1              0              
7670597199140741695           4         3:00      4                   5              15        1              0              
7670597199140741695           4         4:00      5                   6              15        4              0              
7670597199140741695           4         5:00      5                   7              15        4              0              
7670597199140741695           4         6:00      5                   11             15        1              0              
7670597199140741695           4         7:00      0                   10             15        1              0              
7670597199140741695           4         8:00      4                   12             15        2              0              
7670597199140741695           4         9:00      2                   11             15        3              0              
7670597199140741695           4         10:00     4                   12             15        3              0              
7670597199140741695           4         11:00     2                   8              15        6              0              
7670597199140741695           4         12:00     4                   9              15        3              0              
7670597199140741695           4         13:00     3                   7              15        5              0              
7670597199140741695           4         14:00     4                   9              15        2              0              
7670597199140741695           4         15:00     5                   11             15        2              0              
7670597199140741695           4         16:00     4                   11             15        4              0              
7670597199140741695           4         17:00     3                   10             15        4              0              
7670597199140741695           4         18:00     0                   7              15        3              0              
7670597199140741695           4         19:00     5                   8              15        2              0              
7670597199140741695           4         20:00     2                   7              15        3              0              
7670597199140741695           4         21:00     5                   7              15        4              0              
7670597199140741695           4         22:00     5                   7              15        5              0              
7670597199140741695           4         23:00     0                   5              15        2              0              
7670597199140741695           5         0:00      0                   4              15        1              0              
7670597199140741695           5         1:00      3                   6              15        1              0              
7670597199140741695           5         2:00      4                   6              15        3              0              
7670597199140741695           5         3:00      5                   5              15        6              0              
7670597199140741695           5         4:00      2                   5              15        2              0              
7670597199140741695           5         5:00      3                   6              15        2              0              
7670597199140741695           5         6:00      5                   10             15        0              0              
7670597199140741695           5         7:00      0                   6              15        4              0              
7670597199140741695           5         8:00      5                   9              15        2              0              
7670597199140741695           5         9:00      0                   7              15        2              0              
7670597199140741695           5         10:00     2                   5              15        4              0              
7670597199140741695           5         11:00     5                   5              15        5              0              
7670597199140741695           5         12:00     1                   2              15        3              0              
7670597199140741695           5         13:00     3                   5              15        0              0              
7670597199140741695           5         14:00     1                   2              15        4              0              
7670597199140741695           5         15:00     3                   1              15        4              0              
7670597199140741695           5         16:00     1                   1              15        1              0              
7670597199140741695           5         17:00     4                   0              15        5              0              
7670597199140741695           5         18:00     2                   0              13        4              2              
7670597199140741695           5         19:00     5                   2              15        1              0              
7670597199140741695           5         20:00     4                   4              15        2              0              
7670597199140741695           5         21:00     4                   6              15        2              0              
7670597199140741695           5         22:00     5                   10             15        0              0              
7670597199140741695           5         23:00     4                   11             15        3              0              
7670597199140741695           6         0:00      4                   14             15        1              0              
7670597199140741695           6         1:00      2                   12             15        4              0              
7670597199140741695           6         2:00      4                   13             15        3              0              
7670597199140741695           6         3:00      3                   14             15        2              0              
7670597199140741695           6         4:00      2                   13             15        3              0              
7670597199140741695           6         5:00      4                   15             15        2              0              
7670597199140741695           6         6:00      1                   11             15        5              0              
7670597199140741695           6         7:00      0                   10             15        1              0              
7670597199140741695           6         8:00      1                   9              15        2              0              
7670597199140741695           6         9:00      1                   8              15        2              0              
7670597199140741695           6         10:00     3                   6              15        5              0              
7670597199140741695           6         11:00     0                   0              15        6              0              
7670597199140741695           6         12:00     1                   0              15        1              0              
7670597199140741695           6         13:00     4                   2              15        2              0              
7670597199140741695           6         14:00     2                   0              15        4              0              
7670597199140741695           6         15:00     0                   0              11        4              4              
7670597199140741695           6         16:00     2                   0              11        2              4              
7670597199140741695           6         17:00     4                   0              12        3              3              
7670597199140741695           6         18:00     4                   0              13        3              2              
7670597199140741695           6         19:00     3                   0              15        1              0              
7670597199140741695           6         20:00     3                   1              15        2              0              
7670597199140741695           6         21:00     5                   3              15        3              0              
7670597199140741695           6         22:00     3                   5              15        1              0              
7670597199140741695           6         23:00     5                   9              15        1              0              
7670597199140741695           7         0:00      0                   7              15        2              0              
7670597199140741695           7         1:00      2                   8              15        1              0              
7670597199140741695           7         2:00      4                   12             15        0              0              
7670597199140741695           7         3:00      1                   13             15        0              0              
7670597199140741695           7         4:00      1                   11             15        3              0              
7670597199140741695           7         5:00      1                   11             15        1              0              
7670597199140741695           7         6:00      3                   11             15        2              0              
7670597199140741695           7         7:00      3                   12             15        1              0              
7670597199140741695           7         8:00      2                   10             15        4              0              
7670597199140741695           7         9:00      3                   9              15        4              0              
7670597199140741695           7         10:00     1                   5              15        5              0              
7670597199140741695           7         11:00     0                   2              15        3              0              
7670597199140741695           7         12:00     2                   2              15        2              0              
7670597199140741695           7         13:00     4                   3              15        3              0              
7670597199140741695           7         14:00     3                   6              15        0              0              
7670597199140741695           7         15:00     1                   6              15        1              0              
7670597199140741695           7         16:00     1                   3              15        4              0              
7670597199140741695           7         17:00     2                   1              15        4              0              
7670597199140741695           7         18:00     3                   0              15        4              0              
7670597199140741695           7         19:00     3                   2              15        1              0              
7670597199140741695           7         20:00     0                   0              14        3              1              
7670597199140741695           7         21:00     4                   3              15        0              0              
7670597199140741695           7         22:00     2                   3              15        2              0              
7670597199140741695           7         23:00     5                   3              15        4              0              
7670597199140741695           8         0:00      2                   3              15        2              0              
7670597199140741695           8         1:00      2                   0              15        5              0              
7670597199140741695           8         2:00      5                   0              14        6              1              
7670597199140741695           8         3:00      3                   0              14        3              1              
7670597199140741695           8         4:00      5                   0              12        7              3              
7670597199140741695           8         5:00      2                   0              12        2              3              
7670597199140741695           8         6:00      5                   0              14        3              1              
7670597199140741695           8         7:00      3                   0              15        2              0              
7670597199140741695           8         8:00      0                   0              12        3              3              
7670597199140741695           8         9:00      4                   0              14        2              1              
7670597199140741695           8         10:00     1                   0              14        1              1              
7670597199140741695           8         11:00     1                   0              12        3              3              
7670597199140741695           8         12:00     4                   0              15        1              0              
7670597199140741695           8         13:00     1                   0              14        2              1              
7670597199140741695           8         14:00     1                   0              13        2              2              
7670597199140741695           8         15:00     4                   0              13        4              2              
7670597199140741695           8         16:00     5                   0              15        2              0              
7670597199140741695           8         17:00     0                   0              13        2              2              
7670597199140741695           8         18:00     3                   0              15        1              0              
7670597199140741695           8         19:00     3                   1              15        2              0              
7670597199140741695           8         20:00     4                   1              15        4              0              
7670597199140741695           8         21:00     3                   0              15        4              0              
7670597199140741695           8         22:00     5                   3              15        1              0              
7670597199140741695           8         23:00     3                   6              15        0              0              
7670597199140741695           9         0:00      5                   3              15        8              0              
7670597199140741695           9         1:00      4                   5              15        2              0              
7670597199140741695           9         2:00      5                   9              15        1              0              
7670597199140741695           9         3:00      1                   7              15        3              0              
7670597199140741695           9         4:00      4                   9              15        2              0              
7670597199140741695           9         5:00      2                   9              15        2              0              
7670597199140741695           9         6:00      3                   10             15        2              0              
7670597199140741695           9         7:00      1                   9              15        2              0              
7670597199140741695           9         8:00      1                   8              15        2              0              
7670597199140741695           9         9:00      4                   10             15        2              0              
7670597199140741695           9         10:00     5                   9              15        6              0              
7670597199140741695           9         11:00     4                   8              15        5              0              
7670597199140741695           9         12:00     3                   7              15        4              0              
7670597199140741695           9         13:00     0                   7              15        0              0              
7670597199140741695           9         14:00     4                   7              15        4              0              
7670597199140741695           9         15:00     5                   12             15        0              0              
7670597199140741695           9         16:00     0                   8              15        4              0              
7670597199140741695           9         17:00     1                   7              15        2              0              
7670597199140741695           9         18:00     4                   5              15        6              0              
7670597199140741695           9         19:00     0                   3              15        2              0              
7670597199140741695           9         20:00     1                   1              15        3              0              
7670597199140741695           9         21:00     4                   2              15        3              0              
7670597199140741695           9         22:00     5                   1              15        5              0              
7670597199140741695           9         23:00     4                   0              15        5              0              
7670597199140741695           10        0:00      2                   1              15        1              0              
7670597199140741695           10        1:00      0                   0              15        1              0              
7670597199140741695           10        2:00      0                   0              12        3              3              
7670597199140741695           10        3:00      0                   0              10        2              5              
7670597199140741695           10        4:00      2                   0              9         3              6              
7670597199140741695           10        5:00      3                   0              11        1              4              
7670597199140741695           10        6:00      1                   0              12        0              3              
7670597199140741695           10        7:00      1                   0              10        3              5              
7670597199140741695           10        8:00      4                   0              12        2              3              
7670597199140741695           10        9:00      0                   0              10        2              5              
7670597199140741695           10        10:00     2                   0              10        2              5              
7670597199140741695           10        11:00     2                   0              9         3              6              
7670597199140741695           10        12:00     0                   0              6         3              9              
7670597199140741695           10        13:00     5                   0              9         2              6              
7670597199140741695           10        14:00     5                   0              11        2              4              
7670597199140741695           10        15:00     1                   0              10        2              5              
7670597199140741695           10        16:00     3                   0              10        3              5              
7670597199140741695           10        17:00     3                   0              12        1              3              
7670597199140741695           10        18:00     3                   0              12        3              3              
7670597199140741695           10        19:00     5                   0              15        2              0              
7670597199140741695           10        20:00     0                   0              10        5              5              
7670597199140741695           10        21:00     4                   0              9         5              6              
7670597199140741695           10        22:00     0                   0              6         3              9              
7670597199140741695           10        23:00     0                   0              6         0              9              
7670597199140741695           11        0:00      2                   0              7         1              8              
7670597199140741695           11        1:00      4                   0              10        1              5              
7670597199140741695           11        2:00      0                   0              8         2              7              
7670597199140741695           11        3:00      2                   0              7         3              8              
7670597199140741695           11        4:00      3                   0              10        0              5              
7670597199140741695           11        5:00      2                   0              12        0              3              
7670597199140741695           11        6:00      3                   0              11        4              4              
7670597199140741695           11        7:00      3                   0              12        2              3              
7670597199140741695           11        8:00      2                   0              10        4              5              
7670597199140741695           11        9:00      3                   0              10        2              5              
7670597199140741695           11        10:00     5                   0              13        2              2              
7670597199140741695           11        11:00     2                   0              12        3              3              
7670597199140741695           11        12:00     2                   0              12        1              3              
7670597199140741695           11        13:00     0                   0              11        1              4              
7670597199140741695           11        14:00     5                   1              15        0              0              
7670597199140741695           11        15:00     0                   0              11        5              4              
7670597199140741695           11        16:00     0                   0              9         2              6              
7670597199140741695           11        17:00     1                   0              8         2              7              
7670597199140741695           11        18:00     2                   0              9         1              6              
7670597199140741695           11        19:00     4                   0              9         3              6              
7670597199140741695           11        20:00     4                   0              12        1              3              
7670597199140741695           11        21:00     1                   0              10        3              5              
7670597199140741695           11        22:00     4                   0              10        4              5              
7670597199140741695           11        23:00     3                   0              10        3              5              
7670597199140741695           12        0:00      5                   0              13        2              2              
7670597199140741695           12        1:00      2                   0              15        0              0              
7670597199140741695           12        2:00      0                   0              13        2              2              
7670597199140741695           12        3:00      1                   0              12        2              3              
7670597199140741695           12        4:00      1                   0              12        1              3              
7670597199140741695           12        5:00      2                   0              13        1              2              
7670597199140741695           12        6:00      2                   0              12        3              3              
7670597199140741695           12        7:00      4                   0              15        1              0              
7670597199140741695           12        8:00      4                   0              15        4              0              
7670597199140741695           12        9:00      1                   0              12        4              3              
7670597199140741695           12        10:00     2                   0              12        2              3              
7670597199140741695           12        11:00     3                   0              15        0              0              
7670597199140741695           12        12:00     1                   0              12        4              3              
7670597199140741695           12        13:00     2                   0              12        2              3              
7670597199140741695           12        14:00     1                   0              9         4              6              
7670597199140741695           12        15:00     0                   0              5         4              10             
7670597199140741695           12        16:00     5                   0              9         1              6              
7670597199140741695           12        17:00     2                   0              7         4              8              
7670597199140741695           12        18:00     2                   0              3         6              12             
7670597199140741695           12        19:00     2                   0              5         0              10             
7670597199140741695           12        20:00     1                   0              5         1              10             
7670597199140741695           12        21:00     1                   0              6         0              9              
7670597199140741695           12        22:00     3                   0              6         3              9              
7670597199140741695           12        23:00     3                   0              8         1              7              
7670597199140741695           13        0:00      3                   0              8         2              7              
7670597199140741695           13        1:00      5                   0              13        0              2              
7670597199140741695           13        2:00      2                   0              14        1              1              
7670597199140741695           13        3:00      3                   1              15        1              0              
7670597199140741695           13        4:00      4                   3              15        2              0              
7670597199140741695           13        5:00      1                   1              15        3              0              
7670597199140741695           13        6:00      4                   2              15        2              0              
7670597199140741695           13        7:00      4                   3              15        3              0              
7670597199140741695           13        8:00      2                   3              15        2              0              
7670597199140741695           13        9:00      1                   0              13        6              2              
7670597199140741695           13        10:00     3                   0              12        4              3              
7670597199140741695           13        11:00     1                   0              11        2              4              
7670597199140741695           13        12:00     1                   0              9         3              6              
7670597199140741695           13        13:00     4                   0              11        2              4              
7670597199140741695           13        14:00     4                   0              13        2              2              
7670597199140741695           13        15:00     2                   0              12        3              3              
7670597199140741695           13        16:00     1                   0              7         6              8              
7670597199140741695           13        17:00     2                   0              6         3              9              
7670597199140741695           13        18:00     2                   0              8         0              7              
7670597199140741695           13        19:00     2                   0              9         1              6              
7670597199140741695           13        20:00     1                   0              9         1              6              
7670597199140741695           13        21:00     0                   0              6         3              9              
7670597199140741695           13        22:00     2                   0              7         1              8              
7670597199140741695           13        23:00     3                   0              7         3              8              
7670597199140741695           14        0:00      4                   0              9         2              6              
7670597199140741695           14        1:00      1                   0              8         2              7              
7670597199140741695           14        2:00      4                   0              11        1              4              
7670597199140741695           14        3:00      3                   0              13        1              2              
7670597199140741695           14        4:00      0                   0              11        2              4              
7670597199140741695           14        5:00      3                   0              10        4              5              
7670597199140741695           14        6:00      1                   0              9         2              6              
7670597199140741695           14        7:00      1                   0              9         1              6              
7670597199140741695           14        8:00      1                   0              8         2              7              
7670597199140741695           14        9:00      3                   0              9         2              6              
7670597199140741695           14        10:00     0                   0              7         2              8              
7670597199140741695           14        11:00     3                   0              8         2              7              
7670597199140741695           14        12:00     4                   0              10        2              5              
7670597199140741695           14        13:00     1                   0              8         3              7              
7670597199140741695           14        14:00     0                   0              5         3              10             
7670597199140741695           14        15:00     0                   0              4         1              11             
7670597199140741695           14        16:00     5                   0              4         4              11             
7670597199140741695           14        17:00     4                   0              8         0              7              
7670597199140741695           14        18:00     3                   0              8         3              7              
7670597199140741695           14        19:00     5                   0              13        0              2              
7670597199140741695           14        20:00     4                   0              11        6              4              
7670597199140741695           14        21:00     4                   0              11        4              4              
7670597199140741695           14        22:00     0                   0              7         4              8              
7670597199140741695           14        23:00     4                   0              8         3              7              
7670597199140741695           15        0:00      5                   0              12        1              3              
7670597199140741695           15        1:00      0                   0              9         3              6              
7670597199140741695           15        2:00      4                   0              12        1              3              
7670597199140741695           15        3:00      2                   0              12        2              3              
7670597199140741695           15        4:00      5                   0              14        3              1              
7670597199140741695           15        5:00      1                   0              13        2              2              
7670597199140741695           15        6:00      5                   0              15        3              0              
7670597199140741695           15        7:00      2                   0              12        5              3              
7670597199140741695           15        8:00      1                   0              11        2              4              
7670597199140741695           15        9:00      4                   0              14        1              1              
7670597199140741695           15        10:00     2                   0              14        2              1              
7670597199140741695           15        11:00     1                   0              11        4              4              
7670597199140741695           15        12:00     0                   0              9         2              6              
7670597199140741695           15        13:00     4                   0              11        1              4              
7670597199140741695           15        14:00     3                   0              12        2              3              
7670597199140741695           15        15:00     0                   0              8         4              7              
7670597199140741695           15        16:00     5                   0              12        1              3              
7670597199140741695           15        17:00     5                   0              15        2              0              
7670597199140741695           15        18:00     3                   1              15        2              0              
7670597199140741695           15        19:00     4                   2              15        3              0              
7670597199140741695           15        20:00     5                   6              15        1              0              
7670597199140741695           15        21:00     1                   6              15        1              0              
7670597199140741695           15        22:00     4                   7              15        3              0              
7670597199140741695           15        23:00     2                   8              15        1              0              
